0.500000 0.440679 0.500000 0.268941 0.500000 0.500000 0.500000 0.500000 0.500000 
0.500000 0.440679 0.500000 0.257399 0.500000 0.500000 0.500000 0.500000 0.500000 
0.500000 0.440679 0.314900 0.251776 0.500000 0.500000 0.500000 0.500000 0.500000 
0.500000 0.440679 0.334534 0.302842 0.500000 0.500000 0.347556 0.500000 0.500000 
0.500000 0.440679 0.351699 0.322776 0.500000 0.500000 0.338705 0.500000 0.500000 
0.500000 0.440679 0.366502 0.327243 0.500000 0.500000 0.331059 0.500000 0.500000 
0.500000 0.440679 0.379161 0.324899 0.500000 0.500000 0.324536 0.500000 0.500000 
0.500000 0.440679 0.389941 0.319857 0.500000 0.500000 0.319011 0.500000 0.500000 
0.500000 0.440679 0.399105 0.314060 0.500000 0.500000 0.314345 0.500000 0.500000 
0.500000 0.440679 0.406898 0.308399 0.500000 0.500000 0.310409 0.500000 0.500000 
0.500000 0.440679 0.413536 0.303238 0.500000 0.500000 0.307082 0.500000 0.500000 
0.500000 0.440679 0.419204 0.298691 0.500000 0.500000 0.304265 0.500000 0.500000 
0.500000 0.440679 0.424058 0.294750 0.500000 0.500000 0.301870 0.500000 0.500000 
0.500000 0.440679 0.428228 0.291362 0.500000 0.500000 0.299828 0.500000 0.500000 
0.500000 0.440679 0.431823 0.288458 0.500000 0.500000 0.298080 0.500000 0.500000 
0.500000 0.440679 0.434931 0.285968 0.500000 0.500000 0.296578 0.500000 0.500000 
0.500000 0.440679 0.437628 0.283829 0.500000 0.500000 0.295283 0.500000 0.500000 
0.500000 0.440679 0.439975 0.281988 0.500000 0.500000 0.294162 0.500000 0.500000 
0.500000 0.440679 0.442023 0.280398 0.500000 0.500000 0.293188 0.500000 0.500000 
0.500000 0.440679 0.443816 0.279021 0.370171 0.500000 0.292340 0.500000 0.500000 
0.500000 0.440679 0.437221 0.277824 0.372405 0.500000 0.291599 0.322929 0.500000 
0.500000 0.440679 0.430915 0.279103 0.373150 0.500000 0.294331 0.321953 0.500000 
0.500000 0.440679 0.424869 0.281551 0.372271 0.500000 0.296957 0.321628 0.500000 
0.500000 0.440679 0.419003 0.284526 0.370075 0.500000 0.299488 0.322012 0.500000 
0.500000 0.440679 0.413232 0.287726 0.500000 0.500000 0.301955 0.322971 0.500000 
0.500000 0.440679 0.418944 0.291024 0.500000 0.500000 0.304393 0.500000 0.500000 
0.500000 0.440679 0.423835 0.290998 0.500000 0.500000 0.301980 0.500000 0.500000 
0.500000 0.440679 0.428036 0.289555 0.500000 0.500000 0.299922 0.500000 0.500000 
0.500000 0.440679 0.431657 0.287612 0.500000 0.500000 0.298161 0.500000 0.500000 
0.500000 0.440679 0.434788 0.285594 0.500000 0.500000 0.296647 0.500000 0.500000 
0.500000 0.440679 0.437504 0.283684 0.500000 0.500000 0.295343 0.500000 0.500000 
0.500000 0.440679 0.439867 0.281952 0.500000 0.500000 0.294214 0.500000 0.500000 
0.500000 0.440679 0.441929 0.280411 0.368685 0.500000 0.293233 0.500000 0.500000 
0.500000 0.440679 0.435253 0.279054 0.370808 0.500000 0.292379 0.323580 0.500000 
0.500000 0.440679 0.428879 0.280282 0.371519 0.500000 0.295149 0.322651 0.500000 
0.500000 0.440679 0.422778 0.282730 0.370617 0.500000 0.297808 0.322340 0.500000 
0.500000 0.440679 0.416867 0.285724 0.500000 0.500000 0.300366 0.322734 0.500000 
0.500000 0.440679 0.422055 0.288952 0.500000 0.500000 0.302856 0.500000 0.500000 
0.500000 0.440679 0.426505 0.289053 0.500000 0.500000 0.300670 0.500000 0.500000 
0.500000 0.440679 0.430336 0.287806 0.500000 0.500000 0.298802 0.500000 0.500000 
0.500000 0.440679 0.433645 0.286073 0.500000 0.500000 0.297199 0.500000 0.500000 
0.500000 0.440679 0.436511 0.284252 0.500000 0.500000 0.295819 0.500000 0.500000 
0.500000 0.440679 0.439002 0.282520 0.500000 0.500000 0.294626 0.500000 0.500000 
0.500000 0.440679 0.441174 0.280942 0.500000 0.500000 0.293591 0.500000 0.500000 
0.500000 0.440679 0.443072 0.279534 0.370264 0.500000 0.292692 0.500000 0.500000 
0.500000 0.440679 0.436493 0.278292 0.372191 0.500000 0.291906 0.322889 0.500000 
0.500000 0.440679 0.430190 0.279546 0.372768 0.500000 0.294634 0.322047 0.500000 
0.500000 0.440679 0.424141 0.281982 0.371795 0.500000 0.297260 0.321795 0.500000 
0.500000 0.440679 0.418267 0.284953 0.369543 0.500000 0.299794 0.322219 0.500000 
0.500000 0.440679 0.412486 0.288156 0.500000 0.500000 0.302265 0.323204 0.500000 
0.500000 0.440679 0.418307 0.291459 0.500000 0.500000 0.304709 0.500000 0.500000 
0.500000 0.440679 0.423288 0.291403 0.500000 0.500000 0.302249 0.500000 0.500000 
0.500000 0.440679 0.427566 0.289917 0.500000 0.500000 0.300151 0.500000 0.500000 
0.500000 0.440679 0.431251 0.287929 0.500000 0.500000 0.298357 0.500000 0.500000 
0.500000 0.440679 0.434436 0.285869 0.500000 0.500000 0.296817 0.500000 0.500000 
0.500000 0.440679 0.437198 0.283923 0.500000 0.500000 0.295489 0.500000 0.500000 
0.500000 0.440679 0.439601 0.282158 0.500000 0.500000 0.294340 0.500000 0.500000 
0.500000 0.440679 0.441696 0.280590 0.500000 0.500000 0.293343 0.500000 0.500000 
0.500000 0.440679 0.443529 0.279210 0.370522 0.500000 0.292475 0.500000 0.500000 
0.500000 0.440679 0.436962 0.278000 0.372513 0.500000 0.291717 0.322776 0.500000 
0.500000 0.440679 0.430671 0.279265 0.373121 0.500000 0.294438 0.321906 0.500000 
0.500000 0.440679 0.424632 0.281703 0.372167 0.500000 0.297059 0.321641 0.500000 
0.500000 0.440679 0.418768 0.284671 0.369930 0.500000 0.299587 0.322057 0.500000 
0.500000 0.440679 0.412996 0.287867 0.500000 0.500000 0.302054 0.323035 0.500000 
0.500000 0.440679 0.418742 0.291164 0.500000 0.500000 0.304493 0.500000 0.500000 
0.500000 0.440679 0.423662 0.291128 0.500000 0.500000 0.302065 0.500000 0.500000 
0.500000 0.440679 0.427887 0.289670 0.500000 0.500000 0.299995 0.500000 0.500000 
0.500000 0.440679 0.431529 0.287713 0.500000 0.500000 0.298223 0.500000 0.500000 
0.500000 0.440679 0.434677 0.285681 0.500000 0.500000 0.296701 0.500000 0.500000 
0.500000 0.440679 0.437407 0.283760 0.500000 0.500000 0.295389 0.500000 0.500000 
0.500000 0.440679 0.439782 0.282017 0.500000 0.500000 0.294254 0.500000 0.500000 
0.500000 0.440679 0.441855 0.280468 0.500000 0.500000 0.293268 0.500000 0.500000 
0.500000 0.440679 0.443668 0.279104 0.370718 0.500000 0.292410 0.500000 0.500000 
0.500000 0.440679 0.437114 0.277907 0.372683 0.500000 0.291660 0.322690 0.500000 
0.500000 0.440679 0.430831 0.279176 0.373274 0.500000 0.294376 0.321832 0.500000 
0.500000 0.440679 0.424798 0.281612 0.372311 0.500000 0.296992 0.321574 0.500000 
0.500000 0.440679 0.418939 0.284577 0.370070 0.500000 0.299517 0.321994 0.500000 
0.500000 0.440679 0.413171 0.287770 0.500000 0.500000 0.301982 0.322974 0.500000 
0.500000 0.440679 0.418891 0.291064 0.500000 0.500000 0.304419 0.500000 0.500000 
0.500000 0.440679 0.423790 0.291034 0.500000 0.500000 0.302002 0.500000 0.500000 
0.500000 0.440679 0.427997 0.289586 0.500000 0.500000 0.299941 0.500000 0.500000 
0.500000 0.440679 0.431624 0.287639 0.500000 0.500000 0.298177 0.500000 0.500000 
0.500000 0.440679 0.434759 0.285617 0.500000 0.500000 0.296661 0.500000 0.500000 
0.500000 0.440679 0.437478 0.283704 0.500000 0.500000 0.295355 0.500000 0.500000 
0.500000 0.440679 0.439845 0.281969 0.500000 0.500000 0.294224 0.500000 0.500000 
0.500000 0.440679 0.441909 0.280426 0.500000 0.500000 0.293242 0.500000 0.500000 
0.500000 0.440679 0.443716 0.279067 0.370785 0.500000 0.292387 0.500000 0.500000 
0.500000 0.440679 0.437165 0.277876 0.372741 0.500000 0.291640 0.322661 0.500000 
0.500000 0.440679 0.430886 0.279145 0.373327 0.500000 0.294354 0.321806 0.500000 
0.500000 0.440679 0.424855 0.281581 0.372360 0.500000 0.296969 0.321551 0.500000 
0.500000 0.440679 0.418998 0.284545 0.370118 0.500000 0.299494 0.321973 0.500000 
0.500000 0.440679 0.413230 0.287737 0.500000 0.500000 0.301957 0.322953 0.500000 
0.500000 0.440679 0.418943 0.291030 0.500000 0.500000 0.304394 0.500000 0.500000 
0.500000 0.440679 0.423834 0.291002 0.500000 0.500000 0.301980 0.500000 0.500000 
0.500000 0.440679 0.428035 0.289557 0.500000 0.500000 0.299922 0.500000 0.500000 
0.500000 0.440679 0.431656 0.287614 0.500000 0.500000 0.298161 0.500000 0.500000 
0.500000 0.440679 0.434787 0.285595 0.500000 0.500000 0.296648 0.500000 0.500000 
0.500000 0.440679 0.437503 0.283685 0.500000 0.500000 0.295343 0.500000 0.500000 
0.500000 0.440679 0.439866 0.281952 0.500000 0.500000 0.294214 0.500000 0.500000 
0.500000 0.440679 0.441928 0.280411 0.368684 0.500000 0.293233 0.500000 0.500000 
