0.500000 0.440679 0.500000 0.268941 0.500000 0.500000 0.500000 0.500000 0.500000 
0.500000 0.440679 0.500000 0.257399 0.500000 0.500000 0.500000 0.500000 0.500000 
0.500000 0.440679 0.500000 0.251776 0.500000 0.500000 0.500000 0.500000 0.500000 
0.500000 0.440679 0.500000 0.249005 0.500000 0.500000 0.500000 0.500000 0.500000 
0.500000 0.440679 0.500000 0.247631 0.500000 0.500000 0.500000 0.500000 0.500000 
0.500000 0.440679 0.500000 0.246946 0.500000 0.500000 0.500000 0.500000 0.500000 
0.500000 0.440679 0.379161 0.246604 0.500000 0.500000 0.500000 0.500000 0.500000 
0.500000 0.440679 0.389941 0.284715 0.500000 0.500000 0.319011 0.500000 0.500000 
0.500000 0.440679 0.399105 0.301026 0.500000 0.500000 0.314345 0.500000 0.500000 
0.500000 0.440679 0.406898 0.306082 0.500000 0.500000 0.310409 0.500000 0.500000 
0.500000 0.440679 0.413536 0.305949 0.500000 0.500000 0.307082 0.500000 0.500000 
0.500000 0.440679 0.419204 0.303629 0.500000 0.500000 0.304265 0.500000 0.500000 
0.500000 0.440679 0.424058 0.300555 0.500000 0.500000 0.301870 0.500000 0.500000 
0.500000 0.440679 0.428228 0.297387 0.500000 0.500000 0.299828 0.500000 0.500000 
0.500000 0.440679 0.431823 0.294410 0.500000 0.500000 0.298080 0.500000 0.500000 
0.500000 0.440679 0.434931 0.291727 0.500000 0.500000 0.296578 0.500000 0.500000 
0.500000 0.440679 0.437628 0.289356 0.500000 0.500000 0.295283 0.500000 0.500000 
0.500000 0.440679 0.439975 0.287282 0.500000 0.500000 0.294162 0.500000 0.500000 
0.500000 0.440679 0.442023 0.285474 0.500000 0.500000 0.293188 0.500000 0.500000 
0.500000 0.440679 0.443816 0.283900 0.500000 0.500000 0.292340 0.500000 0.500000 
0.500000 0.440679 0.445388 0.282527 0.500000 0.500000 0.291599 0.500000 0.500000 
0.500000 0.440679 0.446771 0.281329 0.500000 0.500000 0.290950 0.500000 0.500000 
0.500000 0.440679 0.447990 0.280280 0.500000 0.500000 0.290379 0.500000 0.500000 
0.500000 0.440679 0.449066 0.279360 0.500000 0.500000 0.289877 0.500000 0.500000 
0.500000 0.440679 0.450017 0.278552 0.500000 0.500000 0.289435 0.500000 0.500000 
0.500000 0.440679 0.450860 0.277840 0.500000 0.500000 0.289043 0.500000 0.500000 
0.500000 0.440679 0.451609 0.277212 0.500000 0.500000 0.288697 0.500000 0.500000 
0.500000 0.440679 0.452273 0.276657 0.500000 0.500000 0.288390 0.500000 0.500000 
0.500000 0.440679 0.452865 0.276165 0.500000 0.500000 0.288117 0.500000 0.500000 
0.500000 0.440679 0.453391 0.275729 0.500000 0.500000 0.287874 0.500000 0.500000 
0.500000 0.440679 0.453861 0.275341 0.500000 0.500000 0.287659 0.500000 0.500000 
0.500000 0.440679 0.454280 0.274997 0.500000 0.500000 0.287466 0.500000 0.500000 
0.500000 0.440679 0.454654 0.274690 0.500000 0.500000 0.287295 0.500000 0.500000 
0.500000 0.440679 0.454989 0.274416 0.500000 0.500000 0.287141 0.500000 0.500000 
0.500000 0.440679 0.455288 0.274172 0.500000 0.500000 0.287004 0.500000 0.500000 
0.500000 0.440679 0.455556 0.273954 0.500000 0.500000 0.286882 0.500000 0.500000 
0.500000 0.440679 0.455795 0.273760 0.500000 0.500000 0.286772 0.500000 0.500000 
0.500000 0.440679 0.456010 0.273586 0.500000 0.500000 0.286674 0.500000 0.500000 
0.500000 0.440679 0.456203 0.273430 0.500000 0.500000 0.286587 0.500000 0.500000 
0.500000 0.440679 0.456375 0.273290 0.500000 0.500000 0.286508 0.500000 0.500000 
0.500000 0.440679 0.456530 0.273165 0.500000 0.500000 0.286437 0.500000 0.500000 
0.500000 0.440679 0.456669 0.273053 0.500000 0.500000 0.286374 0.500000 0.500000 
0.500000 0.440679 0.456794 0.272953 0.500000 0.500000 0.286317 0.500000 0.500000 
0.500000 0.440679 0.456906 0.272863 0.500000 0.500000 0.286266 0.500000 0.500000 
0.500000 0.440679 0.457006 0.272782 0.500000 0.500000 0.286221 0.500000 0.500000 
0.500000 0.440679 0.457097 0.272709 0.500000 0.500000 0.286179 0.500000 0.500000 
0.500000 0.440679 0.457178 0.272644 0.500000 0.500000 0.286143 0.500000 0.500000 
0.500000 0.440679 0.457251 0.272586 0.500000 0.500000 0.286109 0.500000 0.500000 
0.500000 0.440679 0.457316 0.272533 0.500000 0.500000 0.286080 0.500000 0.500000 
0.500000 0.440679 0.457375 0.272486 0.500000 0.500000 0.286053 0.500000 0.500000 
0.500000 0.440679 0.457428 0.272444 0.500000 0.500000 0.286029 0.500000 0.500000 
0.500000 0.440679 0.457476 0.272406 0.500000 0.500000 0.286007 0.500000 0.500000 
0.500000 0.440679 0.457518 0.272371 0.500000 0.500000 0.285988 0.500000 0.500000 
0.500000 0.440679 0.457557 0.272341 0.500000 0.500000 0.285970 0.500000 0.500000 
0.500000 0.440679 0.457591 0.272313 0.500000 0.500000 0.285955 0.500000 0.500000 
0.500000 0.440679 0.457623 0.272288 0.500000 0.500000 0.285940 0.500000 0.500000 
0.500000 0.440679 0.457651 0.272266 0.500000 0.500000 0.285928 0.500000 0.500000 
0.500000 0.440679 0.457676 0.272246 0.500000 0.500000 0.285916 0.500000 0.500000 
0.500000 0.440679 0.457698 0.272227 0.500000 0.500000 0.285906 0.500000 0.500000 
0.500000 0.440679 0.457719 0.272211 0.500000 0.500000 0.285897 0.500000 0.500000 
0.500000 0.440679 0.457737 0.272197 0.500000 0.500000 0.285888 0.500000 0.500000 
0.500000 0.440679 0.457754 0.272183 0.500000 0.500000 0.285881 0.500000 0.500000 
0.500000 0.440679 0.457768 0.272172 0.500000 0.500000 0.285874 0.500000 0.500000 
0.500000 0.440679 0.457782 0.272161 0.500000 0.500000 0.285868 0.500000 0.500000 
0.500000 0.440679 0.457794 0.272151 0.500000 0.500000 0.285863 0.500000 0.500000 
0.500000 0.440679 0.457805 0.272143 0.500000 0.500000 0.285858 0.500000 0.500000 
0.500000 0.440679 0.457814 0.272135 0.500000 0.500000 0.285853 0.500000 0.500000 
0.500000 0.440679 0.457823 0.272128 0.500000 0.500000 0.285849 0.500000 0.500000 
0.500000 0.440679 0.457831 0.272122 0.500000 0.500000 0.285846 0.500000 0.500000 
0.500000 0.440679 0.457838 0.272116 0.500000 0.500000 0.285843 0.500000 0.500000 
0.500000 0.440679 0.457844 0.272111 0.500000 0.500000 0.285840 0.500000 0.500000 
0.500000 0.440679 0.457850 0.272106 0.500000 0.500000 0.285837 0.500000 0.500000 
0.500000 0.440679 0.457855 0.272102 0.500000 0.500000 0.285835 0.500000 0.500000 
0.500000 0.440679 0.457860 0.272098 0.500000 0.500000 0.285833 0.500000 0.500000 
0.500000 0.440679 0.457864 0.272095 0.500000 0.500000 0.285831 0.500000 0.500000 
0.500000 0.440679 0.457868 0.272092 0.500000 0.500000 0.285829 0.500000 0.500000 
0.500000 0.440679 0.457871 0.272089 0.500000 0.500000 0.285828 0.500000 0.500000 
0.500000 0.440679 0.457874 0.272087 0.500000 0.500000 0.285826 0.500000 0.500000 
0.500000 0.440679 0.457877 0.272085 0.500000 0.500000 0.285825 0.500000 0.500000 
0.500000 0.440679 0.457879 0.272083 0.500000 0.500000 0.285824 0.500000 0.500000 
0.500000 0.440679 0.457882 0.272081 0.500000 0.500000 0.285823 0.500000 0.500000 
0.500000 0.440679 0.457884 0.272080 0.500000 0.500000 0.285822 0.500000 0.500000 
0.500000 0.440679 0.457886 0.272078 0.500000 0.500000 0.285821 0.500000 0.500000 
0.500000 0.440679 0.457887 0.272077 0.500000 0.500000 0.285820 0.500000 0.500000 
0.500000 0.440679 0.457889 0.272076 0.500000 0.500000 0.285820 0.500000 0.500000 
0.500000 0.440679 0.457890 0.272075 0.500000 0.500000 0.285819 0.500000 0.500000 
0.500000 0.440679 0.457891 0.272074 0.500000 0.500000 0.285819 0.500000 0.500000 
0.500000 0.440679 0.457892 0.272073 0.500000 0.500000 0.285818 0.500000 0.500000 
0.500000 0.440679 0.457893 0.272072 0.500000 0.500000 0.285818 0.500000 0.500000 
0.500000 0.440679 0.457894 0.272071 0.500000 0.500000 0.285817 0.500000 0.500000 
0.500000 0.440679 0.457895 0.272071 0.500000 0.500000 0.285817 0.500000 0.500000 
0.500000 0.440679 0.457895 0.272070 0.500000 0.500000 0.285817 0.500000 0.500000 
0.500000 0.440679 0.457896 0.272070 0.500000 0.500000 0.285816 0.500000 0.500000 
0.500000 0.440679 0.457897 0.272069 0.500000 0.500000 0.285816 0.500000 0.500000 
0.500000 0.440679 0.457897 0.272069 0.500000 0.500000 0.285816 0.500000 0.500000 
0.500000 0.440679 0.457898 0.272068 0.500000 0.500000 0.285816 0.500000 0.500000 
0.500000 0.440679 0.457898 0.272068 0.500000 0.500000 0.285815 0.500000 0.500000 
0.500000 0.440679 0.457898 0.272068 0.500000 0.500000 0.285815 0.500000 0.500000 
0.500000 0.440679 0.457899 0.272068 0.500000 0.500000 0.285815 0.500000 0.500000 
0.500000 0.440679 0.457899 0.272067 0.500000 0.500000 0.285815 0.500000 0.500000 
