0.500000 0.440679 0.500000 0.500000 0.500000 0.500000 0.500000 0.500000 0.500000 
0.500000 0.440679 0.292896 0.292896 0.292896 0.292896 0.500000 0.500000 0.500000 
0.500000 0.440679 0.500000 0.361020 0.349603 0.292896 0.357601 0.357601 0.500000 
0.500000 0.440679 0.500000 0.382529 0.387001 0.292896 0.500000 0.331988 0.500000 
0.500000 0.440679 0.500000 0.401927 0.396243 0.292896 0.500000 0.315614 0.500000 
0.500000 0.440679 0.269303 0.418990 0.394251 0.292896 0.500000 0.311635 0.500000 
0.500000 0.440679 0.271456 0.457367 0.341370 0.292896 0.368512 0.312491 0.500000 
0.500000 0.440679 0.500000 0.478506 0.296433 0.292896 0.367511 0.335650 0.500000 
0.500000 0.440679 0.500000 0.482905 0.315716 0.292896 0.500000 0.355978 0.500000 
0.500000 0.440679 0.500000 0.486431 0.323520 0.292896 0.500000 0.347186 0.500000 
0.500000 0.440679 0.500000 0.489246 0.325968 0.292896 0.500000 0.343657 0.500000 
0.500000 0.440679 0.500000 0.491488 0.326046 0.292896 0.500000 0.342553 0.500000 
0.500000 0.440679 0.500000 0.493269 0.325172 0.292896 0.500000 0.342518 0.500000 
0.500000 0.440679 0.500000 0.494681 0.324010 0.292896 0.500000 0.342912 0.500000 
0.500000 0.440679 0.500000 0.495800 0.322852 0.292896 0.500000 0.343436 0.500000 
0.500000 0.440679 0.500000 0.496685 0.321816 0.292896 0.500000 0.343958 0.500000 
0.500000 0.440679 0.500000 0.497384 0.320936 0.292896 0.500000 0.344426 0.500000 
0.500000 0.440679 0.500000 0.497937 0.320210 0.292896 0.500000 0.344823 0.500000 
0.500000 0.440679 0.500000 0.498373 0.319621 0.292896 0.500000 0.345152 0.500000 
0.500000 0.440679 0.500000 0.498717 0.319148 0.292896 0.500000 0.345418 0.500000 
0.500000 0.440679 0.500000 0.498989 0.318771 0.292896 0.500000 0.345632 0.500000 
0.500000 0.440679 0.500000 0.499203 0.318471 0.292896 0.500000 0.345803 0.500000 
0.500000 0.440679 0.500000 0.499372 0.318233 0.292896 0.500000 0.345938 0.500000 
0.500000 0.440679 0.500000 0.499505 0.318045 0.292896 0.500000 0.346046 0.500000 
0.500000 0.440679 0.500000 0.499610 0.317897 0.292896 0.500000 0.346131 0.500000 
0.500000 0.440679 0.500000 0.499693 0.317779 0.292896 0.500000 0.346198 0.500000 
0.500000 0.440679 0.500000 0.499758 0.317687 0.292896 0.500000 0.346251 0.500000 
0.500000 0.440679 0.500000 0.499809 0.317614 0.292896 0.500000 0.346293 0.500000 
0.500000 0.440679 0.500000 0.499850 0.317557 0.292896 0.500000 0.346326 0.500000 
0.500000 0.440679 0.500000 0.499881 0.317511 0.292896 0.500000 0.346352 0.500000 
0.500000 0.440679 0.500000 0.499907 0.317476 0.292896 0.500000 0.346373 0.500000 
0.500000 0.440679 0.500000 0.499926 0.317447 0.292896 0.500000 0.346389 0.500000 
0.500000 0.440679 0.500000 0.499942 0.317425 0.292896 0.500000 0.346402 0.500000 
0.500000 0.440679 0.500000 0.499954 0.317408 0.292896 0.500000 0.346412 0.500000 
0.500000 0.440679 0.500000 0.499964 0.317394 0.292896 0.500000 0.346419 0.500000 
0.500000 0.440679 0.500000 0.499972 0.317383 0.292896 0.500000 0.346426 0.500000 
0.500000 0.440679 0.500000 0.499978 0.317375 0.292896 0.500000 0.346431 0.500000 
0.500000 0.440679 0.500000 0.499982 0.317368 0.292896 0.500000 0.346434 0.500000 
0.500000 0.440679 0.500000 0.499986 0.317362 0.292896 0.500000 0.346438 0.500000 
0.500000 0.440679 0.500000 0.499989 0.317358 0.292896 0.500000 0.346440 0.500000 
0.500000 0.440679 0.500000 0.499991 0.317355 0.292896 0.500000 0.346442 0.500000 
0.500000 0.440679 0.500000 0.499993 0.317352 0.292896 0.500000 0.346443 0.500000 
0.500000 0.440679 0.500000 0.499995 0.317350 0.292896 0.500000 0.346445 0.500000 
0.500000 0.440679 0.500000 0.499996 0.317349 0.292896 0.500000 0.346445 0.500000 
0.500000 0.440679 0.500000 0.499997 0.317347 0.292896 0.500000 0.346446 0.500000 
0.500000 0.440679 0.500000 0.499997 0.317346 0.292896 0.500000 0.346447 0.500000 
0.500000 0.440679 0.500000 0.499998 0.317346 0.292896 0.500000 0.346447 0.500000 
0.500000 0.440679 0.500000 0.499998 0.317345 0.292896 0.500000 0.346448 0.500000 
0.500000 0.440679 0.500000 0.499999 0.317345 0.292896 0.500000 0.346448 0.500000 
0.500000 0.440679 0.500000 0.499999 0.317344 0.292896 0.500000 0.346448 0.500000 
0.500000 0.440679 0.500000 0.499999 0.317344 0.292896 0.500000 0.346448 0.500000 
0.500000 0.440679 0.500000 0.499999 0.317344 0.292896 0.500000 0.346448 0.500000 
0.500000 0.440679 0.500000 0.500000 0.317343 0.292896 0.500000 0.346448 0.500000 
0.500000 0.440679 0.500000 0.500000 0.317343 0.292896 0.500000 0.346449 0.500000 
0.500000 0.440679 0.500000 0.500000 0.317343 0.292896 0.500000 0.346449 0.500000 
0.500000 0.440679 0.500000 0.500000 0.317343 0.292896 0.500000 0.346449 0.500000 
0.500000 0.440679 0.500000 0.500000 0.317343 0.292896 0.500000 0.346449 0.500000 
0.500000 0.440679 0.500000 0.500000 0.317343 0.292896 0.500000 0.346449 0.500000 
0.500000 0.440679 0.500000 0.500000 0.317343 0.292896 0.500000 0.346449 0.500000 
0.500000 0.440679 0.500000 0.500000 0.317343 0.292896 0.500000 0.346449 0.500000 
0.500000 0.440679 0.500000 0.500000 0.317343 0.292896 0.500000 0.346449 0.500000 
0.500000 0.440679 0.500000 0.500000 0.317343 0.292896 0.500000 0.346449 0.500000 
0.500000 0.440679 0.500000 0.500000 0.317343 0.292896 0.500000 0.346449 0.500000 
0.500000 0.440679 0.500000 0.500000 0.317343 0.292896 0.500000 0.346449 0.500000 
0.500000 0.440679 0.500000 0.500000 0.317343 0.292896 0.500000 0.346449 0.500000 
0.500000 0.440679 0.500000 0.500000 0.317343 0.292896 0.500000 0.346449 0.500000 
0.500000 0.440679 0.500000 0.500000 0.317343 0.292896 0.500000 0.346449 0.500000 
0.500000 0.440679 0.500000 0.500000 0.317343 0.292896 0.500000 0.346449 0.500000 
0.500000 0.440679 0.500000 0.500000 0.317343 0.292896 0.500000 0.346449 0.500000 
0.500000 0.440679 0.500000 0.500000 0.317343 0.292896 0.500000 0.346449 0.500000 
0.500000 0.440679 0.500000 0.500000 0.317343 0.292896 0.500000 0.346449 0.500000 
0.500000 0.440679 0.500000 0.500000 0.317343 0.292896 0.500000 0.346449 0.500000 
0.500000 0.440679 0.500000 0.500000 0.317343 0.292896 0.500000 0.346449 0.500000 
0.500000 0.440679 0.500000 0.500000 0.317343 0.292896 0.500000 0.346449 0.500000 
0.500000 0.440679 0.500000 0.500000 0.317343 0.292896 0.500000 0.346449 0.500000 
0.500000 0.440679 0.500000 0.500000 0.317343 0.292896 0.500000 0.346449 0.500000 
0.500000 0.440679 0.500000 0.500000 0.317343 0.292896 0.500000 0.346449 0.500000 
0.500000 0.440679 0.500000 0.500000 0.317343 0.292896 0.500000 0.346449 0.500000 
0.500000 0.440679 0.500000 0.500000 0.317343 0.292896 0.500000 0.346449 0.500000 
0.500000 0.440679 0.500000 0.500000 0.317343 0.292896 0.500000 0.346449 0.500000 
0.500000 0.440679 0.500000 0.500000 0.317343 0.292896 0.500000 0.346449 0.500000 
0.500000 0.440679 0.500000 0.500000 0.317343 0.292896 0.500000 0.346449 0.500000 
0.500000 0.440679 0.500000 0.500000 0.317343 0.292896 0.500000 0.346449 0.500000 
0.500000 0.440679 0.500000 0.500000 0.317343 0.292896 0.500000 0.346449 0.500000 
0.500000 0.440679 0.500000 0.500000 0.317343 0.292896 0.500000 0.346449 0.500000 
0.500000 0.440679 0.500000 0.500000 0.317343 0.292896 0.500000 0.346449 0.500000 
0.500000 0.440679 0.500000 0.500000 0.317343 0.292896 0.500000 0.346449 0.500000 
0.500000 0.440679 0.500000 0.500000 0.317343 0.292896 0.500000 0.346449 0.500000 
0.500000 0.440679 0.500000 0.500000 0.317343 0.292896 0.500000 0.346449 0.500000 
0.500000 0.440679 0.500000 0.500000 0.317343 0.292896 0.500000 0.346449 0.500000 
0.500000 0.440679 0.500000 0.500000 0.317343 0.292896 0.500000 0.346449 0.500000 
0.500000 0.440679 0.500000 0.500000 0.317343 0.292896 0.500000 0.346449 0.500000 
0.500000 0.440679 0.500000 0.500000 0.317343 0.292896 0.500000 0.346449 0.500000 
0.500000 0.440679 0.500000 0.500000 0.317343 0.292896 0.500000 0.346449 0.500000 
0.500000 0.440679 0.500000 0.500000 0.317343 0.292896 0.500000 0.346449 0.500000 
0.500000 0.440679 0.500000 0.500000 0.317343 0.292896 0.500000 0.346449 0.500000 
0.500000 0.440679 0.500000 0.500000 0.317343 0.292896 0.500000 0.346449 0.500000 
0.500000 0.440679 0.500000 0.500000 0.317343 0.292896 0.500000 0.346449 0.500000 
0.500000 0.440679 0.500000 0.500000 0.317343 0.292896 0.500000 0.346449 0.500000 
0.500000 0.440679 0.500000 0.500000 0.317343 0.292896 0.500000 0.346449 0.500000 
