0.500000 0.440679 0.500000 0.368680 0.500000 0.500000 0.440679 0.440679 0.500000 
0.500000 0.440679 0.500000 0.389497 0.500000 0.292896 0.500000 0.500000 0.500000 
0.500000 0.440679 0.279640 0.408102 0.327455 0.292896 0.500000 0.500000 0.500000 
0.500000 0.440679 0.500000 0.449769 0.312040 0.292896 0.363714 0.341884 0.500000 
0.500000 0.440679 0.500000 0.459511 0.335185 0.292896 0.500000 0.348854 0.500000 
0.500000 0.440679 0.500000 0.467515 0.342605 0.292896 0.500000 0.338414 0.500000 
0.500000 0.440679 0.500000 0.474034 0.343102 0.292896 0.500000 0.335100 0.500000 
0.500000 0.440679 0.500000 0.479307 0.340758 0.292896 0.500000 0.334878 0.500000 
0.500000 0.440679 0.500000 0.483549 0.337474 0.292896 0.500000 0.335923 0.500000 
0.500000 0.440679 0.500000 0.486945 0.334119 0.292896 0.500000 0.337390 0.500000 
0.500000 0.440679 0.500000 0.489656 0.331062 0.292896 0.500000 0.338892 0.500000 
0.500000 0.440679 0.500000 0.491814 0.328430 0.292896 0.500000 0.340263 0.500000 
0.500000 0.440679 0.500000 0.493528 0.326234 0.292896 0.500000 0.341445 0.500000 
0.500000 0.440679 0.500000 0.494886 0.324436 0.292896 0.500000 0.342434 0.500000 
0.500000 0.440679 0.500000 0.495962 0.322982 0.292896 0.500000 0.343244 0.500000 
0.500000 0.440679 0.500000 0.496813 0.321815 0.292896 0.500000 0.343900 0.500000 
0.500000 0.440679 0.500000 0.497486 0.320883 0.292896 0.500000 0.344427 0.500000 
0.500000 0.440679 0.500000 0.498017 0.320142 0.292896 0.500000 0.344847 0.500000 
0.500000 0.440679 0.500000 0.498436 0.319554 0.292896 0.500000 0.345182 0.500000 
0.500000 0.440679 0.500000 0.498767 0.319089 0.292896 0.500000 0.345448 0.500000 
0.500000 0.440679 0.500000 0.499028 0.318721 0.292896 0.500000 0.345659 0.500000 
0.500000 0.440679 0.500000 0.499234 0.318430 0.292896 0.500000 0.345825 0.500000 
0.500000 0.440679 0.500000 0.499396 0.318200 0.292896 0.500000 0.345957 0.500000 
0.500000 0.440679 0.500000 0.499524 0.318019 0.292896 0.500000 0.346061 0.500000 
0.500000 0.440679 0.500000 0.499625 0.317875 0.292896 0.500000 0.346143 0.500000 
0.500000 0.440679 0.500000 0.499705 0.317763 0.292896 0.500000 0.346208 0.500000 
0.500000 0.440679 0.500000 0.499767 0.317674 0.292896 0.500000 0.346259 0.500000 
0.500000 0.440679 0.500000 0.499817 0.317604 0.292896 0.500000 0.346299 0.500000 
0.500000 0.440679 0.500000 0.499855 0.317548 0.292896 0.500000 0.346331 0.500000 
0.500000 0.440679 0.500000 0.499886 0.317505 0.292896 0.500000 0.346356 0.500000 
0.500000 0.440679 0.500000 0.499910 0.317470 0.292896 0.500000 0.346376 0.500000 
0.500000 0.440679 0.500000 0.499929 0.317443 0.292896 0.500000 0.346391 0.500000 
0.500000 0.440679 0.500000 0.499944 0.317422 0.292896 0.500000 0.346403 0.500000 
0.500000 0.440679 0.500000 0.499956 0.317405 0.292896 0.500000 0.346413 0.500000 
0.500000 0.440679 0.500000 0.499965 0.317392 0.292896 0.500000 0.346421 0.500000 
0.500000 0.440679 0.500000 0.499973 0.317381 0.292896 0.500000 0.346427 0.500000 
0.500000 0.440679 0.500000 0.499979 0.317373 0.292896 0.500000 0.346431 0.500000 
0.500000 0.440679 0.500000 0.499983 0.317367 0.292896 0.500000 0.346435 0.500000 
0.500000 0.440679 0.500000 0.499987 0.317362 0.292896 0.500000 0.346438 0.500000 
0.500000 0.440679 0.500000 0.499989 0.317358 0.292896 0.500000 0.346440 0.500000 
0.500000 0.440679 0.500000 0.499992 0.317355 0.292896 0.500000 0.346442 0.500000 
0.500000 0.440679 0.500000 0.499993 0.317352 0.292896 0.500000 0.346444 0.500000 
0.500000 0.440679 0.500000 0.499995 0.317350 0.292896 0.500000 0.346445 0.500000 
0.500000 0.440679 0.500000 0.499996 0.317348 0.292896 0.500000 0.346446 0.500000 
0.500000 0.440679 0.500000 0.499997 0.317347 0.292896 0.500000 0.346446 0.500000 
0.500000 0.440679 0.500000 0.499997 0.317346 0.292896 0.500000 0.346447 0.500000 
0.500000 0.440679 0.500000 0.499998 0.317346 0.292896 0.500000 0.346447 0.500000 
0.500000 0.440679 0.500000 0.499998 0.317345 0.292896 0.500000 0.346448 0.500000 
0.500000 0.440679 0.500000 0.499999 0.317344 0.292896 0.500000 0.346448 0.500000 
0.500000 0.440679 0.500000 0.499999 0.317344 0.292896 0.500000 0.346448 0.500000 
0.500000 0.440679 0.500000 0.499999 0.317344 0.292896 0.500000 0.346448 0.500000 
0.500000 0.440679 0.500000 0.499999 0.317344 0.292896 0.500000 0.346448 0.500000 
0.500000 0.440679 0.500000 0.500000 0.317343 0.292896 0.500000 0.346448 0.500000 
0.500000 0.440679 0.500000 0.500000 0.317343 0.292896 0.500000 0.346449 0.500000 
0.500000 0.440679 0.500000 0.500000 0.317343 0.292896 0.500000 0.346449 0.500000 
0.500000 0.440679 0.500000 0.500000 0.317343 0.292896 0.500000 0.346449 0.500000 
0.500000 0.440679 0.500000 0.500000 0.317343 0.292896 0.500000 0.346449 0.500000 
0.500000 0.440679 0.500000 0.500000 0.317343 0.292896 0.500000 0.346449 0.500000 
0.500000 0.440679 0.500000 0.500000 0.317343 0.292896 0.500000 0.346449 0.500000 
0.500000 0.440679 0.500000 0.500000 0.317343 0.292896 0.500000 0.346449 0.500000 
0.500000 0.440679 0.500000 0.500000 0.317343 0.292896 0.500000 0.346449 0.500000 
0.500000 0.440679 0.500000 0.500000 0.317343 0.292896 0.500000 0.346449 0.500000 
0.500000 0.440679 0.500000 0.500000 0.317343 0.292896 0.500000 0.346449 0.500000 
0.500000 0.440679 0.500000 0.500000 0.317343 0.292896 0.500000 0.346449 0.500000 
0.500000 0.440679 0.500000 0.500000 0.317343 0.292896 0.500000 0.346449 0.500000 
0.500000 0.440679 0.500000 0.500000 0.317343 0.292896 0.500000 0.346449 0.500000 
0.500000 0.440679 0.500000 0.500000 0.317343 0.292896 0.500000 0.346449 0.500000 
0.500000 0.440679 0.500000 0.500000 0.317343 0.292896 0.500000 0.346449 0.500000 
0.500000 0.440679 0.500000 0.500000 0.317343 0.292896 0.500000 0.346449 0.500000 
0.500000 0.440679 0.500000 0.500000 0.317343 0.292896 0.500000 0.346449 0.500000 
0.500000 0.440679 0.500000 0.500000 0.317343 0.292896 0.500000 0.346449 0.500000 
0.500000 0.440679 0.500000 0.500000 0.317343 0.292896 0.500000 0.346449 0.500000 
0.500000 0.440679 0.500000 0.500000 0.317343 0.292896 0.500000 0.346449 0.500000 
0.500000 0.440679 0.500000 0.500000 0.317343 0.292896 0.500000 0.346449 0.500000 
0.500000 0.440679 0.500000 0.500000 0.317343 0.292896 0.500000 0.346449 0.500000 
0.500000 0.440679 0.500000 0.500000 0.317343 0.292896 0.500000 0.346449 0.500000 
0.500000 0.440679 0.500000 0.500000 0.317343 0.292896 0.500000 0.346449 0.500000 
0.500000 0.440679 0.500000 0.500000 0.317343 0.292896 0.500000 0.346449 0.500000 
0.500000 0.440679 0.500000 0.500000 0.317343 0.292896 0.500000 0.346449 0.500000 
0.500000 0.440679 0.500000 0.500000 0.317343 0.292896 0.500000 0.346449 0.500000 
0.500000 0.440679 0.500000 0.500000 0.317343 0.292896 0.500000 0.346449 0.500000 
0.500000 0.440679 0.500000 0.500000 0.317343 0.292896 0.500000 0.346449 0.500000 
0.500000 0.440679 0.500000 0.500000 0.317343 0.292896 0.500000 0.346449 0.500000 
0.500000 0.440679 0.500000 0.500000 0.317343 0.292896 0.500000 0.346449 0.500000 
0.500000 0.440679 0.500000 0.500000 0.317343 0.292896 0.500000 0.346449 0.500000 
0.500000 0.440679 0.500000 0.500000 0.317343 0.292896 0.500000 0.346449 0.500000 
0.500000 0.440679 0.500000 0.500000 0.317343 0.292896 0.500000 0.346449 0.500000 
0.500000 0.440679 0.500000 0.500000 0.317343 0.292896 0.500000 0.346449 0.500000 
0.500000 0.440679 0.500000 0.500000 0.317343 0.292896 0.500000 0.346449 0.500000 
0.500000 0.440679 0.500000 0.500000 0.317343 0.292896 0.500000 0.346449 0.500000 
0.500000 0.440679 0.500000 0.500000 0.317343 0.292896 0.500000 0.346449 0.500000 
0.500000 0.440679 0.500000 0.500000 0.317343 0.292896 0.500000 0.346449 0.500000 
0.500000 0.440679 0.500000 0.500000 0.317343 0.292896 0.500000 0.346449 0.500000 
0.500000 0.440679 0.500000 0.500000 0.317343 0.292896 0.500000 0.346449 0.500000 
0.500000 0.440679 0.500000 0.500000 0.317343 0.292896 0.500000 0.346449 0.500000 
0.500000 0.440679 0.500000 0.500000 0.317343 0.292896 0.500000 0.346449 0.500000 
0.500000 0.440679 0.500000 0.500000 0.317343 0.292896 0.500000 0.346449 0.500000 
0.500000 0.440679 0.500000 0.500000 0.317343 0.292896 0.500000 0.346449 0.500000 
0.500000 0.440679 0.500000 0.500000 0.317343 0.292896 0.500000 0.346449 0.500000 
0.500000 0.440679 0.500000 0.500000 0.317343 0.292896 0.500000 0.346449 0.500000 
