0.500000 0.440679 0.500000 0.268941 0.500000 0.500000 0.500000 0.500000 0.500000 
0.500000 0.440679 0.500000 0.257399 0.500000 0.500000 0.500000 0.500000 0.500000 
0.500000 0.440679 0.500000 0.256492 0.500000 0.500000 0.500000 0.500000 0.500000 
0.500000 0.440679 0.500000 0.256420 0.500000 0.500000 0.500000 0.500000 0.500000 
0.500000 0.440679 0.500000 0.256414 0.500000 0.500000 0.500000 0.500000 0.500000 
0.500000 0.440679 0.500000 0.256414 0.500000 0.500000 0.500000 0.500000 0.500000 
0.500000 0.440679 0.379161 0.256414 0.500000 0.500000 0.500000 0.500000 0.500000 
0.500000 0.440679 0.389941 0.280583 0.500000 0.500000 0.319011 0.500000 0.500000 
0.500000 0.440679 0.399105 0.280276 0.500000 0.500000 0.314345 0.500000 0.500000 
0.500000 0.440679 0.406898 0.278326 0.500000 0.500000 0.310409 0.500000 0.500000 
0.500000 0.440679 0.413536 0.276550 0.500000 0.500000 0.307082 0.500000 0.500000 
0.500000 0.440679 0.419204 0.275040 0.500000 0.500000 0.304265 0.500000 0.500000 
0.500000 0.440679 0.424058 0.273760 0.500000 0.500000 0.301870 0.500000 0.500000 
0.500000 0.440679 0.428228 0.272670 0.500000 0.500000 0.299828 0.500000 0.500000 
0.500000 0.440679 0.431823 0.271738 0.500000 0.500000 0.298080 0.500000 0.500000 
0.500000 0.440679 0.434931 0.270939 0.500000 0.500000 0.296578 0.500000 0.500000 
0.500000 0.440679 0.437628 0.270251 0.500000 0.500000 0.295283 0.500000 0.500000 
0.500000 0.440679 0.439975 0.269655 0.500000 0.500000 0.294162 0.500000 0.500000 
0.500000 0.440679 0.442023 0.269139 0.500000 0.500000 0.293188 0.500000 0.500000 
0.500000 0.440679 0.443816 0.268689 0.500000 0.500000 0.292340 0.500000 0.500000 
0.500000 0.440679 0.445388 0.268297 0.500000 0.500000 0.291599 0.500000 0.500000 
0.500000 0.440679 0.446771 0.267953 0.500000 0.500000 0.290950 0.500000 0.500000 
0.500000 0.440679 0.447990 0.267651 0.500000 0.500000 0.290379 0.500000 0.500000 
0.500000 0.440679 0.449066 0.267386 0.500000 0.500000 0.289877 0.500000 0.500000 
0.500000 0.440679 0.450017 0.267151 0.500000 0.500000 0.289435 0.500000 0.500000 
0.500000 0.440679 0.450860 0.266944 0.500000 0.500000 0.289043 0.500000 0.500000 
0.500000 0.440679 0.451609 0.266761 0.500000 0.500000 0.288697 0.500000 0.500000 
0.500000 0.440679 0.452273 0.266599 0.500000 0.500000 0.288390 0.500000 0.500000 
0.500000 0.440679 0.452865 0.266455 0.500000 0.500000 0.288117 0.500000 0.500000 
0.500000 0.440679 0.453391 0.266327 0.500000 0.500000 0.287874 0.500000 0.500000 
0.500000 0.440679 0.453861 0.266213 0.500000 0.500000 0.287659 0.500000 0.500000 
0.500000 0.440679 0.454280 0.266111 0.500000 0.500000 0.287466 0.500000 0.500000 
0.500000 0.440679 0.454654 0.266020 0.500000 0.500000 0.287295 0.500000 0.500000 
0.500000 0.440679 0.454989 0.265940 0.500000 0.500000 0.287141 0.500000 0.500000 
0.500000 0.440679 0.455288 0.265867 0.500000 0.500000 0.287004 0.500000 0.500000 
0.500000 0.440679 0.455556 0.265803 0.500000 0.500000 0.286882 0.500000 0.500000 
0.500000 0.440679 0.455795 0.265745 0.500000 0.500000 0.286772 0.500000 0.500000 
0.500000 0.440679 0.456010 0.265693 0.500000 0.500000 0.286674 0.500000 0.500000 
0.500000 0.440679 0.456203 0.265647 0.500000 0.500000 0.286587 0.500000 0.500000 
0.500000 0.440679 0.456375 0.265605 0.500000 0.500000 0.286508 0.500000 0.500000 
0.500000 0.440679 0.456530 0.265568 0.500000 0.500000 0.286437 0.500000 0.500000 
0.500000 0.440679 0.456669 0.265535 0.500000 0.500000 0.286374 0.500000 0.500000 
0.500000 0.440679 0.456794 0.265505 0.500000 0.500000 0.286317 0.500000 0.500000 
0.500000 0.440679 0.456906 0.265478 0.500000 0.500000 0.286266 0.500000 0.500000 
0.500000 0.440679 0.457006 0.265454 0.500000 0.500000 0.286221 0.500000 0.500000 
0.500000 0.440679 0.457097 0.265432 0.500000 0.500000 0.286179 0.500000 0.500000 
0.500000 0.440679 0.457178 0.265412 0.500000 0.500000 0.286143 0.500000 0.500000 
0.500000 0.440679 0.457251 0.265395 0.500000 0.500000 0.286109 0.500000 0.500000 
0.500000 0.440679 0.457316 0.265379 0.500000 0.500000 0.286080 0.500000 0.500000 
0.500000 0.440679 0.457375 0.265365 0.500000 0.500000 0.286053 0.500000 0.500000 
0.500000 0.440679 0.457428 0.265352 0.500000 0.500000 0.286029 0.500000 0.500000 
0.500000 0.440679 0.457476 0.265341 0.500000 0.500000 0.286007 0.500000 0.500000 
0.500000 0.440679 0.457518 0.265331 0.500000 0.500000 0.285988 0.500000 0.500000 
0.500000 0.440679 0.457557 0.265322 0.500000 0.500000 0.285970 0.500000 0.500000 
0.500000 0.440679 0.457591 0.265313 0.500000 0.500000 0.285955 0.500000 0.500000 
0.500000 0.440679 0.457623 0.265306 0.500000 0.500000 0.285940 0.500000 0.500000 
0.500000 0.440679 0.457651 0.265299 0.500000 0.500000 0.285928 0.500000 0.500000 
0.500000 0.440679 0.457676 0.265293 0.500000 0.500000 0.285916 0.500000 0.500000 
0.500000 0.440679 0.457698 0.265288 0.500000 0.500000 0.285906 0.500000 0.500000 
0.500000 0.440679 0.457719 0.265283 0.500000 0.500000 0.285897 0.500000 0.500000 
0.500000 0.440679 0.457737 0.265278 0.500000 0.500000 0.285888 0.500000 0.500000 
0.500000 0.440679 0.457754 0.265274 0.500000 0.500000 0.285881 0.500000 0.500000 
0.500000 0.440679 0.457768 0.265271 0.500000 0.500000 0.285874 0.500000 0.500000 
0.500000 0.440679 0.457782 0.265268 0.500000 0.500000 0.285868 0.500000 0.500000 
0.500000 0.440679 0.457794 0.265265 0.500000 0.500000 0.285863 0.500000 0.500000 
0.500000 0.440679 0.457805 0.265262 0.500000 0.500000 0.285858 0.500000 0.500000 
0.500000 0.440679 0.457814 0.265260 0.500000 0.500000 0.285853 0.500000 0.500000 
0.500000 0.440679 0.457823 0.265258 0.500000 0.500000 0.285849 0.500000 0.500000 
0.500000 0.440679 0.457831 0.265256 0.500000 0.500000 0.285846 0.500000 0.500000 
0.500000 0.440679 0.457838 0.265254 0.500000 0.500000 0.285843 0.500000 0.500000 
0.500000 0.440679 0.457844 0.265253 0.500000 0.500000 0.285840 0.500000 0.500000 
0.500000 0.440679 0.457850 0.265251 0.500000 0.500000 0.285837 0.500000 0.500000 
0.500000 0.440679 0.457855 0.265250 0.500000 0.500000 0.285835 0.500000 0.500000 
0.500000 0.440679 0.457860 0.265249 0.500000 0.500000 0.285833 0.500000 0.500000 
0.500000 0.440679 0.457864 0.265248 0.500000 0.500000 0.285831 0.500000 0.500000 
0.500000 0.440679 0.457868 0.265247 0.500000 0.500000 0.285829 0.500000 0.500000 
0.500000 0.440679 0.457871 0.265246 0.500000 0.500000 0.285828 0.500000 0.500000 
0.500000 0.440679 0.457874 0.265245 0.500000 0.500000 0.285826 0.500000 0.500000 
0.500000 0.440679 0.457877 0.265245 0.500000 0.500000 0.285825 0.500000 0.500000 
0.500000 0.440679 0.457879 0.265244 0.500000 0.500000 0.285824 0.500000 0.500000 
0.500000 0.440679 0.457882 0.265244 0.500000 0.500000 0.285823 0.500000 0.500000 
0.500000 0.440679 0.457884 0.265243 0.500000 0.500000 0.285822 0.500000 0.500000 
0.500000 0.440679 0.457886 0.265243 0.500000 0.500000 0.285821 0.500000 0.500000 
0.500000 0.440679 0.457887 0.265242 0.500000 0.500000 0.285820 0.500000 0.500000 
0.500000 0.440679 0.457889 0.265242 0.500000 0.500000 0.285820 0.500000 0.500000 
0.500000 0.440679 0.457890 0.265242 0.500000 0.500000 0.285819 0.500000 0.500000 
0.500000 0.440679 0.457891 0.265241 0.500000 0.500000 0.285819 0.500000 0.500000 
0.500000 0.440679 0.457892 0.265241 0.500000 0.500000 0.285818 0.500000 0.500000 
0.500000 0.440679 0.457893 0.265241 0.500000 0.500000 0.285818 0.500000 0.500000 
0.500000 0.440679 0.457894 0.265241 0.500000 0.500000 0.285817 0.500000 0.500000 
0.500000 0.440679 0.457895 0.265241 0.500000 0.500000 0.285817 0.500000 0.500000 
0.500000 0.440679 0.457895 0.265240 0.500000 0.500000 0.285817 0.500000 0.500000 
0.500000 0.440679 0.457896 0.265240 0.500000 0.500000 0.285816 0.500000 0.500000 
0.500000 0.440679 0.457897 0.265240 0.500000 0.500000 0.285816 0.500000 0.500000 
0.500000 0.440679 0.457897 0.265240 0.500000 0.500000 0.285816 0.500000 0.500000 
0.500000 0.440679 0.457898 0.265240 0.500000 0.500000 0.285816 0.500000 0.500000 
0.500000 0.440679 0.457898 0.265240 0.500000 0.500000 0.285815 0.500000 0.500000 
0.500000 0.440679 0.457898 0.265240 0.500000 0.500000 0.285815 0.500000 0.500000 
0.500000 0.440679 0.457899 0.265240 0.500000 0.500000 0.285815 0.500000 0.500000 
0.500000 0.440679 0.457899 0.265240 0.500000 0.500000 0.285815 0.500000 0.500000 
