0.440679 0.268941 0.268941 0.500000 0.500000 
0.440679 0.272733 0.364064 0.368680 0.500000 
0.440679 0.237320 0.409913 0.325606 0.323582 
0.440679 0.211155 0.441201 0.305801 0.342717 
0.440679 0.195915 0.460659 0.292680 0.351694 
0.440679 0.500000 0.471805 0.284689 0.357700 
0.440679 0.500000 0.422722 0.280172 0.361380 
0.440679 0.500000 0.369947 0.300389 0.363468 
0.440679 0.500000 0.330730 0.323027 0.354166 
0.440679 0.500000 0.305869 0.340412 0.343879 
0.440679 0.500000 0.290916 0.351663 0.336078 
0.440679 0.500000 0.282034 0.358511 0.331075 
0.440679 0.188354 0.276758 0.362607 0.328049 
0.440679 0.190604 0.405008 0.365049 0.326246 
0.440679 0.199889 0.451815 0.307887 0.325173 
0.440679 0.191979 0.467314 0.288305 0.350743 
0.440679 0.500000 0.475397 0.281987 0.359713 
0.440679 0.500000 0.428119 0.278725 0.362628 
0.440679 0.500000 0.374626 0.298126 0.364138 
0.440679 0.500000 0.333869 0.320984 0.355202 
0.440679 0.500000 0.307788 0.339004 0.344802 
0.440679 0.500000 0.292059 0.350788 0.336706 
0.440679 0.500000 0.282712 0.357985 0.331463 
0.440679 0.500000 0.277161 0.362293 0.328281 
0.440679 0.190395 0.273857 0.364862 0.326384 
0.440679 0.192011 0.402736 0.366395 0.325255 
0.440679 0.200889 0.450648 0.308856 0.324583 
0.440679 0.192638 0.466639 0.288784 0.350302 
0.440679 0.500000 0.474993 0.282260 0.359492 
0.440679 0.500000 0.427491 0.278888 0.362502 
0.440679 0.500000 0.374073 0.298389 0.364062 
0.440679 0.500000 0.333495 0.321226 0.355081 
0.440679 0.500000 0.307559 0.339171 0.344693 
0.440679 0.500000 0.291923 0.350893 0.336631 
0.440679 0.500000 0.282631 0.358048 0.331417 
0.440679 0.500000 0.277113 0.362331 0.328253 
0.440679 0.190420 0.273828 0.364884 0.326367 
0.440679 0.192028 0.402711 0.366408 0.325245 
0.440679 0.200901 0.450635 0.308867 0.324577 
0.440679 0.192646 0.466631 0.288790 0.350297 
0.440679 0.500000 0.474988 0.282263 0.359490 
0.440679 0.500000 0.427484 0.278890 0.362501 
0.440679 0.500000 0.374067 0.298392 0.364061 
0.440679 0.500000 0.333491 0.321228 0.355080 
0.440679 0.500000 0.307556 0.339173 0.344691 
0.440679 0.500000 0.291921 0.350894 0.336631 
0.440679 0.500000 0.282630 0.358049 0.331416 
0.440679 0.500000 0.277113 0.362331 0.328253 
0.440679 0.190420 0.273828 0.364885 0.326367 
0.440679 0.192028 0.402711 0.366409 0.325245 
0.440679 0.200901 0.450635 0.308867 0.324577 
0.440679 0.192646 0.466631 0.288790 0.350297 
0.440679 0.500000 0.474988 0.282263 0.359490 
0.440679 0.500000 0.427484 0.278890 0.362501 
0.440679 0.500000 0.374067 0.298392 0.364061 
0.440679 0.500000 0.333491 0.321228 0.355080 
0.440679 0.500000 0.307556 0.339173 0.344691 
0.440679 0.500000 0.291921 0.350894 0.336631 
0.440679 0.500000 0.282630 0.358049 0.331416 
0.440679 0.500000 0.277113 0.362331 0.328253 
0.440679 0.190420 0.273828 0.364885 0.326367 
0.440679 0.192028 0.402711 0.366409 0.325245 
0.440679 0.200901 0.450635 0.308867 0.324577 
0.440679 0.192646 0.466631 0.288790 0.350297 
0.440679 0.500000 0.474988 0.282263 0.359490 
0.440679 0.500000 0.427484 0.278890 0.362501 
0.440679 0.500000 0.374067 0.298392 0.364061 
0.440679 0.500000 0.333491 0.321228 0.355080 
0.440679 0.500000 0.307556 0.339173 0.344691 
0.440679 0.500000 0.291921 0.350894 0.336631 
0.440679 0.500000 0.282630 0.358049 0.331416 
0.440679 0.500000 0.277113 0.362331 0.328253 
0.440679 0.190420 0.273828 0.364885 0.326367 
0.440679 0.192028 0.402711 0.366409 0.325245 
0.440679 0.200901 0.450635 0.308867 0.324577 
0.440679 0.192646 0.466631 0.288790 0.350297 
0.440679 0.500000 0.474988 0.282263 0.359490 
0.440679 0.500000 0.427484 0.278890 0.362501 
0.440679 0.500000 0.374067 0.298392 0.364061 
0.440679 0.500000 0.333491 0.321228 0.355080 
0.440679 0.500000 0.307556 0.339173 0.344691 
0.440679 0.500000 0.291921 0.350894 0.336631 
0.440679 0.500000 0.282630 0.358049 0.331416 
0.440679 0.500000 0.277113 0.362331 0.328253 
0.440679 0.190420 0.273828 0.364885 0.326367 
0.440679 0.192028 0.402711 0.366409 0.325245 
0.440679 0.200901 0.450635 0.308867 0.324577 
0.440679 0.192646 0.466631 0.288790 0.350297 
0.440679 0.500000 0.474988 0.282263 0.359490 
0.440679 0.500000 0.427484 0.278890 0.362501 
0.440679 0.500000 0.374067 0.298392 0.364061 
0.440679 0.500000 0.333491 0.321228 0.355080 
0.440679 0.500000 0.307556 0.339173 0.344691 
0.440679 0.500000 0.291921 0.350894 0.336631 
0.440679 0.500000 0.282630 0.358049 0.331416 
0.440679 0.500000 0.277113 0.362331 0.328253 
0.440679 0.190420 0.273828 0.364885 0.326367 
0.440679 0.192028 0.402711 0.366409 0.325245 
0.440679 0.200901 0.450635 0.308867 0.324577 
0.440679 0.192646 0.466631 0.288790 0.350297 
0.440679 0.268941 0.268941 0.500000 0.500000 
0.440679 0.235259 0.364064 0.368680 0.500000 
0.440679 0.203720 0.422730 0.325606 0.323582 
0.440679 0.189084 0.454932 0.300386 0.342717 
0.440679 0.500000 0.470511 0.287028 0.354167 
0.440679 0.500000 0.420866 0.280694 0.360302 
0.440679 0.500000 0.368377 0.301170 0.363226 
0.440679 0.500000 0.329688 0.323715 0.353809 
0.440679 0.500000 0.305234 0.340880 0.343569 
0.440679 0.500000 0.290538 0.351953 0.335869 
0.440679 0.500000 0.281809 0.358685 0.330947 
0.440679 0.500000 0.276624 0.362711 0.327972 
0.440679 0.500000 0.273536 0.365111 0.326200 
0.440679 0.500000 0.271693 0.366544 0.325146 
0.440679 0.500000 0.270590 0.367400 0.324518 
0.440679 0.500000 0.269930 0.367913 0.324142 
0.440679 0.500000 0.269534 0.368220 0.323918 
0.440679 0.500000 0.269297 0.368404 0.323783 
0.440679 0.500000 0.269155 0.368515 0.323702 
0.440679 0.500000 0.269069 0.368581 0.323654 
0.440679 0.500000 0.269018 0.368621 0.323625 
0.440679 0.500000 0.268987 0.368644 0.323608 
0.440679 0.500000 0.268969 0.368659 0.323597 
0.440679 0.500000 0.268958 0.368667 0.323591 
0.440679 0.500000 0.268951 0.368673 0.323587 
0.440679 0.500000 0.268947 0.368676 0.323585 
0.440679 0.500000 0.268945 0.368677 0.323584 
0.440679 0.500000 0.268944 0.368679 0.323583 
0.440679 0.500000 0.268943 0.368679 0.323582 
0.440679 0.500000 0.268942 0.368680 0.323582 
0.440679 0.500000 0.268942 0.368680 0.323582 
0.440679 0.500000 0.268942 0.368680 0.323582 
0.440679 0.500000 0.268942 0.368680 0.323582 
0.440679 0.500000 0.268942 0.368680 0.323582 
0.440679 0.500000 0.268941 0.368680 0.323582 
0.440679 0.500000 0.268941 0.368680 0.323582 
0.440679 0.500000 0.268941 0.368680 0.323582 
0.440679 0.500000 0.268941 0.368680 0.323582 
0.440679 0.500000 0.268941 0.368680 0.323582 
0.440679 0.500000 0.268941 0.368680 0.323582 
0.440679 0.500000 0.268941 0.368680 0.323582 
0.440679 0.500000 0.268941 0.368680 0.323582 
0.440679 0.500000 0.268941 0.368680 0.323582 
0.440679 0.500000 0.268941 0.368680 0.323582 
0.440679 0.500000 0.268941 0.368680 0.323582 
0.440679 0.500000 0.268941 0.368680 0.323582 
0.440679 0.500000 0.268941 0.368680 0.323582 
0.440679 0.500000 0.268941 0.368680 0.323582 
0.440679 0.500000 0.268941 0.368680 0.323582 
0.440679 0.500000 0.268941 0.368680 0.323582 
0.440679 0.500000 0.268941 0.368680 0.323582 
0.440679 0.500000 0.268941 0.368680 0.323582 
0.440679 0.500000 0.268941 0.368680 0.323582 
0.440679 0.500000 0.268941 0.368680 0.323582 
0.440679 0.500000 0.268941 0.368680 0.323582 
0.440679 0.500000 0.268941 0.368680 0.323582 
0.440679 0.500000 0.268941 0.368680 0.323582 
0.440679 0.500000 0.268941 0.368680 0.323582 
0.440679 0.500000 0.268941 0.368680 0.323582 
0.440679 0.500000 0.268941 0.368680 0.323582 
0.440679 0.500000 0.268941 0.368680 0.323582 
0.440679 0.500000 0.268941 0.368680 0.323582 
0.440679 0.500000 0.268941 0.368680 0.323582 
0.440679 0.500000 0.268941 0.368680 0.323582 
0.440679 0.500000 0.268941 0.368680 0.323582 
0.440679 0.500000 0.268941 0.368680 0.323582 
0.440679 0.500000 0.268941 0.368680 0.323582 
0.440679 0.500000 0.268941 0.368680 0.323582 
0.440679 0.500000 0.268941 0.368680 0.323582 
0.440679 0.500000 0.268941 0.368680 0.323582 
0.440679 0.500000 0.268941 0.368680 0.323582 
0.440679 0.500000 0.268941 0.368680 0.323582 
0.440679 0.500000 0.268941 0.368680 0.323582 
0.440679 0.500000 0.268941 0.368680 0.323582 
0.440679 0.500000 0.268941 0.368680 0.323582 
0.440679 0.500000 0.268941 0.368680 0.323582 
0.440679 0.500000 0.268941 0.368680 0.323582 
0.440679 0.500000 0.268941 0.368680 0.323582 
0.440679 0.500000 0.268941 0.368680 0.323582 
0.440679 0.500000 0.268941 0.368680 0.323582 
0.440679 0.500000 0.268941 0.368680 0.323582 
0.440679 0.500000 0.268941 0.368680 0.323582 
0.440679 0.500000 0.268941 0.368680 0.323582 
0.440679 0.500000 0.268941 0.368680 0.323582 
0.440679 0.500000 0.268941 0.368680 0.323582 
0.440679 0.500000 0.268941 0.368680 0.323582 
0.440679 0.500000 0.268941 0.368680 0.323582 
0.440679 0.500000 0.268941 0.368680 0.323582 
0.440679 0.500000 0.268941 0.368680 0.323582 
0.440679 0.500000 0.268941 0.368680 0.323582 
0.440679 0.500000 0.268941 0.368680 0.323582 
0.440679 0.500000 0.268941 0.368680 0.323582 
0.440679 0.500000 0.268941 0.368680 0.323582 
0.440679 0.500000 0.268941 0.368680 0.323582 
0.440679 0.500000 0.268941 0.368680 0.323582 
0.440679 0.500000 0.268941 0.368680 0.323582 
0.440679 0.500000 0.268941 0.368680 0.323582 
0.440679 0.500000 0.268941 0.368680 0.323582 
0.440679 0.500000 0.268941 0.368680 0.323582 
0.440679 0.500000 0.268941 0.368680 0.323582 
0.440679 0.268941 0.268941 0.500000 0.500000 
0.440679 0.292886 0.364064 0.368680 0.500000 
0.440679 0.256696 0.402921 0.325606 0.323582 
0.440679 0.225201 0.432735 0.308777 0.342717 
0.440679 0.206149 0.454007 0.296198 0.350338 
0.440679 0.194105 0.467139 0.287406 0.356085 
0.440679 0.500000 0.475012 0.282058 0.360127 
0.440679 0.500000 0.427521 0.278880 0.362596 
0.440679 0.500000 0.374099 0.298376 0.364066 
0.440679 0.500000 0.333512 0.321214 0.355087 
0.440679 0.188473 0.307569 0.339163 0.344698 
0.440679 0.197022 0.417865 0.350888 0.336635 
0.440679 0.204871 0.454740 0.302435 0.331419 
0.440679 0.195256 0.467689 0.287106 0.353230 
0.440679 0.500000 0.475104 0.281835 0.360265 
0.440679 0.500000 0.427663 0.278843 0.362699 
0.440679 0.500000 0.374224 0.298317 0.364083 
0.440679 0.500000 0.333597 0.321160 0.355114 
0.440679 0.188470 0.307621 0.339125 0.344722 
0.440679 0.197010 0.417887 0.350864 0.336652 
0.440679 0.204858 0.454751 0.302426 0.331429 
0.440679 0.195247 0.467696 0.287102 0.353235 
0.440679 0.500000 0.475108 0.281832 0.360267 
0.440679 0.500000 0.427670 0.278841 0.362700 
0.440679 0.500000 0.374230 0.298314 0.364084 
0.440679 0.500000 0.333601 0.321157 0.355116 
0.440679 0.188469 0.307624 0.339124 0.344724 
0.440679 0.197009 0.417888 0.350863 0.336653 
0.440679 0.204857 0.454752 0.302425 0.331430 
0.440679 0.195247 0.467696 0.287101 0.353235 
0.440679 0.500000 0.475109 0.281832 0.360268 
0.440679 0.500000 0.427671 0.278841 0.362700 
0.440679 0.500000 0.374231 0.298314 0.364084 
0.440679 0.500000 0.333602 0.321157 0.355116 
0.440679 0.188469 0.307624 0.339123 0.344724 
0.440679 0.197009 0.417888 0.350863 0.336653 
0.440679 0.204857 0.454752 0.302425 0.331430 
0.440679 0.195246 0.467696 0.287101 0.353235 
0.440679 0.500000 0.475109 0.281832 0.360268 
0.440679 0.500000 0.427671 0.278841 0.362700 
0.440679 0.500000 0.374231 0.298314 0.364084 
0.440679 0.500000 0.333602 0.321157 0.355116 
0.440679 0.188469 0.307624 0.339123 0.344724 
0.440679 0.197009 0.417888 0.350863 0.336653 
0.440679 0.204857 0.454752 0.302425 0.331430 
0.440679 0.195246 0.467696 0.287101 0.353235 
0.440679 0.500000 0.475109 0.281832 0.360268 
0.440679 0.500000 0.427671 0.278841 0.362700 
0.440679 0.500000 0.374231 0.298314 0.364084 
0.440679 0.500000 0.333602 0.321157 0.355116 
0.440679 0.188469 0.307624 0.339123 0.344724 
0.440679 0.197009 0.417888 0.350863 0.336653 
0.440679 0.204857 0.454752 0.302425 0.331430 
0.440679 0.195246 0.467696 0.287101 0.353235 
0.440679 0.500000 0.475109 0.281832 0.360268 
0.440679 0.500000 0.427671 0.278841 0.362700 
0.440679 0.500000 0.374231 0.298314 0.364084 
0.440679 0.500000 0.333602 0.321157 0.355116 
0.440679 0.188469 0.307624 0.339123 0.344724 
0.440679 0.197009 0.417888 0.350863 0.336653 
0.440679 0.204857 0.454752 0.302425 0.331430 
0.440679 0.195246 0.467696 0.287101 0.353235 
0.440679 0.500000 0.475109 0.281832 0.360268 
0.440679 0.500000 0.427671 0.278841 0.362700 
0.440679 0.500000 0.374231 0.298314 0.364084 
0.440679 0.500000 0.333602 0.321157 0.355116 
0.440679 0.188469 0.307624 0.339123 0.344724 
0.440679 0.197009 0.417888 0.350863 0.336653 
0.440679 0.204857 0.454752 0.302425 0.331430 
0.440679 0.195246 0.467696 0.287101 0.353235 
0.440679 0.500000 0.475109 0.281832 0.360268 
0.440679 0.500000 0.427671 0.278841 0.362700 
0.440679 0.500000 0.374231 0.298314 0.364084 
0.440679 0.500000 0.333602 0.321157 0.355116 
0.440679 0.188469 0.307624 0.339123 0.344724 
0.440679 0.197009 0.417888 0.350863 0.336653 
0.440679 0.204857 0.454752 0.302425 0.331430 
0.440679 0.195246 0.467696 0.287101 0.353235 
0.440679 0.500000 0.475109 0.281832 0.360268 
0.440679 0.500000 0.427671 0.278841 0.362700 
0.440679 0.500000 0.374231 0.298314 0.364084 
0.440679 0.500000 0.333602 0.321157 0.355116 
0.440679 0.188469 0.307624 0.339123 0.344724 
0.440679 0.197009 0.417888 0.350863 0.336653 
0.440679 0.204857 0.454752 0.302425 0.331430 
0.440679 0.195246 0.467696 0.287101 0.353235 
0.440679 0.500000 0.475109 0.281832 0.360268 
0.440679 0.500000 0.427671 0.278841 0.362700 
0.440679 0.500000 0.374231 0.298314 0.364084 
0.440679 0.500000 0.333602 0.321157 0.355116 
0.440679 0.188469 0.307624 0.339123 0.344724 
0.440679 0.197009 0.417888 0.350863 0.336653 
0.440679 0.204857 0.454752 0.302425 0.331430 
0.440679 0.195246 0.467696 0.287101 0.353235 
0.440679 0.500000 0.475109 0.281832 0.360268 
0.440679 0.500000 0.427671 0.278841 0.362700 
0.440679 0.500000 0.374231 0.298314 0.364084 
0.440679 0.500000 0.333602 0.321157 0.355116 
0.440679 0.188469 0.307624 0.339123 0.344724 
0.440679 0.197009 0.417888 0.350863 0.336653 
