0.500000 0.470235 0.406720 0.433167 0.500000 0.500000 0.470235 0.500000 0.500000 
0.500000 0.470235 0.406062 0.458653 0.500000 0.391579 0.420745 0.500000 0.500000 
0.500000 0.470235 0.405732 0.475848 0.500000 0.391579 0.421034 0.500000 0.500000 
0.500000 0.470235 0.405567 0.486393 0.500000 0.391579 0.421179 0.500000 0.500000 
0.500000 0.470235 0.405485 0.492495 0.500000 0.391579 0.421251 0.500000 0.500000 
0.500000 0.470235 0.405444 0.495910 0.500000 0.391579 0.421287 0.500000 0.500000 
0.500000 0.470235 0.405423 0.497786 0.500000 0.391579 0.421305 0.500000 0.500000 
0.500000 0.470235 0.405413 0.498806 0.500000 0.391579 0.421314 0.500000 0.500000 
0.500000 0.470235 0.405407 0.499357 0.500000 0.391579 0.421319 0.500000 0.500000 
0.500000 0.470235 0.405405 0.499654 0.500000 0.391579 0.421321 0.500000 0.500000 
0.500000 0.470235 0.405404 0.499814 0.500000 0.391579 0.421322 0.500000 0.500000 
0.500000 0.470235 0.405403 0.499900 0.500000 0.391579 0.421323 0.500000 0.500000 
0.500000 0.470235 0.405403 0.499946 0.500000 0.391579 0.421323 0.500000 0.500000 
0.500000 0.470235 0.405402 0.499971 0.500000 0.391579 0.421323 0.500000 0.500000 
0.500000 0.470235 0.405402 0.499985 0.500000 0.391579 0.421323 0.500000 0.500000 
0.500000 0.470235 0.405402 0.499992 0.500000 0.391579 0.421323 0.500000 0.500000 
0.500000 0.470235 0.405402 0.499996 0.500000 0.391579 0.421323 0.500000 0.500000 
0.500000 0.470235 0.405402 0.499998 0.500000 0.391579 0.421323 0.500000 0.500000 
0.500000 0.470235 0.405402 0.499999 0.500000 0.391579 0.421323 0.500000 0.500000 
0.500000 0.470235 0.405402 0.499999 0.500000 0.391579 0.421323 0.500000 0.500000 
0.500000 0.470235 0.405402 0.500000 0.500000 0.391579 0.421323 0.500000 0.500000 
0.500000 0.470235 0.405402 0.500000 0.500000 0.391579 0.421323 0.500000 0.500000 
0.500000 0.470235 0.405402 0.500000 0.500000 0.391579 0.421323 0.500000 0.500000 
0.500000 0.470235 0.405402 0.500000 0.500000 0.391579 0.421323 0.500000 0.500000 
0.500000 0.470235 0.405402 0.500000 0.500000 0.391579 0.421323 0.500000 0.500000 
0.500000 0.470235 0.405402 0.500000 0.500000 0.391579 0.421323 0.500000 0.500000 
0.500000 0.470235 0.405402 0.500000 0.500000 0.391579 0.421323 0.500000 0.500000 
0.500000 0.470235 0.405402 0.500000 0.500000 0.391579 0.421323 0.500000 0.500000 
0.500000 0.470235 0.405402 0.500000 0.500000 0.391579 0.421323 0.500000 0.500000 
0.500000 0.470235 0.405402 0.500000 0.500000 0.391579 0.421323 0.500000 0.500000 
0.500000 0.470235 0.405402 0.500000 0.500000 0.391579 0.421323 0.500000 0.500000 
0.500000 0.470235 0.405402 0.500000 0.500000 0.391579 0.421323 0.500000 0.500000 
0.500000 0.470235 0.405402 0.500000 0.500000 0.391579 0.421323 0.500000 0.500000 
0.500000 0.470235 0.405402 0.500000 0.500000 0.391579 0.421323 0.500000 0.500000 
0.500000 0.470235 0.405402 0.500000 0.500000 0.391579 0.421323 0.500000 0.500000 
0.500000 0.470235 0.405402 0.500000 0.500000 0.391579 0.421323 0.500000 0.500000 
0.500000 0.470235 0.405402 0.500000 0.500000 0.391579 0.421323 0.500000 0.500000 
0.500000 0.470235 0.405402 0.500000 0.500000 0.391579 0.421323 0.500000 0.500000 
0.500000 0.470235 0.405402 0.500000 0.500000 0.391579 0.421323 0.500000 0.500000 
0.500000 0.470235 0.405402 0.500000 0.500000 0.391579 0.421323 0.500000 0.500000 
0.500000 0.470235 0.405402 0.500000 0.500000 0.391579 0.421323 0.500000 0.500000 
0.500000 0.470235 0.405402 0.500000 0.500000 0.391579 0.421323 0.500000 0.500000 
0.500000 0.470235 0.405402 0.500000 0.500000 0.391579 0.421323 0.500000 0.500000 
0.500000 0.470235 0.405402 0.500000 0.500000 0.391579 0.421323 0.500000 0.500000 
0.500000 0.470235 0.405402 0.500000 0.500000 0.391579 0.421323 0.500000 0.500000 
0.500000 0.470235 0.405402 0.500000 0.500000 0.391579 0.421323 0.500000 0.500000 
0.500000 0.470235 0.405402 0.500000 0.500000 0.391579 0.421323 0.500000 0.500000 
0.500000 0.470235 0.405402 0.500000 0.500000 0.391579 0.421323 0.500000 0.500000 
0.500000 0.470235 0.405402 0.500000 0.500000 0.391579 0.421323 0.500000 0.500000 
0.500000 0.470235 0.405402 0.500000 0.500000 0.391579 0.421323 0.500000 0.500000 
0.500000 0.470235 0.405402 0.500000 0.500000 0.391579 0.421323 0.500000 0.500000 
0.500000 0.470235 0.405402 0.500000 0.500000 0.391579 0.421323 0.500000 0.500000 
0.500000 0.470235 0.405402 0.500000 0.500000 0.391579 0.421323 0.500000 0.500000 
0.500000 0.470235 0.405402 0.500000 0.500000 0.391579 0.421323 0.500000 0.500000 
0.500000 0.470235 0.405402 0.500000 0.500000 0.391579 0.421323 0.500000 0.500000 
0.500000 0.470235 0.405402 0.500000 0.500000 0.391579 0.421323 0.500000 0.500000 
0.500000 0.470235 0.405402 0.500000 0.500000 0.391579 0.421323 0.500000 0.500000 
0.500000 0.470235 0.405402 0.500000 0.500000 0.391579 0.421323 0.500000 0.500000 
0.500000 0.470235 0.405402 0.500000 0.500000 0.391579 0.421323 0.500000 0.500000 
0.500000 0.470235 0.405402 0.500000 0.500000 0.391579 0.421323 0.500000 0.500000 
0.500000 0.470235 0.405402 0.500000 0.500000 0.391579 0.421323 0.500000 0.500000 
0.500000 0.470235 0.405402 0.500000 0.500000 0.391579 0.421323 0.500000 0.500000 
0.500000 0.470235 0.405402 0.500000 0.500000 0.391579 0.421323 0.500000 0.500000 
0.500000 0.470235 0.405402 0.500000 0.500000 0.391579 0.421323 0.500000 0.500000 
0.500000 0.470235 0.405402 0.500000 0.500000 0.391579 0.421323 0.500000 0.500000 
0.500000 0.470235 0.405402 0.500000 0.500000 0.391579 0.421323 0.500000 0.500000 
0.500000 0.470235 0.405402 0.500000 0.500000 0.391579 0.421323 0.500000 0.500000 
0.500000 0.470235 0.405402 0.500000 0.500000 0.391579 0.421323 0.500000 0.500000 
0.500000 0.470235 0.405402 0.500000 0.500000 0.391579 0.421323 0.500000 0.500000 
0.500000 0.470235 0.405402 0.500000 0.500000 0.391579 0.421323 0.500000 0.500000 
0.500000 0.470235 0.405402 0.500000 0.500000 0.391579 0.421323 0.500000 0.500000 
0.500000 0.470235 0.405402 0.500000 0.500000 0.391579 0.421323 0.500000 0.500000 
0.500000 0.470235 0.405402 0.500000 0.500000 0.391579 0.421323 0.500000 0.500000 
0.500000 0.470235 0.405402 0.500000 0.500000 0.391579 0.421323 0.500000 0.500000 
0.500000 0.470235 0.405402 0.500000 0.500000 0.391579 0.421323 0.500000 0.500000 
0.500000 0.470235 0.405402 0.500000 0.500000 0.391579 0.421323 0.500000 0.500000 
0.500000 0.470235 0.405402 0.500000 0.500000 0.391579 0.421323 0.500000 0.500000 
0.500000 0.470235 0.405402 0.500000 0.500000 0.391579 0.421323 0.500000 0.500000 
0.500000 0.470235 0.405402 0.500000 0.500000 0.391579 0.421323 0.500000 0.500000 
0.500000 0.470235 0.405402 0.500000 0.500000 0.391579 0.421323 0.500000 0.500000 
0.500000 0.470235 0.405402 0.500000 0.500000 0.391579 0.421323 0.500000 0.500000 
0.500000 0.470235 0.405402 0.500000 0.500000 0.391579 0.421323 0.500000 0.500000 
0.500000 0.470235 0.405402 0.500000 0.500000 0.391579 0.421323 0.500000 0.500000 
0.500000 0.470235 0.405402 0.500000 0.500000 0.391579 0.421323 0.500000 0.500000 
0.500000 0.470235 0.405402 0.500000 0.500000 0.391579 0.421323 0.500000 0.500000 
0.500000 0.470235 0.405402 0.500000 0.500000 0.391579 0.421323 0.500000 0.500000 
0.500000 0.470235 0.405402 0.500000 0.500000 0.391579 0.421323 0.500000 0.500000 
0.500000 0.470235 0.405402 0.500000 0.500000 0.391579 0.421323 0.500000 0.500000 
0.500000 0.470235 0.405402 0.500000 0.500000 0.391579 0.421323 0.500000 0.500000 
0.500000 0.470235 0.405402 0.500000 0.500000 0.391579 0.421323 0.500000 0.500000 
0.500000 0.470235 0.405402 0.500000 0.500000 0.391579 0.421323 0.500000 0.500000 
0.500000 0.470235 0.405402 0.500000 0.500000 0.391579 0.421323 0.500000 0.500000 
0.500000 0.470235 0.405402 0.500000 0.500000 0.391579 0.421323 0.500000 0.500000 
0.500000 0.470235 0.405402 0.500000 0.500000 0.391579 0.421323 0.500000 0.500000 
0.500000 0.470235 0.405402 0.500000 0.500000 0.391579 0.421323 0.500000 0.500000 
0.500000 0.470235 0.405402 0.500000 0.500000 0.391579 0.421323 0.500000 0.500000 
0.500000 0.470235 0.405402 0.500000 0.500000 0.391579 0.421323 0.500000 0.500000 
0.500000 0.470235 0.405402 0.500000 0.500000 0.391579 0.421323 0.500000 0.500000 
0.500000 0.470235 0.405402 0.500000 0.500000 0.391579 0.421323 0.500000 0.500000 
0.500000 0.470235 0.405402 0.500000 0.500000 0.391579 0.421323 0.500000 0.500000 
0.500000 0.470235 0.406720 0.433167 0.500000 0.500000 0.470235 0.500000 0.500000 
0.500000 0.470235 0.406062 0.458653 0.500000 0.391579 0.420745 0.500000 0.500000 
0.500000 0.470235 0.405732 0.475848 0.500000 0.391579 0.421034 0.500000 0.500000 
0.500000 0.470235 0.405567 0.486393 0.500000 0.391579 0.421179 0.500000 0.500000 
0.500000 0.470235 0.405485 0.492495 0.500000 0.391579 0.421251 0.500000 0.500000 
0.500000 0.470235 0.405444 0.495910 0.500000 0.391579 0.421287 0.500000 0.500000 
0.500000 0.470235 0.405423 0.497786 0.500000 0.391579 0.421305 0.500000 0.500000 
0.500000 0.470235 0.405413 0.498806 0.500000 0.391579 0.421314 0.500000 0.500000 
0.500000 0.470235 0.405407 0.499357 0.500000 0.391579 0.421319 0.500000 0.500000 
0.500000 0.470235 0.405405 0.499654 0.500000 0.391579 0.421321 0.500000 0.500000 
0.500000 0.470235 0.405404 0.499814 0.500000 0.391579 0.421322 0.500000 0.500000 
0.500000 0.470235 0.405403 0.499900 0.500000 0.391579 0.421323 0.500000 0.500000 
0.500000 0.470235 0.405403 0.499946 0.500000 0.391579 0.421323 0.500000 0.500000 
0.500000 0.470235 0.405402 0.499971 0.500000 0.391579 0.421323 0.500000 0.500000 
0.500000 0.470235 0.405402 0.499985 0.500000 0.391579 0.421323 0.500000 0.500000 
0.500000 0.470235 0.405402 0.499992 0.500000 0.391579 0.421323 0.500000 0.500000 
0.500000 0.470235 0.405402 0.499996 0.500000 0.391579 0.421323 0.500000 0.500000 
0.500000 0.470235 0.405402 0.499998 0.500000 0.391579 0.421323 0.500000 0.500000 
0.500000 0.470235 0.405402 0.499999 0.500000 0.391579 0.421323 0.500000 0.500000 
0.500000 0.470235 0.405402 0.499999 0.500000 0.391579 0.421323 0.500000 0.500000 
0.500000 0.470235 0.405402 0.500000 0.500000 0.391579 0.421323 0.500000 0.500000 
0.500000 0.470235 0.405402 0.500000 0.500000 0.391579 0.421323 0.500000 0.500000 
0.500000 0.470235 0.405402 0.500000 0.500000 0.391579 0.421323 0.500000 0.500000 
0.500000 0.470235 0.405402 0.500000 0.500000 0.391579 0.421323 0.500000 0.500000 
0.500000 0.470235 0.405402 0.500000 0.500000 0.391579 0.421323 0.500000 0.500000 
0.500000 0.470235 0.405402 0.500000 0.500000 0.391579 0.421323 0.500000 0.500000 
0.500000 0.470235 0.405402 0.500000 0.500000 0.391579 0.421323 0.500000 0.500000 
0.500000 0.470235 0.405402 0.500000 0.500000 0.391579 0.421323 0.500000 0.500000 
0.500000 0.470235 0.405402 0.500000 0.500000 0.391579 0.421323 0.500000 0.500000 
0.500000 0.470235 0.405402 0.500000 0.500000 0.391579 0.421323 0.500000 0.500000 
0.500000 0.470235 0.405402 0.500000 0.500000 0.391579 0.421323 0.500000 0.500000 
0.500000 0.470235 0.405402 0.500000 0.500000 0.391579 0.421323 0.500000 0.500000 
0.500000 0.470235 0.405402 0.500000 0.500000 0.391579 0.421323 0.500000 0.500000 
0.500000 0.470235 0.405402 0.500000 0.500000 0.391579 0.421323 0.500000 0.500000 
0.500000 0.470235 0.405402 0.500000 0.500000 0.391579 0.421323 0.500000 0.500000 
0.500000 0.470235 0.405402 0.500000 0.500000 0.391579 0.421323 0.500000 0.500000 
0.500000 0.470235 0.405402 0.500000 0.500000 0.391579 0.421323 0.500000 0.500000 
0.500000 0.470235 0.405402 0.500000 0.500000 0.391579 0.421323 0.500000 0.500000 
0.500000 0.470235 0.405402 0.500000 0.500000 0.391579 0.421323 0.500000 0.500000 
0.500000 0.470235 0.405402 0.500000 0.500000 0.391579 0.421323 0.500000 0.500000 
0.500000 0.470235 0.405402 0.500000 0.500000 0.391579 0.421323 0.500000 0.500000 
0.500000 0.470235 0.405402 0.500000 0.500000 0.391579 0.421323 0.500000 0.500000 
0.500000 0.470235 0.405402 0.500000 0.500000 0.391579 0.421323 0.500000 0.500000 
0.500000 0.470235 0.405402 0.500000 0.500000 0.391579 0.421323 0.500000 0.500000 
0.500000 0.470235 0.405402 0.500000 0.500000 0.391579 0.421323 0.500000 0.500000 
0.500000 0.470235 0.405402 0.500000 0.500000 0.391579 0.421323 0.500000 0.500000 
0.500000 0.470235 0.405402 0.500000 0.500000 0.391579 0.421323 0.500000 0.500000 
0.500000 0.470235 0.405402 0.500000 0.500000 0.391579 0.421323 0.500000 0.500000 
0.500000 0.470235 0.405402 0.500000 0.500000 0.391579 0.421323 0.500000 0.500000 
0.500000 0.470235 0.405402 0.500000 0.500000 0.391579 0.421323 0.500000 0.500000 
0.500000 0.470235 0.405402 0.500000 0.500000 0.391579 0.421323 0.500000 0.500000 
0.500000 0.470235 0.405402 0.500000 0.500000 0.391579 0.421323 0.500000 0.500000 
0.500000 0.470235 0.405402 0.500000 0.500000 0.391579 0.421323 0.500000 0.500000 
0.500000 0.470235 0.405402 0.500000 0.500000 0.391579 0.421323 0.500000 0.500000 
0.500000 0.470235 0.405402 0.500000 0.500000 0.391579 0.421323 0.500000 0.500000 
0.500000 0.470235 0.405402 0.500000 0.500000 0.391579 0.421323 0.500000 0.500000 
0.500000 0.470235 0.405402 0.500000 0.500000 0.391579 0.421323 0.500000 0.500000 
0.500000 0.470235 0.405402 0.500000 0.500000 0.391579 0.421323 0.500000 0.500000 
0.500000 0.470235 0.405402 0.500000 0.500000 0.391579 0.421323 0.500000 0.500000 
0.500000 0.470235 0.405402 0.500000 0.500000 0.391579 0.421323 0.500000 0.500000 
0.500000 0.470235 0.405402 0.500000 0.500000 0.391579 0.421323 0.500000 0.500000 
0.500000 0.470235 0.405402 0.500000 0.500000 0.391579 0.421323 0.500000 0.500000 
0.500000 0.470235 0.405402 0.500000 0.500000 0.391579 0.421323 0.500000 0.500000 
0.500000 0.470235 0.405402 0.500000 0.500000 0.391579 0.421323 0.500000 0.500000 
0.500000 0.470235 0.405402 0.500000 0.500000 0.391579 0.421323 0.500000 0.500000 
0.500000 0.470235 0.405402 0.500000 0.500000 0.391579 0.421323 0.500000 0.500000 
0.500000 0.470235 0.405402 0.500000 0.500000 0.391579 0.421323 0.500000 0.500000 
0.500000 0.470235 0.405402 0.500000 0.500000 0.391579 0.421323 0.500000 0.500000 
0.500000 0.470235 0.405402 0.500000 0.500000 0.391579 0.421323 0.500000 0.500000 
0.500000 0.470235 0.405402 0.500000 0.500000 0.391579 0.421323 0.500000 0.500000 
0.500000 0.470235 0.405402 0.500000 0.500000 0.391579 0.421323 0.500000 0.500000 
0.500000 0.470235 0.405402 0.500000 0.500000 0.391579 0.421323 0.500000 0.500000 
0.500000 0.470235 0.405402 0.500000 0.500000 0.391579 0.421323 0.500000 0.500000 
0.500000 0.470235 0.405402 0.500000 0.500000 0.391579 0.421323 0.500000 0.500000 
0.500000 0.470235 0.405402 0.500000 0.500000 0.391579 0.421323 0.500000 0.500000 
0.500000 0.470235 0.405402 0.500000 0.500000 0.391579 0.421323 0.500000 0.500000 
0.500000 0.470235 0.405402 0.500000 0.500000 0.391579 0.421323 0.500000 0.500000 
0.500000 0.470235 0.405402 0.500000 0.500000 0.391579 0.421323 0.500000 0.500000 
0.500000 0.470235 0.405402 0.500000 0.500000 0.391579 0.421323 0.500000 0.500000 
0.500000 0.470235 0.405402 0.500000 0.500000 0.391579 0.421323 0.500000 0.500000 
0.500000 0.470235 0.405402 0.500000 0.500000 0.391579 0.421323 0.500000 0.500000 
0.500000 0.470235 0.405402 0.500000 0.500000 0.391579 0.421323 0.500000 0.500000 
0.500000 0.470235 0.405402 0.500000 0.500000 0.391579 0.421323 0.500000 0.500000 
0.500000 0.470235 0.405402 0.500000 0.500000 0.391579 0.421323 0.500000 0.500000 
0.500000 0.470235 0.405402 0.500000 0.500000 0.391579 0.421323 0.500000 0.500000 
0.500000 0.470235 0.405402 0.500000 0.500000 0.391579 0.421323 0.500000 0.500000 
0.500000 0.470235 0.405402 0.500000 0.500000 0.391579 0.421323 0.500000 0.500000 
0.500000 0.470235 0.405402 0.500000 0.500000 0.391579 0.421323 0.500000 0.500000 
0.500000 0.470235 0.405402 0.500000 0.500000 0.391579 0.421323 0.500000 0.500000 
0.500000 0.470235 0.405402 0.500000 0.500000 0.391579 0.421323 0.500000 0.500000 
0.500000 0.470235 0.405402 0.500000 0.500000 0.391579 0.421323 0.500000 0.500000 
0.500000 0.470235 0.405402 0.500000 0.500000 0.391579 0.421323 0.500000 0.500000 
0.500000 0.470235 0.405402 0.500000 0.500000 0.391579 0.421323 0.500000 0.500000 
0.500000 0.470235 0.405402 0.500000 0.500000 0.391579 0.421323 0.500000 0.500000 
0.500000 0.470235 0.405402 0.500000 0.500000 0.391579 0.421323 0.500000 0.500000 
0.500000 0.470235 0.405402 0.500000 0.500000 0.391579 0.421323 0.500000 0.500000 
0.500000 0.470235 0.405402 0.500000 0.500000 0.391579 0.421323 0.500000 0.500000 
0.500000 0.470235 0.405402 0.500000 0.500000 0.391579 0.421323 0.500000 0.500000 
0.500000 0.470235 0.405402 0.500000 0.500000 0.391579 0.421323 0.500000 0.500000 
0.500000 0.470235 0.405402 0.500000 0.500000 0.391579 0.421323 0.500000 0.500000 
0.500000 0.293013 0.349222 0.324962 0.500000 0.500000 0.293013 0.500000 0.500000 
0.500000 0.293013 0.292762 0.275438 0.303182 0.298718 0.315092 0.500000 0.500000 
0.500000 0.293013 0.294459 0.269415 0.274128 0.298718 0.298655 0.301361 0.500000 
0.500000 0.293013 0.298881 0.268975 0.270734 0.298718 0.299086 0.294178 0.500000 
0.500000 0.293013 0.301814 0.268944 0.269965 0.298718 0.300226 0.293411 0.500000 
0.500000 0.293013 0.303485 0.268942 0.269704 0.298718 0.300997 0.293240 0.500000 
0.500000 0.293013 0.304387 0.268941 0.269594 0.298718 0.301442 0.293182 0.500000 
0.500000 0.293013 0.304863 0.268941 0.269542 0.298718 0.301684 0.293157 0.500000 
0.500000 0.293013 0.305111 0.268941 0.269517 0.298718 0.301811 0.293146 0.500000 
0.500000 0.293013 0.305239 0.268941 0.269504 0.298718 0.301878 0.293140 0.500000 
0.500000 0.293013 0.305305 0.268941 0.269497 0.298718 0.301913 0.293137 0.500000 
0.500000 0.293013 0.305340 0.268941 0.269494 0.298718 0.301930 0.293136 0.500000 
0.500000 0.293013 0.305357 0.268941 0.269492 0.298718 0.301940 0.293135 0.500000 
0.500000 0.293013 0.305367 0.268941 0.269491 0.298718 0.301945 0.293135 0.500000 
0.500000 0.293013 0.305371 0.268941 0.269491 0.298718 0.301947 0.293134 0.500000 
0.500000 0.293013 0.305374 0.268941 0.269490 0.298718 0.301948 0.293134 0.500000 
0.500000 0.293013 0.305375 0.268941 0.269490 0.298718 0.301949 0.293134 0.500000 
0.500000 0.293013 0.305376 0.268941 0.269490 0.298718 0.301949 0.293134 0.500000 
0.500000 0.293013 0.305376 0.268941 0.269490 0.298718 0.301949 0.293134 0.500000 
0.500000 0.293013 0.305376 0.268941 0.269490 0.298718 0.301950 0.293134 0.500000 
0.500000 0.293013 0.305376 0.268941 0.269490 0.298718 0.301950 0.293134 0.500000 
0.500000 0.293013 0.305376 0.268941 0.269490 0.298718 0.301950 0.293134 0.500000 
0.500000 0.293013 0.305376 0.268941 0.269490 0.298718 0.301950 0.293134 0.500000 
0.500000 0.293013 0.305376 0.268941 0.269490 0.298718 0.301950 0.293134 0.500000 
0.500000 0.293013 0.305376 0.268941 0.269490 0.298718 0.301950 0.293134 0.500000 
0.500000 0.293013 0.305376 0.268941 0.269490 0.298718 0.301950 0.293134 0.500000 
0.500000 0.293013 0.305376 0.268941 0.269490 0.298718 0.301950 0.293134 0.500000 
0.500000 0.293013 0.305376 0.268941 0.269490 0.298718 0.301950 0.293134 0.500000 
0.500000 0.293013 0.305376 0.268941 0.269490 0.298718 0.301950 0.293134 0.500000 
0.500000 0.293013 0.305376 0.268941 0.269490 0.298718 0.301950 0.293134 0.500000 
0.500000 0.293013 0.305376 0.268941 0.269490 0.298718 0.301950 0.293134 0.500000 
0.500000 0.293013 0.305376 0.268941 0.269490 0.298718 0.301950 0.293134 0.500000 
0.500000 0.293013 0.305376 0.268941 0.269490 0.298718 0.301950 0.293134 0.500000 
0.500000 0.293013 0.305376 0.268941 0.269490 0.298718 0.301950 0.293134 0.500000 
0.500000 0.293013 0.305376 0.268941 0.269490 0.298718 0.301950 0.293134 0.500000 
0.500000 0.293013 0.305376 0.268941 0.269490 0.298718 0.301950 0.293134 0.500000 
0.500000 0.293013 0.305376 0.268941 0.269490 0.298718 0.301950 0.293134 0.500000 
0.500000 0.293013 0.305376 0.268941 0.269490 0.298718 0.301950 0.293134 0.500000 
0.500000 0.293013 0.305376 0.268941 0.269490 0.298718 0.301950 0.293134 0.500000 
0.500000 0.293013 0.305376 0.268941 0.269490 0.298718 0.301950 0.293134 0.500000 
0.500000 0.293013 0.305376 0.268941 0.269490 0.298718 0.301950 0.293134 0.500000 
0.500000 0.293013 0.305376 0.268941 0.269490 0.298718 0.301950 0.293134 0.500000 
0.500000 0.293013 0.305376 0.268941 0.269490 0.298718 0.301950 0.293134 0.500000 
0.500000 0.293013 0.305376 0.268941 0.269490 0.298718 0.301950 0.293134 0.500000 
0.500000 0.293013 0.305376 0.268941 0.269490 0.298718 0.301950 0.293134 0.500000 
0.500000 0.293013 0.305376 0.268941 0.269490 0.298718 0.301950 0.293134 0.500000 
0.500000 0.293013 0.305376 0.268941 0.269490 0.298718 0.301950 0.293134 0.500000 
0.500000 0.293013 0.305376 0.268941 0.269490 0.298718 0.301950 0.293134 0.500000 
0.500000 0.293013 0.305376 0.268941 0.269490 0.298718 0.301950 0.293134 0.500000 
0.500000 0.293013 0.305376 0.268941 0.269490 0.298718 0.301950 0.293134 0.500000 
0.500000 0.293013 0.305376 0.268941 0.269490 0.298718 0.301950 0.293134 0.500000 
0.500000 0.293013 0.305376 0.268941 0.269490 0.298718 0.301950 0.293134 0.500000 
0.500000 0.293013 0.305376 0.268941 0.269490 0.298718 0.301950 0.293134 0.500000 
0.500000 0.293013 0.305376 0.268941 0.269490 0.298718 0.301950 0.293134 0.500000 
0.500000 0.293013 0.305376 0.268941 0.269490 0.298718 0.301950 0.293134 0.500000 
0.500000 0.293013 0.305376 0.268941 0.269490 0.298718 0.301950 0.293134 0.500000 
0.500000 0.293013 0.305376 0.268941 0.269490 0.298718 0.301950 0.293134 0.500000 
0.500000 0.293013 0.305376 0.268941 0.269490 0.298718 0.301950 0.293134 0.500000 
0.500000 0.293013 0.305376 0.268941 0.269490 0.298718 0.301950 0.293134 0.500000 
0.500000 0.293013 0.305376 0.268941 0.269490 0.298718 0.301950 0.293134 0.500000 
0.500000 0.293013 0.305376 0.268941 0.269490 0.298718 0.301950 0.293134 0.500000 
0.500000 0.293013 0.305376 0.268941 0.269490 0.298718 0.301950 0.293134 0.500000 
0.500000 0.293013 0.305376 0.268941 0.269490 0.298718 0.301950 0.293134 0.500000 
0.500000 0.293013 0.305376 0.268941 0.269490 0.298718 0.301950 0.293134 0.500000 
0.500000 0.293013 0.305376 0.268941 0.269490 0.298718 0.301950 0.293134 0.500000 
0.500000 0.293013 0.305376 0.268941 0.269490 0.298718 0.301950 0.293134 0.500000 
0.500000 0.293013 0.305376 0.268941 0.269490 0.298718 0.301950 0.293134 0.500000 
0.500000 0.293013 0.305376 0.268941 0.269490 0.298718 0.301950 0.293134 0.500000 
0.500000 0.293013 0.305376 0.268941 0.269490 0.298718 0.301950 0.293134 0.500000 
0.500000 0.293013 0.305376 0.268941 0.269490 0.298718 0.301950 0.293134 0.500000 
0.500000 0.293013 0.305376 0.268941 0.269490 0.298718 0.301950 0.293134 0.500000 
0.500000 0.293013 0.305376 0.268941 0.269490 0.298718 0.301950 0.293134 0.500000 
0.500000 0.293013 0.305376 0.268941 0.269490 0.298718 0.301950 0.293134 0.500000 
0.500000 0.293013 0.305376 0.268941 0.269490 0.298718 0.301950 0.293134 0.500000 
0.500000 0.293013 0.305376 0.268941 0.269490 0.298718 0.301950 0.293134 0.500000 
0.500000 0.293013 0.305376 0.268941 0.269490 0.298718 0.301950 0.293134 0.500000 
0.500000 0.293013 0.305376 0.268941 0.269490 0.298718 0.301950 0.293134 0.500000 
0.500000 0.293013 0.305376 0.268941 0.269490 0.298718 0.301950 0.293134 0.500000 
0.500000 0.293013 0.305376 0.268941 0.269490 0.298718 0.301950 0.293134 0.500000 
0.500000 0.293013 0.305376 0.268941 0.269490 0.298718 0.301950 0.293134 0.500000 
0.500000 0.293013 0.305376 0.268941 0.269490 0.298718 0.301950 0.293134 0.500000 
0.500000 0.293013 0.305376 0.268941 0.269490 0.298718 0.301950 0.293134 0.500000 
0.500000 0.293013 0.305376 0.268941 0.269490 0.298718 0.301950 0.293134 0.500000 
0.500000 0.293013 0.305376 0.268941 0.269490 0.298718 0.301950 0.293134 0.500000 
0.500000 0.293013 0.305376 0.268941 0.269490 0.298718 0.301950 0.293134 0.500000 
0.500000 0.293013 0.305376 0.268941 0.269490 0.298718 0.301950 0.293134 0.500000 
0.500000 0.293013 0.305376 0.268941 0.269490 0.298718 0.301950 0.293134 0.500000 
0.500000 0.293013 0.305376 0.268941 0.269490 0.298718 0.301950 0.293134 0.500000 
0.500000 0.293013 0.305376 0.268941 0.269490 0.298718 0.301950 0.293134 0.500000 
0.500000 0.293013 0.305376 0.268941 0.269490 0.298718 0.301950 0.293134 0.500000 
0.500000 0.293013 0.305376 0.268941 0.269490 0.298718 0.301950 0.293134 0.500000 
0.500000 0.293013 0.305376 0.268941 0.269490 0.298718 0.301950 0.293134 0.500000 
0.500000 0.293013 0.305376 0.268941 0.269490 0.298718 0.301950 0.293134 0.500000 
0.500000 0.293013 0.305376 0.268941 0.269490 0.298718 0.301950 0.293134 0.500000 
0.500000 0.293013 0.305376 0.268941 0.269490 0.298718 0.301950 0.293134 0.500000 
0.500000 0.293013 0.305376 0.268941 0.269490 0.298718 0.301950 0.293134 0.500000 
0.500000 0.293013 0.305376 0.268941 0.269490 0.298718 0.301950 0.293134 0.500000 
0.500000 0.293013 0.305376 0.268941 0.269490 0.298718 0.301950 0.293134 0.500000 
0.500000 0.293013 0.305376 0.268941 0.269490 0.298718 0.301950 0.293134 0.500000 
0.500000 0.293013 0.305376 0.268941 0.269490 0.298718 0.301950 0.293134 0.500000 
0.500000 0.324962 0.363044 0.349222 0.500000 0.500000 0.324962 0.500000 0.500000 
0.500000 0.324962 0.331405 0.305895 0.345399 0.337370 0.345935 0.500000 0.500000 
0.500000 0.324962 0.332179 0.282827 0.306733 0.337370 0.338812 0.341954 0.500000 
0.500000 0.324962 0.336783 0.273833 0.291838 0.337370 0.338985 0.333307 0.500000 
0.500000 0.324962 0.340939 0.270641 0.285681 0.337370 0.340017 0.330005 0.500000 
0.500000 0.324962 0.343840 0.269532 0.282875 0.337370 0.340951 0.328645 0.500000 
0.500000 0.324962 0.345673 0.269148 0.281499 0.337370 0.341603 0.328026 0.500000 
0.500000 0.324962 0.346777 0.269014 0.280793 0.337370 0.342015 0.327723 0.500000 
0.500000 0.324962 0.347424 0.268967 0.280419 0.337370 0.342264 0.327568 0.500000 
0.500000 0.324962 0.347797 0.268950 0.280219 0.337370 0.342409 0.327485 0.500000 
0.500000 0.324962 0.348011 0.268945 0.280110 0.337370 0.342493 0.327441 0.500000 
0.500000 0.324962 0.348132 0.268943 0.280051 0.337370 0.342541 0.327417 0.500000 
0.500000 0.324962 0.348200 0.268942 0.280019 0.337370 0.342569 0.327404 0.500000 
0.500000 0.324962 0.348239 0.268942 0.280001 0.337370 0.342584 0.327397 0.500000 
0.500000 0.324962 0.348260 0.268941 0.279991 0.337370 0.342593 0.327393 0.500000 
0.500000 0.324962 0.348272 0.268941 0.279986 0.337370 0.342598 0.327391 0.500000 
0.500000 0.324962 0.348279 0.268941 0.279983 0.337370 0.342600 0.327390 0.500000 
0.500000 0.324962 0.348283 0.268941 0.279981 0.337370 0.342602 0.327389 0.500000 
0.500000 0.324962 0.348285 0.268941 0.279980 0.337370 0.342603 0.327389 0.500000 
0.500000 0.324962 0.348286 0.268941 0.279979 0.337370 0.342603 0.327389 0.500000 
0.500000 0.324962 0.348287 0.268941 0.279979 0.337370 0.342603 0.327388 0.500000 
0.500000 0.324962 0.348287 0.268941 0.279979 0.337370 0.342604 0.327388 0.500000 
0.500000 0.324962 0.348287 0.268941 0.279979 0.337370 0.342604 0.327388 0.500000 
0.500000 0.324962 0.348287 0.268941 0.279979 0.337370 0.342604 0.327388 0.500000 
0.500000 0.324962 0.348288 0.268941 0.279979 0.337370 0.342604 0.327388 0.500000 
0.500000 0.324962 0.348288 0.268941 0.279979 0.337370 0.342604 0.327388 0.500000 
0.500000 0.324962 0.348288 0.268941 0.279979 0.337370 0.342604 0.327388 0.500000 
0.500000 0.324962 0.348288 0.268941 0.279979 0.337370 0.342604 0.327388 0.500000 
0.500000 0.324962 0.348288 0.268941 0.279979 0.337370 0.342604 0.327388 0.500000 
0.500000 0.324962 0.348288 0.268941 0.279979 0.337370 0.342604 0.327388 0.500000 
0.500000 0.324962 0.348288 0.268941 0.279979 0.337370 0.342604 0.327388 0.500000 
0.500000 0.324962 0.348288 0.268941 0.279979 0.337370 0.342604 0.327388 0.500000 
0.500000 0.324962 0.348288 0.268941 0.279979 0.337370 0.342604 0.327388 0.500000 
0.500000 0.324962 0.348288 0.268941 0.279979 0.337370 0.342604 0.327388 0.500000 
0.500000 0.324962 0.348288 0.268941 0.279979 0.337370 0.342604 0.327388 0.500000 
0.500000 0.324962 0.348288 0.268941 0.279979 0.337370 0.342604 0.327388 0.500000 
0.500000 0.324962 0.348288 0.268941 0.279979 0.337370 0.342604 0.327388 0.500000 
0.500000 0.324962 0.348288 0.268941 0.279979 0.337370 0.342604 0.327388 0.500000 
0.500000 0.324962 0.348288 0.268941 0.279979 0.337370 0.342604 0.327388 0.500000 
0.500000 0.324962 0.348288 0.268941 0.279979 0.337370 0.342604 0.327388 0.500000 
0.500000 0.324962 0.348288 0.268941 0.279979 0.337370 0.342604 0.327388 0.500000 
0.500000 0.324962 0.348288 0.268941 0.279979 0.337370 0.342604 0.327388 0.500000 
0.500000 0.324962 0.348288 0.268941 0.279979 0.337370 0.342604 0.327388 0.500000 
0.500000 0.324962 0.348288 0.268941 0.279979 0.337370 0.342604 0.327388 0.500000 
0.500000 0.324962 0.348288 0.268941 0.279979 0.337370 0.342604 0.327388 0.500000 
0.500000 0.324962 0.348288 0.268941 0.279979 0.337370 0.342604 0.327388 0.500000 
0.500000 0.324962 0.348288 0.268941 0.279979 0.337370 0.342604 0.327388 0.500000 
0.500000 0.324962 0.348288 0.268941 0.279979 0.337370 0.342604 0.327388 0.500000 
0.500000 0.324962 0.348288 0.268941 0.279979 0.337370 0.342604 0.327388 0.500000 
0.500000 0.324962 0.348288 0.268941 0.279979 0.337370 0.342604 0.327388 0.500000 
0.500000 0.324962 0.348288 0.268941 0.279979 0.337370 0.342604 0.327388 0.500000 
0.500000 0.324962 0.348288 0.268941 0.279979 0.337370 0.342604 0.327388 0.500000 
0.500000 0.324962 0.348288 0.268941 0.279979 0.337370 0.342604 0.327388 0.500000 
0.500000 0.324962 0.348288 0.268941 0.279979 0.337370 0.342604 0.327388 0.500000 
0.500000 0.324962 0.348288 0.268941 0.279979 0.337370 0.342604 0.327388 0.500000 
0.500000 0.324962 0.348288 0.268941 0.279979 0.337370 0.342604 0.327388 0.500000 
0.500000 0.324962 0.348288 0.268941 0.279979 0.337370 0.342604 0.327388 0.500000 
0.500000 0.324962 0.348288 0.268941 0.279979 0.337370 0.342604 0.327388 0.500000 
0.500000 0.324962 0.348288 0.268941 0.279979 0.337370 0.342604 0.327388 0.500000 
0.500000 0.324962 0.348288 0.268941 0.279979 0.337370 0.342604 0.327388 0.500000 
0.500000 0.324962 0.348288 0.268941 0.279979 0.337370 0.342604 0.327388 0.500000 
0.500000 0.324962 0.348288 0.268941 0.279979 0.337370 0.342604 0.327388 0.500000 
0.500000 0.324962 0.348288 0.268941 0.279979 0.337370 0.342604 0.327388 0.500000 
0.500000 0.324962 0.348288 0.268941 0.279979 0.337370 0.342604 0.327388 0.500000 
0.500000 0.324962 0.348288 0.268941 0.279979 0.337370 0.342604 0.327388 0.500000 
0.500000 0.324962 0.348288 0.268941 0.279979 0.337370 0.342604 0.327388 0.500000 
0.500000 0.324962 0.348288 0.268941 0.279979 0.337370 0.342604 0.327388 0.500000 
0.500000 0.324962 0.348288 0.268941 0.279979 0.337370 0.342604 0.327388 0.500000 
0.500000 0.324962 0.348288 0.268941 0.279979 0.337370 0.342604 0.327388 0.500000 
0.500000 0.324962 0.348288 0.268941 0.279979 0.337370 0.342604 0.327388 0.500000 
0.500000 0.324962 0.348288 0.268941 0.279979 0.337370 0.342604 0.327388 0.500000 
0.500000 0.324962 0.348288 0.268941 0.279979 0.337370 0.342604 0.327388 0.500000 
0.500000 0.324962 0.348288 0.268941 0.279979 0.337370 0.342604 0.327388 0.500000 
0.500000 0.324962 0.348288 0.268941 0.279979 0.337370 0.342604 0.327388 0.500000 
0.500000 0.324962 0.348288 0.268941 0.279979 0.337370 0.342604 0.327388 0.500000 
0.500000 0.324962 0.348288 0.268941 0.279979 0.337370 0.342604 0.327388 0.500000 
0.500000 0.324962 0.348288 0.268941 0.279979 0.337370 0.342604 0.327388 0.500000 
0.500000 0.324962 0.348288 0.268941 0.279979 0.337370 0.342604 0.327388 0.500000 
0.500000 0.324962 0.348288 0.268941 0.279979 0.337370 0.342604 0.327388 0.500000 
0.500000 0.324962 0.348288 0.268941 0.279979 0.337370 0.342604 0.327388 0.500000 
0.500000 0.324962 0.348288 0.268941 0.279979 0.337370 0.342604 0.327388 0.500000 
0.500000 0.324962 0.348288 0.268941 0.279979 0.337370 0.342604 0.327388 0.500000 
0.500000 0.324962 0.348288 0.268941 0.279979 0.337370 0.342604 0.327388 0.500000 
0.500000 0.324962 0.348288 0.268941 0.279979 0.337370 0.342604 0.327388 0.500000 
0.500000 0.324962 0.348288 0.268941 0.279979 0.337370 0.342604 0.327388 0.500000 
0.500000 0.324962 0.348288 0.268941 0.279979 0.337370 0.342604 0.327388 0.500000 
0.500000 0.324962 0.348288 0.268941 0.279979 0.337370 0.342604 0.327388 0.500000 
0.500000 0.324962 0.348288 0.268941 0.279979 0.337370 0.342604 0.327388 0.500000 
0.500000 0.324962 0.348288 0.268941 0.279979 0.337370 0.342604 0.327388 0.500000 
0.500000 0.324962 0.348288 0.268941 0.279979 0.337370 0.342604 0.327388 0.500000 
0.500000 0.324962 0.348288 0.268941 0.279979 0.337370 0.342604 0.327388 0.500000 
0.500000 0.324962 0.348288 0.268941 0.279979 0.337370 0.342604 0.327388 0.500000 
0.500000 0.324962 0.348288 0.268941 0.279979 0.337370 0.342604 0.327388 0.500000 
0.500000 0.324962 0.348288 0.268941 0.279979 0.337370 0.342604 0.327388 0.500000 
0.500000 0.324962 0.348288 0.268941 0.279979 0.337370 0.342604 0.327388 0.500000 
0.500000 0.324962 0.348288 0.268941 0.279979 0.337370 0.342604 0.327388 0.500000 
0.500000 0.324962 0.348288 0.268941 0.279979 0.337370 0.342604 0.327388 0.500000 
0.500000 0.324962 0.348288 0.268941 0.279979 0.337370 0.342604 0.327388 0.500000 
0.500000 0.324962 0.348288 0.268941 0.279979 0.337370 0.342604 0.327388 0.500000 
0.500000 0.324962 0.348288 0.268941 0.279979 0.337370 0.342604 0.327388 0.500000 
