0.500000 0.268941 0.268941 0.500000 0.500000 
0.500000 0.359370 0.208107 0.368680 0.500000 
0.500000 0.429402 0.220802 0.397423 0.323582 
0.500000 0.465043 0.241272 0.391359 0.311129 
0.500000 0.480088 0.270954 0.381651 0.313734 
0.500000 0.486200 0.303980 0.367744 0.317930 
0.500000 0.488336 0.337148 0.352525 0.323992 
0.500000 0.488243 0.367894 0.337536 0.330694 
0.500000 0.486324 0.394497 0.323926 0.337362 
0.500000 0.482310 0.416112 0.312385 0.343474 
0.440679 0.475478 0.432690 0.303175 0.348697 
0.500000 0.471819 0.444699 0.296216 0.352892 
0.500000 0.458087 0.453624 0.291234 0.356077 
0.500000 0.438668 0.459102 0.287563 0.358365 
0.500000 0.413353 0.461645 0.285324 0.360055 
0.500000 0.383416 0.461374 0.284288 0.361087 
0.500000 0.351674 0.458075 0.284398 0.361566 
0.500000 0.321742 0.451210 0.285743 0.361514 
0.500000 0.296905 0.440033 0.288553 0.360894 
0.500000 0.279459 0.423919 0.293164 0.359599 
0.440679 0.270836 0.402962 0.299887 0.357478 
0.500000 0.296167 0.378657 0.308760 0.354396 
0.500000 0.306047 0.361994 0.319230 0.350346 
0.500000 0.323509 0.347336 0.326515 0.345595 
0.500000 0.346011 0.338218 0.332994 0.342307 
0.500000 0.369744 0.335570 0.337057 0.339396 
0.500000 0.390842 0.339223 0.338242 0.337576 
0.500000 0.406930 0.347880 0.336608 0.337047 
0.500000 0.417395 0.359709 0.332753 0.337777 
0.500000 0.422652 0.372859 0.327521 0.339504 
0.440679 0.423378 0.385783 0.321755 0.341854 
0.500000 0.434680 0.397359 0.316140 0.344454 
0.500000 0.427498 0.409912 0.311157 0.346994 
0.500000 0.416753 0.418992 0.305801 0.349256 
0.500000 0.402804 0.425068 0.301960 0.351694 
0.500000 0.386440 0.428111 0.299404 0.353448 
0.500000 0.368881 0.428188 0.298129 0.354616 
0.500000 0.351692 0.425332 0.298097 0.355200 
0.500000 0.336543 0.419592 0.299293 0.355215 
0.500000 0.324941 0.411137 0.301707 0.354667 
0.440679 0.318056 0.400411 0.305281 0.353563 
0.500000 0.340749 0.388266 0.309850 0.351931 
0.500000 0.342532 0.382672 0.315068 0.349850 
0.500000 0.347176 0.376856 0.317487 0.347480 
0.500000 0.353889 0.372578 0.320013 0.346384 
0.500000 0.361809 0.370133 0.321878 0.345241 
0.500000 0.369932 0.369739 0.322946 0.344398 
0.500000 0.377331 0.371296 0.323118 0.343916 
0.500000 0.383295 0.374464 0.322437 0.343838 
0.500000 0.387388 0.378745 0.321055 0.344145 
0.440679 0.389431 0.383583 0.319191 0.344770 
0.500000 0.408056 0.388445 0.317092 0.345612 
0.500000 0.404646 0.397230 0.314991 0.346562 
0.500000 0.398629 0.403756 0.311212 0.347515 
0.500000 0.390423 0.408511 0.308421 0.349230 
0.500000 0.380703 0.411225 0.306396 0.350500 
0.500000 0.370276 0.411866 0.305244 0.351422 
0.500000 0.360068 0.410469 0.304972 0.351948 
0.500000 0.351031 0.407164 0.305564 0.352072 
0.500000 0.344032 0.402196 0.306969 0.351802 
0.440679 0.339752 0.395963 0.309087 0.351161 
0.500000 0.361741 0.389032 0.311755 0.350197 
0.500000 0.361456 0.388158 0.314737 0.348983 
0.500000 0.362030 0.386452 0.315114 0.347630 
0.500000 0.363216 0.385104 0.315851 0.347459 
0.500000 0.364883 0.384092 0.316434 0.347125 
0.500000 0.366828 0.383526 0.316872 0.346860 
0.500000 0.368838 0.383436 0.317117 0.346662 
0.500000 0.370706 0.383805 0.317156 0.346551 
0.500000 0.372255 0.384565 0.316997 0.346533 
0.440679 0.373354 0.385614 0.316668 0.346606 
0.500000 0.394232 0.386829 0.316214 0.346755 
0.500000 0.392326 0.393027 0.315688 0.346960 
0.500000 0.388569 0.397536 0.313017 0.347198 
0.500000 0.383247 0.400963 0.311081 0.348410 
0.500000 0.376879 0.403002 0.309614 0.349290 
0.500000 0.370041 0.403600 0.308743 0.349957 
0.500000 0.363360 0.402774 0.308487 0.350354 
0.500000 0.357457 0.400636 0.308840 0.350470 
0.500000 0.352888 0.397391 0.309753 0.350309 
0.440679 0.350078 0.393341 0.311143 0.349894 
0.500000 0.371710 0.388882 0.312881 0.349262 
0.500000 0.370696 0.390185 0.314802 0.348472 
0.500000 0.369656 0.390383 0.314240 0.347600 
0.500000 0.368551 0.390456 0.314155 0.347855 
0.500000 0.367514 0.390267 0.314123 0.347894 
0.500000 0.366637 0.389867 0.314205 0.347908 
0.500000 0.365999 0.389302 0.314377 0.347871 
0.500000 0.365651 0.388636 0.314621 0.347793 
0.500000 0.365614 0.387938 0.314908 0.347683 
0.440679 0.365874 0.387279 0.315209 0.347552 
0.500000 0.387421 0.386721 0.315494 0.347416 
0.500000 0.386061 0.391528 0.315735 0.347286 
0.500000 0.383313 0.394885 0.313662 0.347177 
0.500000 0.379368 0.397486 0.312218 0.348118 
0.500000 0.374643 0.399041 0.311102 0.348773 
0.500000 0.369583 0.399504 0.310436 0.349280 
0.500000 0.364662 0.398886 0.310238 0.349583 
0.500000 0.360342 0.397281 0.310502 0.349673 
0.500000 0.357021 0.394859 0.311190 0.349553 
