0.500000 0.470235 0.500000 0.500000 0.500000 0.500000 0.500000 0.500000 0.500000 
0.500000 0.470235 0.438769 0.438769 0.438769 0.438769 0.500000 0.500000 0.500000 
0.500000 0.470235 0.435824 0.449176 0.446741 0.438769 0.444390 0.444390 0.500000 
0.500000 0.470235 0.435088 0.458440 0.448514 0.438769 0.444901 0.442994 0.500000 
0.500000 0.470235 0.434888 0.466361 0.447810 0.438769 0.445028 0.442681 0.500000 
0.500000 0.470235 0.434720 0.472987 0.446115 0.438769 0.445062 0.442805 0.500000 
0.500000 0.470235 0.434473 0.478449 0.444104 0.438769 0.445091 0.443104 0.500000 
0.500000 0.470235 0.434155 0.482902 0.442098 0.438769 0.445134 0.443458 0.500000 
0.500000 0.470235 0.433800 0.486498 0.440250 0.438769 0.445189 0.443809 0.500000 
0.500000 0.470235 0.433442 0.489381 0.438621 0.438769 0.445250 0.444132 0.500000 
0.500000 0.470235 0.500000 0.491676 0.437229 0.438769 0.445312 0.444415 0.500000 
0.500000 0.470235 0.500000 0.492584 0.442185 0.438769 0.500000 0.444657 0.500000 
0.500000 0.470235 0.500000 0.493395 0.444407 0.438769 0.500000 0.443794 0.500000 
0.500000 0.470235 0.433512 0.494120 0.445358 0.438769 0.500000 0.443404 0.500000 
0.500000 0.470235 0.433796 0.495410 0.439869 0.438769 0.445300 0.443237 0.500000 
0.500000 0.470235 0.433403 0.496419 0.436778 0.438769 0.445251 0.444198 0.500000 
0.500000 0.470235 0.500000 0.497211 0.434966 0.438769 0.445319 0.444735 0.500000 
0.500000 0.470235 0.500000 0.497521 0.440127 0.438769 0.500000 0.445049 0.500000 
0.500000 0.470235 0.500000 0.497797 0.442550 0.438769 0.500000 0.444153 0.500000 
0.500000 0.470235 0.500000 0.498043 0.443688 0.438769 0.500000 0.443730 0.500000 
0.500000 0.470235 0.433453 0.498261 0.444210 0.438769 0.500000 0.443530 0.500000 
0.500000 0.470235 0.433654 0.498648 0.438497 0.438769 0.445310 0.443439 0.500000 
0.500000 0.470235 0.433197 0.498949 0.435448 0.438769 0.445275 0.444437 0.500000 
0.500000 0.470235 0.500000 0.499183 0.433787 0.438769 0.445354 0.444966 0.500000 
0.500000 0.470235 0.500000 0.499275 0.439212 0.438769 0.500000 0.445253 0.500000 
0.500000 0.470235 0.500000 0.499356 0.441796 0.438769 0.500000 0.444313 0.500000 
0.500000 0.470235 0.500000 0.499428 0.443046 0.438769 0.500000 0.443862 0.500000 
0.500000 0.470235 0.433302 0.499492 0.443652 0.438769 0.500000 0.443643 0.500000 
0.500000 0.470235 0.433525 0.499606 0.437959 0.438769 0.445336 0.443537 0.500000 
0.500000 0.470235 0.500000 0.499694 0.434977 0.438769 0.445298 0.444530 0.500000 
0.500000 0.470235 0.500000 0.499728 0.439684 0.438769 0.500000 0.445047 0.500000 
0.500000 0.470235 0.500000 0.499759 0.441946 0.438769 0.500000 0.444230 0.500000 
0.500000 0.470235 0.500000 0.499786 0.443050 0.438769 0.500000 0.443835 0.500000 
0.500000 0.470235 0.433361 0.499810 0.443592 0.438769 0.500000 0.443642 0.500000 
0.500000 0.470235 0.433549 0.499852 0.437874 0.438769 0.445326 0.443547 0.500000 
0.500000 0.470235 0.500000 0.499885 0.434889 0.438769 0.445294 0.444545 0.500000 
0.500000 0.470235 0.500000 0.499898 0.439608 0.438769 0.500000 0.445062 0.500000 
0.500000 0.470235 0.500000 0.499910 0.441879 0.438769 0.500000 0.444244 0.500000 
0.500000 0.470235 0.500000 0.499920 0.442991 0.438769 0.500000 0.443847 0.500000 
0.500000 0.470235 0.433349 0.499929 0.443539 0.438769 0.500000 0.443653 0.500000 
0.500000 0.470235 0.433538 0.499945 0.437823 0.438769 0.445328 0.443557 0.500000 
0.500000 0.470235 0.500000 0.499957 0.434844 0.438769 0.445296 0.444554 0.500000 
0.500000 0.470235 0.500000 0.499962 0.439573 0.438769 0.500000 0.445070 0.500000 
0.500000 0.470235 0.500000 0.499966 0.441851 0.438769 0.500000 0.444250 0.500000 
0.500000 0.470235 0.500000 0.499970 0.442967 0.438769 0.500000 0.443852 0.500000 
0.500000 0.470235 0.433344 0.499973 0.443519 0.438769 0.500000 0.443657 0.500000 
0.500000 0.470235 0.433533 0.499979 0.437803 0.438769 0.445329 0.443560 0.500000 
0.500000 0.470235 0.500000 0.499984 0.434827 0.438769 0.445296 0.444557 0.500000 
0.500000 0.470235 0.500000 0.499986 0.439560 0.438769 0.500000 0.445073 0.500000 
0.500000 0.470235 0.500000 0.499987 0.441840 0.438769 0.500000 0.444252 0.500000 
0.500000 0.470235 0.500000 0.499989 0.442958 0.438769 0.500000 0.443854 0.500000 
0.500000 0.470235 0.433341 0.499990 0.443511 0.438769 0.500000 0.443658 0.500000 
0.500000 0.470235 0.433531 0.499992 0.437796 0.438769 0.445329 0.443561 0.500000 
0.500000 0.470235 0.500000 0.499994 0.434820 0.438769 0.445297 0.444559 0.500000 
0.500000 0.470235 0.500000 0.499995 0.439555 0.438769 0.500000 0.445074 0.500000 
0.500000 0.470235 0.500000 0.499995 0.441836 0.438769 0.500000 0.444253 0.500000 
0.500000 0.470235 0.500000 0.499996 0.442955 0.438769 0.500000 0.443855 0.500000 
0.500000 0.470235 0.433341 0.499996 0.443508 0.438769 0.500000 0.443659 0.500000 
0.500000 0.470235 0.433530 0.499997 0.437793 0.438769 0.445330 0.443562 0.500000 
0.500000 0.470235 0.500000 0.499998 0.434818 0.438769 0.445297 0.444559 0.500000 
0.500000 0.470235 0.500000 0.499998 0.439553 0.438769 0.500000 0.445075 0.500000 
0.500000 0.470235 0.500000 0.499998 0.441835 0.438769 0.500000 0.444253 0.500000 
0.500000 0.470235 0.500000 0.499998 0.442954 0.438769 0.500000 0.443855 0.500000 
0.500000 0.470235 0.433340 0.499999 0.443507 0.438769 0.500000 0.443659 0.500000 
0.500000 0.470235 0.433530 0.499999 0.437792 0.438769 0.445330 0.443562 0.500000 
0.500000 0.470235 0.500000 0.499999 0.434817 0.438769 0.445297 0.444559 0.500000 
0.500000 0.470235 0.500000 0.499999 0.439553 0.438769 0.500000 0.445075 0.500000 
0.500000 0.470235 0.500000 0.499999 0.441834 0.438769 0.500000 0.444253 0.500000 
0.500000 0.470235 0.500000 0.499999 0.442953 0.438769 0.500000 0.443855 0.500000 
0.500000 0.470235 0.433340 0.499999 0.443507 0.438769 0.500000 0.443659 0.500000 
0.500000 0.470235 0.433530 0.500000 0.437791 0.438769 0.445330 0.443562 0.500000 
0.500000 0.470235 0.500000 0.500000 0.434817 0.438769 0.445297 0.444559 0.500000 
0.500000 0.470235 0.500000 0.500000 0.439553 0.438769 0.500000 0.445075 0.500000 
0.500000 0.470235 0.500000 0.500000 0.441834 0.438769 0.500000 0.444253 0.500000 
0.500000 0.470235 0.500000 0.500000 0.442953 0.438769 0.500000 0.443855 0.500000 
0.500000 0.470235 0.433340 0.500000 0.443507 0.438769 0.500000 0.443659 0.500000 
0.500000 0.470235 0.433530 0.500000 0.437791 0.438769 0.445330 0.443562 0.500000 
0.500000 0.470235 0.500000 0.500000 0.434817 0.438769 0.445297 0.444560 0.500000 
0.500000 0.470235 0.500000 0.500000 0.439552 0.438769 0.500000 0.445075 0.500000 
0.500000 0.470235 0.500000 0.500000 0.441834 0.438769 0.500000 0.444253 0.500000 
0.500000 0.470235 0.500000 0.500000 0.442953 0.438769 0.500000 0.443855 0.500000 
0.500000 0.470235 0.433340 0.500000 0.443507 0.438769 0.500000 0.443659 0.500000 
0.500000 0.470235 0.433530 0.500000 0.437791 0.438769 0.445330 0.443562 0.500000 
0.500000 0.470235 0.500000 0.500000 0.434816 0.438769 0.445297 0.444560 0.500000 
0.500000 0.470235 0.500000 0.500000 0.439552 0.438769 0.500000 0.445075 0.500000 
0.500000 0.470235 0.500000 0.500000 0.441834 0.438769 0.500000 0.444253 0.500000 
0.500000 0.470235 0.500000 0.500000 0.442953 0.438769 0.500000 0.443855 0.500000 
0.500000 0.470235 0.433340 0.500000 0.443507 0.438769 0.500000 0.443659 0.500000 
0.500000 0.470235 0.433530 0.500000 0.437791 0.438769 0.445330 0.443562 0.500000 
0.500000 0.470235 0.500000 0.500000 0.434816 0.438769 0.445297 0.444560 0.500000 
0.500000 0.470235 0.500000 0.500000 0.439552 0.438769 0.500000 0.445075 0.500000 
0.500000 0.470235 0.500000 0.500000 0.441834 0.438769 0.500000 0.444253 0.500000 
0.500000 0.470235 0.500000 0.500000 0.442953 0.438769 0.500000 0.443855 0.500000 
0.500000 0.470235 0.433340 0.500000 0.443507 0.438769 0.500000 0.443659 0.500000 
0.500000 0.470235 0.433530 0.500000 0.437791 0.438769 0.445330 0.443562 0.500000 
0.500000 0.470235 0.500000 0.500000 0.434816 0.438769 0.445297 0.444560 0.500000 
0.500000 0.470235 0.500000 0.500000 0.439552 0.438769 0.500000 0.445075 0.500000 
0.500000 0.470235 0.500000 0.500000 0.441834 0.438769 0.500000 0.444253 0.500000 
0.500000 0.470235 0.500000 0.500000 0.442953 0.438769 0.500000 0.443855 0.500000 
0.500000 0.470235 0.433340 0.500000 0.443507 0.438769 0.500000 0.443659 0.500000 
