0.500000 0.440679 0.500000 0.268941 0.500000 0.500000 0.500000 0.500000 0.500000 
0.500000 0.440679 0.500000 0.257399 0.500000 0.500000 0.500000 0.500000 0.500000 
0.500000 0.440679 0.500000 0.251776 0.500000 0.500000 0.500000 0.500000 0.500000 
0.500000 0.440679 0.500000 0.249005 0.384511 0.500000 0.500000 0.500000 0.500000 
0.500000 0.440679 0.500000 0.247631 0.397483 0.500000 0.500000 0.316691 0.500000 
0.500000 0.440679 0.500000 0.246946 0.405168 0.500000 0.500000 0.311103 0.500000 
0.500000 0.440679 0.500000 0.246604 0.409765 0.500000 0.500000 0.307819 0.500000 
0.500000 0.440679 0.500000 0.246434 0.412536 0.500000 0.500000 0.305863 0.500000 
0.500000 0.440679 0.500000 0.246349 0.414212 0.500000 0.500000 0.304688 0.500000 
0.500000 0.440679 0.500000 0.246306 0.415229 0.500000 0.500000 0.303978 0.500000 
0.500000 0.440679 0.500000 0.246285 0.415846 0.500000 0.500000 0.303548 0.500000 
0.500000 0.440679 0.500000 0.246274 0.416219 0.500000 0.500000 0.303288 0.500000 
0.500000 0.440679 0.500000 0.246269 0.416446 0.500000 0.500000 0.303130 0.500000 
0.500000 0.440679 0.500000 0.246266 0.416583 0.500000 0.500000 0.303034 0.500000 
0.500000 0.440679 0.500000 0.246265 0.416666 0.500000 0.500000 0.302976 0.500000 
0.500000 0.440679 0.500000 0.246264 0.416716 0.500000 0.500000 0.302941 0.500000 
0.500000 0.440679 0.500000 0.246264 0.416746 0.500000 0.500000 0.302920 0.500000 
0.500000 0.440679 0.500000 0.246264 0.416764 0.500000 0.500000 0.302907 0.500000 
0.500000 0.440679 0.500000 0.246263 0.416775 0.500000 0.500000 0.302900 0.500000 
0.500000 0.440679 0.387629 0.246263 0.416781 0.500000 0.500000 0.302895 0.500000 
0.500000 0.440679 0.388965 0.277043 0.403654 0.500000 0.315343 0.302892 0.500000 
0.500000 0.440679 0.388809 0.292836 0.386110 0.500000 0.314766 0.308464 0.500000 
0.500000 0.440679 0.386826 0.300873 0.369770 0.500000 0.314833 0.315999 0.500000 
0.500000 0.440679 0.500000 0.305504 0.500000 0.500000 0.315690 0.323105 0.500000 
0.500000 0.440679 0.393411 0.275029 0.500000 0.500000 0.500000 0.500000 0.500000 
0.500000 0.440679 0.402055 0.290474 0.500000 0.500000 0.312851 0.500000 0.500000 
0.500000 0.440679 0.409409 0.295713 0.500000 0.500000 0.309147 0.500000 0.500000 
0.500000 0.440679 0.415678 0.296153 0.500000 0.500000 0.306015 0.500000 0.500000 
0.500000 0.440679 0.421037 0.294521 0.500000 0.500000 0.303358 0.500000 0.500000 
0.500000 0.440679 0.425631 0.292132 0.500000 0.500000 0.301098 0.500000 0.500000 
0.500000 0.440679 0.429583 0.289597 0.500000 0.500000 0.299168 0.500000 0.500000 
0.500000 0.440679 0.432993 0.287184 0.500000 0.500000 0.297514 0.500000 0.500000 
0.500000 0.440679 0.435946 0.284995 0.500000 0.500000 0.296090 0.500000 0.500000 
0.500000 0.440679 0.438510 0.283052 0.500000 0.500000 0.294861 0.500000 0.500000 
0.500000 0.440679 0.440744 0.281348 0.500000 0.500000 0.293796 0.500000 0.500000 
0.500000 0.440679 0.442696 0.279859 0.369137 0.500000 0.292869 0.500000 0.500000 
0.500000 0.440679 0.436042 0.278561 0.371363 0.500000 0.292062 0.323382 0.500000 
0.500000 0.440679 0.429689 0.279809 0.372123 0.500000 0.294821 0.322408 0.500000 
0.500000 0.440679 0.423606 0.282259 0.371250 0.500000 0.297469 0.322077 0.500000 
0.500000 0.440679 0.417711 0.285247 0.369045 0.500000 0.300018 0.322458 0.500000 
0.500000 0.440679 0.411914 0.288466 0.500000 0.500000 0.302500 0.323422 0.500000 
0.500000 0.440679 0.417817 0.291783 0.500000 0.500000 0.304952 0.500000 0.500000 
0.500000 0.440679 0.422869 0.291708 0.500000 0.500000 0.302455 0.500000 0.500000 
0.500000 0.440679 0.427205 0.290192 0.500000 0.500000 0.300328 0.500000 0.500000 
0.500000 0.440679 0.430940 0.288171 0.500000 0.500000 0.298508 0.500000 0.500000 
0.500000 0.440679 0.434167 0.286080 0.500000 0.500000 0.296947 0.500000 0.500000 
0.500000 0.440679 0.436964 0.284105 0.500000 0.500000 0.295601 0.500000 0.500000 
0.500000 0.440679 0.439397 0.282316 0.500000 0.500000 0.294437 0.500000 0.500000 
0.500000 0.440679 0.441518 0.280727 0.500000 0.500000 0.293428 0.500000 0.500000 
0.500000 0.440679 0.443373 0.279329 0.370302 0.500000 0.292549 0.500000 0.500000 
0.500000 0.440679 0.436793 0.278104 0.372322 0.500000 0.291782 0.322872 0.500000 
0.500000 0.440679 0.430492 0.279365 0.372950 0.500000 0.294509 0.321989 0.500000 
0.500000 0.440679 0.424446 0.281805 0.372006 0.500000 0.297134 0.321715 0.500000 
0.500000 0.440679 0.418577 0.284776 0.369772 0.500000 0.299665 0.322127 0.500000 
0.500000 0.440679 0.412800 0.287976 0.500000 0.500000 0.302135 0.323104 0.500000 
0.500000 0.440679 0.418575 0.291276 0.500000 0.500000 0.304576 0.500000 0.500000 
0.500000 0.440679 0.423518 0.291233 0.500000 0.500000 0.302135 0.500000 0.500000 
0.500000 0.440679 0.427764 0.289765 0.500000 0.500000 0.300055 0.500000 0.500000 
0.500000 0.440679 0.431422 0.287796 0.500000 0.500000 0.298275 0.500000 0.500000 
0.500000 0.440679 0.434584 0.285753 0.500000 0.500000 0.296745 0.500000 0.500000 
0.500000 0.440679 0.437327 0.283822 0.500000 0.500000 0.295427 0.500000 0.500000 
0.500000 0.440679 0.439713 0.282071 0.500000 0.500000 0.294287 0.500000 0.500000 
0.500000 0.440679 0.441794 0.280515 0.500000 0.500000 0.293297 0.500000 0.500000 
0.500000 0.440679 0.443615 0.279144 0.370642 0.500000 0.292435 0.500000 0.500000 
0.500000 0.440679 0.437055 0.277943 0.372618 0.500000 0.291682 0.322723 0.500000 
0.500000 0.440679 0.430770 0.279210 0.373216 0.500000 0.294400 0.321860 0.500000 
0.500000 0.440679 0.424735 0.281647 0.372256 0.500000 0.297018 0.321599 0.500000 
0.500000 0.440679 0.418873 0.284613 0.370016 0.500000 0.299544 0.322018 0.500000 
0.500000 0.440679 0.413104 0.287808 0.500000 0.500000 0.302010 0.322997 0.500000 
0.500000 0.440679 0.418834 0.291103 0.500000 0.500000 0.304448 0.500000 0.500000 
0.500000 0.440679 0.423741 0.291070 0.500000 0.500000 0.302026 0.500000 0.500000 
0.500000 0.440679 0.427955 0.289619 0.500000 0.500000 0.299961 0.500000 0.500000 
0.500000 0.440679 0.431587 0.287667 0.500000 0.500000 0.298195 0.500000 0.500000 
0.500000 0.440679 0.434727 0.285642 0.500000 0.500000 0.296677 0.500000 0.500000 
0.500000 0.440679 0.437451 0.283725 0.500000 0.500000 0.295368 0.500000 0.500000 
0.500000 0.440679 0.439821 0.281987 0.500000 0.500000 0.294235 0.500000 0.500000 
0.500000 0.440679 0.441889 0.280442 0.500000 0.500000 0.293252 0.500000 0.500000 
0.500000 0.440679 0.443698 0.279081 0.370759 0.500000 0.292396 0.500000 0.500000 
0.500000 0.440679 0.437145 0.277888 0.372719 0.500000 0.291648 0.322672 0.500000 
0.500000 0.440679 0.430865 0.279157 0.373306 0.500000 0.294362 0.321816 0.500000 
0.500000 0.440679 0.424834 0.281593 0.372341 0.500000 0.296978 0.321560 0.500000 
0.500000 0.440679 0.418975 0.284557 0.370099 0.500000 0.299503 0.321981 0.500000 
0.500000 0.440679 0.413207 0.287750 0.500000 0.500000 0.301967 0.322961 0.500000 
0.500000 0.440679 0.418923 0.291043 0.500000 0.500000 0.304404 0.500000 0.500000 
0.500000 0.440679 0.423817 0.291014 0.500000 0.500000 0.301989 0.500000 0.500000 
0.500000 0.440679 0.428021 0.289568 0.500000 0.500000 0.299929 0.500000 0.500000 
0.500000 0.440679 0.431644 0.287623 0.500000 0.500000 0.298167 0.500000 0.500000 
0.500000 0.440679 0.434776 0.285603 0.500000 0.500000 0.296653 0.500000 0.500000 
0.500000 0.440679 0.437494 0.283692 0.500000 0.500000 0.295347 0.500000 0.500000 
0.500000 0.440679 0.439858 0.281958 0.500000 0.500000 0.294218 0.500000 0.500000 
0.500000 0.440679 0.441921 0.280417 0.500000 0.500000 0.293237 0.500000 0.500000 
0.500000 0.440679 0.443726 0.279060 0.370799 0.500000 0.292382 0.500000 0.500000 
0.500000 0.440679 0.437176 0.277869 0.372754 0.500000 0.291636 0.322655 0.500000 
0.500000 0.440679 0.430897 0.279138 0.373338 0.500000 0.294349 0.321801 0.500000 
0.500000 0.440679 0.424867 0.281574 0.372370 0.500000 0.296964 0.321546 0.500000 
0.500000 0.440679 0.419010 0.284538 0.370128 0.500000 0.299488 0.321968 0.500000 
0.500000 0.440679 0.413243 0.287730 0.500000 0.500000 0.301952 0.322948 0.500000 
0.500000 0.440679 0.418953 0.291023 0.500000 0.500000 0.304389 0.500000 0.500000 
0.500000 0.440679 0.423843 0.290995 0.500000 0.500000 0.301976 0.500000 0.500000 
0.500000 0.440679 0.428043 0.289551 0.500000 0.500000 0.299919 0.500000 0.500000 
