0.500000 0.500000 0.268941 0.500000 0.500000 
0.500000 0.500000 0.268941 0.368680 0.500000 
0.500000 0.438595 0.268941 0.368680 0.323582 
0.500000 0.468629 0.291241 0.368680 0.323582 
0.500000 0.478918 0.260492 0.358362 0.323582 
0.500000 0.486585 0.284329 0.372622 0.328115 
0.500000 0.488638 0.260153 0.361546 0.321858 
0.500000 0.491255 0.281116 0.372781 0.326712 
0.500000 0.491697 0.261292 0.363031 0.321789 
0.500000 0.492912 0.278937 0.372248 0.326059 
0.500000 0.492914 0.262599 0.364039 0.322022 
0.500000 0.493598 0.277277 0.371637 0.325616 
0.500000 0.493463 0.263805 0.364808 0.322288 
0.500000 0.493900 0.275961 0.371075 0.325279 
0.500000 0.493729 0.264851 0.365418 0.322534 
0.500000 0.494035 0.274899 0.370586 0.325011 
0.500000 0.493866 0.265738 0.365911 0.322748 
0.500000 0.494092 0.274036 0.370173 0.324795 
0.500000 0.493939 0.266481 0.366312 0.322929 
0.500000 0.494114 0.273329 0.369826 0.324619 
0.500000 0.493980 0.267099 0.366640 0.323080 
0.500000 0.494119 0.272750 0.369538 0.324475 
0.500000 0.494006 0.267612 0.366909 0.323206 
0.500000 0.494117 0.272274 0.369299 0.324357 
0.500000 0.494022 0.268037 0.367130 0.323311 
0.500000 0.494113 0.271882 0.369101 0.324260 
0.500000 0.494033 0.268388 0.367312 0.323397 
0.500000 0.494107 0.271560 0.368938 0.324181 
0.500000 0.494042 0.268678 0.367462 0.323469 
0.500000 0.494102 0.271294 0.368803 0.324115 
0.500000 0.494048 0.268917 0.367586 0.323528 
0.500000 0.494098 0.271075 0.368692 0.324061 
0.500000 0.494053 0.269115 0.367688 0.323577 
0.500000 0.494094 0.270895 0.368600 0.324016 
0.500000 0.494057 0.269278 0.367771 0.323617 
0.500000 0.494091 0.270746 0.368524 0.323980 
0.500000 0.494060 0.269412 0.367841 0.323650 
0.500000 0.494088 0.270623 0.368461 0.323949 
0.500000 0.494063 0.269523 0.367898 0.323678 
0.500000 0.494086 0.270522 0.368409 0.323924 
0.500000 0.494065 0.269615 0.367945 0.323700 
0.500000 0.494084 0.270439 0.368367 0.323904 
0.500000 0.494066 0.269691 0.367983 0.323719 
0.500000 0.494082 0.270370 0.368332 0.323887 
0.500000 0.494068 0.269753 0.368015 0.323734 
0.500000 0.494081 0.270313 0.368303 0.323873 
0.500000 0.494069 0.269804 0.368042 0.323747 
0.500000 0.494080 0.270267 0.368279 0.323861 
0.500000 0.494070 0.269847 0.368064 0.323757 
0.500000 0.494079 0.270228 0.368259 0.323852 
0.500000 0.494071 0.269882 0.368081 0.323766 
0.500000 0.494078 0.270196 0.368243 0.323844 
0.500000 0.494072 0.269911 0.368096 0.323773 
0.500000 0.494078 0.270170 0.368229 0.323837 
0.500000 0.494072 0.269934 0.368108 0.323779 
0.500000 0.494077 0.270148 0.368218 0.323832 
0.500000 0.494073 0.269954 0.368119 0.323784 
0.500000 0.494077 0.270131 0.368209 0.323828 
0.500000 0.494073 0.269970 0.368127 0.323788 
0.500000 0.494076 0.270116 0.368201 0.323824 
0.500000 0.494073 0.269984 0.368134 0.323791 
0.500000 0.494076 0.270104 0.368195 0.323821 
0.500000 0.494074 0.269995 0.368139 0.323794 
0.500000 0.494076 0.270094 0.368190 0.323818 
0.500000 0.494074 0.270004 0.368144 0.323796 
0.500000 0.494076 0.270085 0.368186 0.323816 
0.500000 0.494074 0.270011 0.368148 0.323798 
0.500000 0.494075 0.270079 0.368182 0.323815 
0.500000 0.494074 0.270017 0.368151 0.323800 
0.500000 0.494075 0.270073 0.368179 0.323813 
0.500000 0.494074 0.270023 0.368154 0.323801 
0.500000 0.494075 0.270068 0.368177 0.323812 
0.500000 0.494074 0.270027 0.368156 0.323802 
0.500000 0.494075 0.270065 0.368175 0.323811 
0.500000 0.494074 0.270030 0.368158 0.323803 
0.500000 0.494075 0.270061 0.368174 0.323810 
0.500000 0.494074 0.270033 0.368159 0.323803 
0.500000 0.494075 0.270059 0.368172 0.323810 
0.500000 0.494074 0.270035 0.368160 0.323804 
0.500000 0.494075 0.270057 0.368171 0.323809 
0.500000 0.494074 0.270037 0.368161 0.323805 
0.500000 0.494075 0.270055 0.368170 0.323809 
0.500000 0.494075 0.270039 0.368162 0.323805 
0.500000 0.494075 0.270053 0.368169 0.323808 
0.500000 0.494075 0.270040 0.368163 0.323805 
0.500000 0.494075 0.270052 0.368169 0.323808 
0.500000 0.494075 0.270041 0.368163 0.323806 
0.500000 0.494075 0.270051 0.368168 0.323808 
0.500000 0.494075 0.270042 0.368164 0.323806 
0.500000 0.494075 0.270050 0.368168 0.323808 
0.500000 0.494075 0.270043 0.368164 0.323806 
0.500000 0.494075 0.270050 0.368168 0.323808 
0.500000 0.494075 0.270044 0.368164 0.323806 
0.500000 0.494075 0.270049 0.368167 0.323807 
0.500000 0.494075 0.270044 0.368165 0.323806 
0.500000 0.494075 0.270049 0.368167 0.323807 
0.500000 0.494075 0.270045 0.368165 0.323806 
0.500000 0.494075 0.270048 0.368167 0.323807 
0.500000 0.494075 0.270045 0.368165 0.323806 
0.500000 0.494075 0.270048 0.368167 0.323807 
