0.500000 0.268941 0.268941 0.500000 0.500000 
0.500000 0.349770 0.208107 0.368680 0.500000 
0.500000 0.399182 0.218466 0.397423 0.323582 
0.500000 0.435845 0.231581 0.392472 0.311129 
0.500000 0.455728 0.254059 0.386236 0.313255 
0.500000 0.465065 0.281155 0.375635 0.315945 
0.500000 0.467744 0.310148 0.363013 0.320545 
0.500000 0.465330 0.338404 0.349714 0.326067 
0.500000 0.457581 0.363764 0.336974 0.331939 
0.500000 0.442918 0.384576 0.325737 0.337613 
0.440679 0.419055 0.399693 0.316663 0.342657 
0.500000 0.403789 0.408257 0.310157 0.346757 
0.500000 0.362602 0.413332 0.306504 0.349710 
0.500000 0.316426 0.409659 0.304351 0.351373 
0.500000 0.274087 0.396185 0.305908 0.352355 
0.500000 0.243253 0.371436 0.311660 0.351645 
0.500000 0.227094 0.336299 0.322377 0.349027 
0.500000 0.226703 0.295909 0.337915 0.344173 
0.500000 0.244252 0.258608 0.356218 0.337192 
0.500000 0.282366 0.231735 0.373504 0.329061 
0.440679 0.336561 0.218673 0.386163 0.321474 
0.500000 0.408773 0.219302 0.392373 0.315976 
0.500000 0.440851 0.236185 0.392074 0.313298 
0.500000 0.458170 0.259588 0.384056 0.313427 
0.500000 0.465886 0.287301 0.373045 0.316888 
0.500000 0.467444 0.316281 0.360175 0.321674 
0.500000 0.463969 0.344042 0.346930 0.327316 
0.500000 0.454909 0.368518 0.334459 0.333175 
0.500000 0.438471 0.388170 0.323653 0.338739 
0.500000 0.412396 0.401936 0.315109 0.343597 
0.440679 0.375873 0.408973 0.309198 0.347461 
0.500000 0.355721 0.408271 0.306200 0.350146 
0.500000 0.311316 0.404022 0.306498 0.351512 
0.500000 0.272295 0.389211 0.308308 0.351376 
0.500000 0.244718 0.363718 0.314660 0.350552 
0.500000 0.231503 0.328966 0.325758 0.347665 
0.500000 0.233984 0.290485 0.341204 0.342648 
0.500000 0.254426 0.256182 0.358709 0.335724 
0.500000 0.294330 0.232505 0.374640 0.327962 
0.500000 0.347102 0.222202 0.385798 0.320978 
0.440679 0.396578 0.224906 0.390692 0.316134 
0.500000 0.444006 0.238439 0.389406 0.314022 
0.500000 0.459573 0.263291 0.382990 0.314576 
0.500000 0.466348 0.291197 0.371314 0.317349 
0.500000 0.467203 0.320155 0.358382 0.322430 
0.500000 0.463038 0.347564 0.345177 0.328106 
0.500000 0.453103 0.371454 0.332893 0.333954 
0.500000 0.435483 0.390355 0.322368 0.339441 
0.500000 0.407978 0.403252 0.314167 0.344177 
0.500000 0.370194 0.409301 0.308636 0.347888 
0.440679 0.326159 0.407446 0.306060 0.350402 
0.500000 0.308442 0.396225 0.306849 0.351576 
0.500000 0.272505 0.381479 0.311643 0.351216 
0.500000 0.248428 0.355713 0.318004 0.349034 
0.500000 0.238160 0.322239 0.329284 0.346149 
0.500000 0.243389 0.286439 0.344235 0.341061 
0.500000 0.266160 0.255578 0.360573 0.334374 
0.500000 0.306528 0.235194 0.374923 0.327141 
0.500000 0.356396 0.227509 0.384525 0.320855 
0.500000 0.401096 0.231997 0.388169 0.316685 
0.440679 0.431829 0.246474 0.386039 0.315110 
0.500000 0.459115 0.267983 0.379199 0.316030 
0.500000 0.464971 0.296312 0.369127 0.318994 
0.500000 0.465126 0.324610 0.356033 0.323386 
0.500000 0.460071 0.351195 0.343165 0.329142 
0.500000 0.448914 0.374029 0.331282 0.334850 
0.500000 0.429698 0.391738 0.321245 0.340164 
0.500000 0.400507 0.403335 0.313571 0.344684 
0.500000 0.361703 0.407945 0.308600 0.348159 
0.500000 0.318173 0.404444 0.306637 0.350418 
0.440679 0.278205 0.391373 0.308127 0.351313 
0.500000 0.271752 0.367642 0.313728 0.350634 
0.500000 0.252912 0.342617 0.324036 0.348087 
0.500000 0.248238 0.310668 0.335094 0.343424 
0.500000 0.258678 0.279071 0.349478 0.338455 
0.500000 0.285629 0.253691 0.363977 0.332044 
0.500000 0.326541 0.238746 0.375807 0.325644 
0.500000 0.371594 0.235545 0.382844 0.320470 
0.500000 0.408963 0.243170 0.384358 0.317412 
0.500000 0.433692 0.259344 0.380756 0.316757 
0.440679 0.447303 0.281211 0.373159 0.318318 
0.500000 0.461979 0.305915 0.362987 0.321624 
0.500000 0.460410 0.333483 0.351642 0.326079 
0.500000 0.453344 0.358125 0.339177 0.331085 
0.500000 0.439469 0.378722 0.328219 0.336629 
0.500000 0.416934 0.393907 0.319201 0.341540 
0.500000 0.384650 0.402747 0.312638 0.345608 
0.500000 0.344638 0.404287 0.308851 0.348582 
0.500000 0.303153 0.397301 0.308195 0.350304 
0.500000 0.268078 0.380470 0.311182 0.350603 
0.440679 0.244881 0.353476 0.318442 0.349244 
0.500000 0.257752 0.318805 0.330273 0.345951 
0.500000 0.262882 0.290821 0.345787 0.340617 
0.500000 0.283623 0.265301 0.358555 0.333683 
0.500000 0.317873 0.248596 0.370376 0.328030 
0.500000 0.358820 0.242447 0.378201 0.322840 
0.500000 0.396004 0.246764 0.381097 0.319428 
0.500000 0.422830 0.259814 0.379063 0.318170 
0.500000 0.438847 0.279063 0.372939 0.319053 
0.500000 0.446247 0.301773 0.363981 0.321720 
