0.500000 0.440679 0.500000 0.405382 0.500000 0.500000 0.429546 0.368680 0.500000 
0.500000 0.440679 0.500000 0.384319 0.500000 0.292896 0.500000 0.500000 0.500000 
0.500000 0.440679 0.289997 0.363123 0.500000 0.292896 0.500000 0.500000 0.500000 
0.500000 0.440679 0.312275 0.405608 0.500000 0.292896 0.358934 0.500000 0.500000 
0.500000 0.440679 0.332216 0.430208 0.500000 0.292896 0.348747 0.500000 0.500000 
0.500000 0.440679 0.349687 0.444178 0.500000 0.292896 0.339745 0.500000 0.500000 
0.500000 0.440679 0.364774 0.452021 0.500000 0.292896 0.331951 0.500000 0.500000 
0.500000 0.440679 0.377688 0.456187 0.500000 0.292896 0.325294 0.500000 0.500000 
0.500000 0.440679 0.388688 0.457993 0.500000 0.292896 0.319651 0.500000 0.500000 
0.500000 0.440679 0.398039 0.458162 0.500000 0.292896 0.314886 0.500000 0.500000 
0.500000 0.440679 0.405991 0.457106 0.500000 0.292896 0.310865 0.500000 0.500000 
0.500000 0.440679 0.412763 0.455070 0.500000 0.292896 0.307468 0.500000 0.500000 
0.500000 0.440679 0.418543 0.452211 0.500000 0.292896 0.304592 0.500000 0.500000 
0.500000 0.440679 0.423491 0.448638 0.500000 0.292896 0.302149 0.500000 0.500000 
0.500000 0.440679 0.427740 0.444436 0.500000 0.292896 0.300066 0.500000 0.500000 
0.500000 0.440679 0.431402 0.439679 0.500000 0.292896 0.298284 0.500000 0.500000 
0.500000 0.440679 0.434567 0.434439 0.500000 0.292896 0.296754 0.500000 0.500000 
0.500000 0.440679 0.437311 0.428790 0.500000 0.292896 0.295435 0.500000 0.500000 
0.500000 0.440679 0.439699 0.422807 0.500000 0.292896 0.294293 0.500000 0.500000 
0.500000 0.440679 0.441782 0.416566 0.500000 0.292896 0.293302 0.500000 0.500000 
0.500000 0.440679 0.443605 0.410144 0.500000 0.292896 0.292440 0.500000 0.500000 
0.500000 0.440679 0.445203 0.403616 0.500000 0.292896 0.291686 0.500000 0.500000 
0.500000 0.440679 0.446608 0.397055 0.500000 0.292896 0.291026 0.500000 0.500000 
0.500000 0.440679 0.447846 0.390525 0.500000 0.292896 0.290447 0.500000 0.500000 
0.500000 0.440679 0.448938 0.384085 0.500000 0.292896 0.289937 0.500000 0.500000 
0.500000 0.440679 0.449905 0.377788 0.500000 0.292896 0.289487 0.500000 0.500000 
0.500000 0.440679 0.450761 0.371675 0.500000 0.292896 0.289090 0.500000 0.500000 
0.500000 0.440679 0.451520 0.365782 0.500000 0.292896 0.288738 0.500000 0.500000 
0.500000 0.440679 0.452195 0.360133 0.282071 0.292896 0.288426 0.500000 0.500000 
0.500000 0.440679 0.439498 0.354748 0.299319 0.292896 0.288149 0.362590 0.500000 
0.500000 0.440679 0.427304 0.353807 0.314544 0.292896 0.293386 0.354655 0.500000 
0.500000 0.440679 0.416198 0.356769 0.326442 0.292896 0.298467 0.347718 0.500000 
0.500000 0.440679 0.406370 0.362840 0.334284 0.292896 0.303139 0.342340 0.500000 
0.500000 0.440679 0.397685 0.371156 0.337805 0.292896 0.307307 0.338818 0.500000 
0.500000 0.440679 0.389812 0.380928 0.337017 0.292896 0.311017 0.337242 0.500000 
0.500000 0.440679 0.382315 0.391515 0.332051 0.292896 0.314401 0.337594 0.500000 
0.500000 0.440679 0.374719 0.402454 0.323083 0.292896 0.317642 0.339819 0.500000 
0.500000 0.440679 0.366533 0.413445 0.310339 0.292896 0.320944 0.343854 0.500000 
0.500000 0.440679 0.357263 0.424318 0.294141 0.292896 0.324522 0.349627 0.500000 
0.500000 0.440679 0.346431 0.434974 0.274992 0.292896 0.328599 0.357029 0.500000 
0.500000 0.440679 0.333604 0.445338 0.500000 0.292896 0.333397 0.365868 0.500000 
0.500000 0.440679 0.350892 0.455306 0.500000 0.292896 0.339122 0.500000 0.500000 
0.500000 0.440679 0.365809 0.460700 0.500000 0.292896 0.331417 0.500000 0.500000 
0.500000 0.440679 0.378570 0.463323 0.500000 0.292896 0.324840 0.500000 0.500000 
0.500000 0.440679 0.389438 0.464123 0.500000 0.292896 0.319267 0.500000 0.500000 
0.500000 0.440679 0.398677 0.463612 0.500000 0.292896 0.314562 0.500000 0.500000 
0.500000 0.440679 0.406534 0.462081 0.500000 0.292896 0.310592 0.500000 0.500000 
0.500000 0.440679 0.413226 0.459699 0.500000 0.292896 0.307237 0.500000 0.500000 
0.500000 0.440679 0.418939 0.456575 0.500000 0.292896 0.304396 0.500000 0.500000 
0.500000 0.440679 0.423830 0.452787 0.500000 0.292896 0.301982 0.500000 0.500000 
0.500000 0.440679 0.428032 0.448399 0.500000 0.292896 0.299924 0.500000 0.500000 
0.500000 0.440679 0.431654 0.443472 0.500000 0.292896 0.298162 0.500000 0.500000 
0.500000 0.440679 0.434785 0.438067 0.500000 0.292896 0.296649 0.500000 0.500000 
0.500000 0.440679 0.437501 0.432252 0.500000 0.292896 0.295344 0.500000 0.500000 
0.500000 0.440679 0.439864 0.426099 0.500000 0.292896 0.294215 0.500000 0.500000 
0.500000 0.440679 0.441927 0.419683 0.500000 0.292896 0.293234 0.500000 0.500000 
0.500000 0.440679 0.443731 0.413082 0.500000 0.292896 0.292380 0.500000 0.500000 
0.500000 0.440679 0.445314 0.406371 0.500000 0.292896 0.291634 0.500000 0.500000 
0.500000 0.440679 0.446706 0.399624 0.500000 0.292896 0.290980 0.500000 0.500000 
0.500000 0.440679 0.447932 0.392910 0.500000 0.292896 0.290406 0.500000 0.500000 
0.500000 0.440679 0.449014 0.386289 0.500000 0.292896 0.289901 0.500000 0.500000 
0.500000 0.440679 0.449972 0.379814 0.500000 0.292896 0.289456 0.500000 0.500000 
0.500000 0.440679 0.450820 0.373530 0.500000 0.292896 0.289062 0.500000 0.500000 
0.500000 0.440679 0.451573 0.367474 0.500000 0.292896 0.288713 0.500000 0.500000 
0.500000 0.440679 0.452242 0.361671 0.283471 0.292896 0.288404 0.500000 0.500000 
0.500000 0.440679 0.439659 0.356142 0.300129 0.292896 0.288130 0.361943 0.500000 
0.500000 0.440679 0.427543 0.355015 0.314863 0.292896 0.293319 0.354285 0.500000 
0.500000 0.440679 0.416469 0.357773 0.326391 0.292896 0.298367 0.347573 0.500000 
0.500000 0.440679 0.406629 0.363642 0.333975 0.292896 0.303024 0.342363 0.500000 
0.500000 0.440679 0.397901 0.371778 0.337330 0.292896 0.307197 0.338956 0.500000 
0.500000 0.440679 0.389962 0.381402 0.336438 0.292896 0.310924 0.337454 0.500000 
0.500000 0.440679 0.382389 0.391876 0.331409 0.292896 0.314336 0.337853 0.500000 
0.500000 0.440679 0.374711 0.402737 0.322404 0.292896 0.317610 0.340107 0.500000 
0.500000 0.440679 0.366439 0.413681 0.309637 0.292896 0.320947 0.344161 0.500000 
0.500000 0.440679 0.357082 0.424530 0.293426 0.292896 0.324564 0.349947 0.500000 
0.500000 0.440679 0.346162 0.435178 0.274273 0.292896 0.328679 0.357357 0.500000 
0.500000 0.440679 0.333246 0.445543 0.500000 0.292896 0.333516 0.366202 0.500000 
0.500000 0.440679 0.350581 0.455512 0.500000 0.292896 0.339283 0.500000 0.500000 
0.500000 0.440679 0.365542 0.460904 0.500000 0.292896 0.331554 0.500000 0.500000 
0.500000 0.440679 0.378343 0.463527 0.500000 0.292896 0.324957 0.500000 0.500000 
0.500000 0.440679 0.389245 0.464328 0.500000 0.292896 0.319366 0.500000 0.500000 
0.500000 0.440679 0.398513 0.463821 0.500000 0.292896 0.314645 0.500000 0.500000 
0.500000 0.440679 0.406394 0.462295 0.500000 0.292896 0.310662 0.500000 0.500000 
0.500000 0.440679 0.413107 0.459920 0.500000 0.292896 0.307297 0.500000 0.500000 
0.500000 0.440679 0.418837 0.456803 0.500000 0.292896 0.304446 0.500000 0.500000 
0.500000 0.440679 0.423743 0.453023 0.500000 0.292896 0.302025 0.500000 0.500000 
0.500000 0.440679 0.427957 0.448642 0.500000 0.292896 0.299961 0.500000 0.500000 
0.500000 0.440679 0.431589 0.443720 0.500000 0.292896 0.298194 0.500000 0.500000 
0.500000 0.440679 0.434729 0.438319 0.500000 0.292896 0.296676 0.500000 0.500000 
0.500000 0.440679 0.437452 0.432507 0.500000 0.292896 0.295367 0.500000 0.500000 
0.500000 0.440679 0.439822 0.426355 0.500000 0.292896 0.294235 0.500000 0.500000 
0.500000 0.440679 0.441889 0.419938 0.500000 0.292896 0.293252 0.500000 0.500000 
0.500000 0.440679 0.443699 0.413334 0.500000 0.292896 0.292395 0.500000 0.500000 
0.500000 0.440679 0.445285 0.406618 0.500000 0.292896 0.291647 0.500000 0.500000 
0.500000 0.440679 0.446680 0.399865 0.500000 0.292896 0.290992 0.500000 0.500000 
0.500000 0.440679 0.447910 0.393143 0.500000 0.292896 0.290417 0.500000 0.500000 
0.500000 0.440679 0.448995 0.386513 0.500000 0.292896 0.289910 0.500000 0.500000 
0.500000 0.440679 0.449955 0.380028 0.500000 0.292896 0.289464 0.500000 0.500000 
0.500000 0.440679 0.450805 0.373734 0.500000 0.292896 0.289069 0.500000 0.500000 
0.500000 0.440679 0.451559 0.367666 0.500000 0.292896 0.288720 0.500000 0.500000 
