0.675038 0.622459 0.622459 0.500000 0.500000 
0.675038 0.622459 0.622459 0.500000 0.500000 
0.500000 0.682468 0.604812 0.650778 0.500000 
0.500000 0.682468 0.604812 0.650778 0.500000 
0.500000 0.672622 0.589084 0.646757 0.657186 
0.500000 0.672622 0.589084 0.646757 0.657186 
0.500000 0.659969 0.578426 0.643155 0.656279 
0.500000 0.659969 0.578426 0.643155 0.656279 
0.500000 0.645247 0.571931 0.640705 0.655466 
0.500000 0.645247 0.571931 0.640705 0.655466 
0.500000 0.629376 0.500000 0.639209 0.654913 
0.500000 0.629376 0.500000 0.639209 0.654913 
0.500000 0.500000 0.500000 0.500000 0.654575 
0.500000 0.500000 0.578074 0.500000 0.500000 
0.500000 0.500000 0.500000 0.500000 0.654575 
0.500000 0.617766 0.586457 0.640624 0.500000 
0.500000 0.500000 0.578074 0.500000 0.500000 
0.500000 0.605887 0.583826 0.642552 0.654895 
0.500000 0.617766 0.586457 0.640624 0.500000 
0.675038 0.500000 0.583459 0.641947 0.655330 
0.500000 0.605887 0.583826 0.642552 0.654895 
0.500000 0.624967 0.597584 0.641863 0.655193 
0.675038 0.500000 0.583459 0.641947 0.655330 
0.500000 0.614883 0.591617 0.645103 0.655174 
0.500000 0.624967 0.597584 0.641863 0.655193 
0.500000 0.500000 0.588518 0.643736 0.655906 
0.500000 0.614883 0.591617 0.645103 0.655174 
0.500000 0.500000 0.601929 0.643025 0.655597 
0.500000 0.500000 0.588518 0.643736 0.655906 
0.500000 0.500000 0.612924 0.646098 0.655437 
0.500000 0.500000 0.601929 0.643025 0.655597 
0.500000 0.500000 0.621924 0.648607 0.656131 
0.500000 0.500000 0.612924 0.646098 0.655437 
0.500000 0.500000 0.629201 0.650656 0.656697 
0.500000 0.500000 0.621924 0.648607 0.656131 
0.500000 0.500000 0.635050 0.652308 0.657158 
0.500000 0.500000 0.629201 0.650656 0.656697 
0.500000 0.500000 0.639739 0.653634 0.657530 
0.500000 0.500000 0.635050 0.652308 0.657158 
0.675038 0.500000 0.643496 0.654694 0.657829 
0.500000 0.500000 0.639739 0.653634 0.657530 
0.500000 0.612974 0.646508 0.655543 0.658068 
0.675038 0.500000 0.643496 0.654694 0.657829 
0.500000 0.611340 0.633499 0.656223 0.658259 
0.500000 0.612974 0.646508 0.655543 0.658068 
0.500000 0.606647 0.623001 0.653283 0.658411 
0.500000 0.611340 0.633499 0.656223 0.658259 
0.500000 0.500000 0.615046 0.650901 0.657750 
0.500000 0.606647 0.623001 0.653283 0.658411 
0.500000 0.500000 0.623863 0.649091 0.657213 
0.500000 0.500000 0.615046 0.650901 0.657750 
0.500000 0.500000 0.630759 0.651097 0.656806 
0.500000 0.500000 0.623863 0.649091 0.657213 
0.500000 0.500000 0.636299 0.652661 0.657258 
0.500000 0.500000 0.630759 0.651097 0.656806 
0.500000 0.500000 0.640740 0.653916 0.657610 
0.500000 0.500000 0.636299 0.652661 0.657258 
0.500000 0.500000 0.644298 0.654921 0.657892 
0.500000 0.500000 0.640740 0.653916 0.657610 
0.675038 0.500000 0.647151 0.655724 0.658118 
0.500000 0.500000 0.644298 0.654921 0.657892 
0.500000 0.625484 0.649442 0.656368 0.658299 
0.675038 0.500000 0.647151 0.655724 0.658118 
0.500000 0.623721 0.634199 0.656885 0.658444 
0.500000 0.625484 0.649442 0.656368 0.658299 
0.500000 0.618408 0.621759 0.653441 0.658560 
0.500000 0.623721 0.634199 0.656885 0.658444 
0.500000 0.611335 0.612305 0.650618 0.657785 
0.500000 0.618408 0.621759 0.653441 0.658560 
0.500000 0.500000 0.605672 0.648467 0.657150 
0.500000 0.611335 0.612305 0.650618 0.657785 
0.500000 0.500000 0.616231 0.646953 0.656665 
0.500000 0.500000 0.605672 0.648467 0.657150 
0.500000 0.500000 0.624602 0.649361 0.656323 
0.500000 0.500000 0.616231 0.646953 0.656665 
0.500000 0.500000 0.631356 0.651264 0.656866 
0.500000 0.500000 0.624602 0.649361 0.656323 
0.500000 0.500000 0.636779 0.652797 0.657295 
0.675038 0.500000 0.641124 0.654025 0.657640 
0.500000 0.500000 0.636779 0.652797 0.657295 
0.500000 0.622586 0.644606 0.655007 0.657917 
0.675038 0.500000 0.641124 0.654025 0.657640 
0.500000 0.620160 0.630462 0.655794 0.658138 
0.500000 0.622586 0.644606 0.655007 0.657917 
0.500000 0.614419 0.619187 0.652594 0.658315 
0.500000 0.620160 0.630462 0.655794 0.658138 
0.500000 0.607177 0.610799 0.650034 0.657595 
0.500000 0.614419 0.619187 0.652594 0.658315 
0.500000 0.500000 0.605058 0.648123 0.657018 
0.500000 0.500000 0.615718 0.646813 0.656587 
0.500000 0.607177 0.610799 0.650034 0.657595 
0.500000 0.500000 0.624186 0.649244 0.656292 
0.500000 0.500000 0.605058 0.648123 0.657018 
0.500000 0.500000 0.631022 0.651170 0.656840 
0.500000 0.500000 0.615718 0.646813 0.656587 
0.500000 0.500000 0.636511 0.652721 0.657274 
0.500000 0.500000 0.624186 0.649244 0.656292 
0.675038 0.500000 0.640909 0.653964 0.657623 
0.500000 0.500000 0.631022 0.651170 0.656840 
0.500000 0.500000 0.636511 0.652721 0.657274 
0.500000 0.619240 0.644434 0.654959 0.657903 
0.500000 0.616948 0.630809 0.655755 0.658127 
0.675038 0.500000 0.640909 0.653964 0.657623 
0.500000 0.611456 0.619949 0.652673 0.658306 
0.500000 0.619240 0.644434 0.654959 0.657903 
0.500000 0.500000 0.611853 0.650207 0.657613 
0.500000 0.616948 0.630809 0.655755 0.658127 
0.500000 0.500000 0.621281 0.648363 0.657057 
0.500000 0.611456 0.619949 0.652673 0.658306 
0.500000 0.500000 0.628680 0.650510 0.656642 
0.500000 0.500000 0.634632 0.652190 0.657125 
0.500000 0.500000 0.611853 0.650207 0.657613 
0.500000 0.500000 0.639404 0.653539 0.657504 
0.500000 0.500000 0.621281 0.648363 0.657057 
0.500000 0.500000 0.643227 0.654619 0.657808 
0.500000 0.500000 0.628680 0.650510 0.656642 
0.675038 0.500000 0.646292 0.655483 0.658051 
0.500000 0.500000 0.634632 0.652190 0.657125 
0.500000 0.500000 0.639404 0.653539 0.657504 
0.500000 0.626554 0.648752 0.656174 0.658245 
0.500000 0.500000 0.643227 0.654619 0.657808 
0.500000 0.624626 0.633443 0.656729 0.658401 
0.675038 0.500000 0.646292 0.655483 0.658051 
0.500000 0.619136 0.620996 0.653270 0.658525 
0.500000 0.626554 0.648752 0.656174 0.658245 
0.500000 0.611894 0.611576 0.650445 0.657747 
0.500000 0.500000 0.605001 0.648300 0.657111 
0.500000 0.624626 0.633443 0.656729 0.658401 
0.500000 0.500000 0.615681 0.646800 0.656627 
0.500000 0.619136 0.620996 0.653270 0.658525 
0.500000 0.500000 0.624157 0.649236 0.656289 
0.500000 0.611894 0.611576 0.650445 0.657747 
0.500000 0.500000 0.630998 0.651163 0.656838 
0.500000 0.500000 0.605001 0.648300 0.657111 
0.500000 0.500000 0.636492 0.652716 0.657273 
0.500000 0.500000 0.615681 0.646800 0.656627 
0.675038 0.500000 0.640894 0.653960 0.657622 
0.500000 0.500000 0.624157 0.649236 0.656289 
0.500000 0.622535 0.644421 0.654955 0.657902 
0.500000 0.500000 0.630998 0.651163 0.656838 
0.500000 0.620081 0.630312 0.655752 0.658126 
0.500000 0.500000 0.636492 0.652716 0.657273 
0.500000 0.614320 0.619075 0.652560 0.658306 
0.675038 0.500000 0.640894 0.653960 0.657622 
0.500000 0.607066 0.610723 0.650008 0.657587 
0.500000 0.622535 0.644421 0.654955 0.657902 
0.500000 0.500000 0.605012 0.648106 0.657012 
0.500000 0.620081 0.630312 0.655752 0.658126 
0.500000 0.500000 0.615680 0.646802 0.656583 
0.500000 0.614320 0.619075 0.652560 0.658306 
0.500000 0.500000 0.624156 0.649235 0.656289 
0.500000 0.607066 0.610723 0.650008 0.657587 
0.500000 0.500000 0.630998 0.651163 0.656838 
0.500000 0.500000 0.605012 0.648106 0.657012 
0.500000 0.500000 0.636491 0.652716 0.657273 
0.500000 0.500000 0.615680 0.646802 0.656583 
0.500000 0.500000 0.624156 0.649235 0.656289 
0.675038 0.500000 0.640893 0.653960 0.657622 
0.500000 0.500000 0.630998 0.651163 0.656838 
0.500000 0.619131 0.644421 0.654955 0.657902 
0.500000 0.500000 0.636491 0.652716 0.657273 
0.500000 0.616842 0.630814 0.655752 0.658126 
0.675038 0.500000 0.640893 0.653960 0.657622 
0.500000 0.611357 0.619969 0.652674 0.658306 
0.500000 0.619131 0.644421 0.654955 0.657902 
0.500000 0.616842 0.630814 0.655752 0.658126 
0.500000 0.500000 0.611884 0.650211 0.657613 
0.500000 0.611357 0.619969 0.652674 0.658306 
0.500000 0.500000 0.621306 0.648370 0.657058 
0.500000 0.500000 0.611884 0.650211 0.657613 
0.500000 0.500000 0.628700 0.650515 0.656643 
0.500000 0.500000 0.621306 0.648370 0.657058 
0.500000 0.500000 0.634648 0.652195 0.657127 
0.500000 0.500000 0.628700 0.650515 0.656643 
0.500000 0.500000 0.639417 0.653543 0.657505 
0.500000 0.500000 0.634648 0.652195 0.657127 
0.500000 0.500000 0.643238 0.654622 0.657808 
0.500000 0.500000 0.639417 0.653543 0.657505 
0.675038 0.500000 0.646301 0.655485 0.658051 
0.500000 0.500000 0.643238 0.654622 0.657808 
0.500000 0.626509 0.648759 0.656176 0.658245 
0.675038 0.500000 0.646301 0.655485 0.658051 
0.500000 0.624584 0.633455 0.656731 0.658401 
0.500000 0.626509 0.648759 0.656176 0.658245 
0.500000 0.619098 0.621012 0.653273 0.658526 
0.500000 0.611861 0.611595 0.650449 0.657748 
0.500000 0.624584 0.633455 0.656731 0.658401 
0.500000 0.500000 0.605021 0.648305 0.657112 
0.500000 0.619098 0.621012 0.653273 0.658526 
0.500000 0.500000 0.615697 0.646804 0.656628 
0.500000 0.611861 0.611595 0.650449 0.657748 
0.500000 0.500000 0.624170 0.649239 0.656290 
0.500000 0.500000 0.605021 0.648305 0.657112 
0.500000 0.500000 0.631009 0.651166 0.656839 
0.500000 0.500000 0.615697 0.646804 0.656628 
0.500000 0.500000 0.636500 0.652718 0.657273 
0.500000 0.500000 0.624170 0.649239 0.656290 
0.500000 0.500000 0.631009 0.651166 0.656839 
0.500000 0.500000 0.636500 0.652718 0.657273 
0.675038 0.622459 0.622459 0.500000 0.500000 
0.500000 0.682468 0.604812 0.650778 0.500000 
0.500000 0.672622 0.603318 0.646757 0.657186 
0.500000 0.662608 0.603083 0.646415 0.656279 
0.500000 0.652244 0.604422 0.646361 0.656202 
0.500000 0.642029 0.607104 0.646667 0.656190 
0.500000 0.632406 0.610883 0.647280 0.656259 
0.500000 0.623729 0.615481 0.648142 0.656397 
0.500000 0.616224 0.620607 0.649190 0.656592 
0.500000 0.609995 0.625974 0.650356 0.656828 
0.675038 0.605041 0.631327 0.651576 0.657091 
0.500000 0.643728 0.636457 0.652790 0.657366 
0.500000 0.639100 0.635062 0.653952 0.657639 
0.500000 0.634052 0.634812 0.653636 0.657900 
0.500000 0.629202 0.635314 0.653580 0.657829 
0.500000 0.624677 0.636420 0.653693 0.657817 
0.500000 0.620577 0.637978 0.653944 0.657842 
0.500000 0.616970 0.639847 0.654296 0.657899 
0.500000 0.613887 0.641897 0.654719 0.657978 
0.500000 0.611334 0.644020 0.655182 0.658073 
0.675038 0.609293 0.646125 0.655662 0.658177 
0.500000 0.649754 0.648142 0.656137 0.658285 
0.500000 0.646733 0.644127 0.656592 0.658392 
0.500000 0.642841 0.641373 0.655686 0.658494 
0.500000 0.638675 0.639586 0.655064 0.658291 
0.500000 0.634399 0.638670 0.654660 0.658151 
0.500000 0.630171 0.638502 0.654453 0.658060 
0.500000 0.626127 0.638953 0.654415 0.658013 
0.500000 0.622373 0.639894 0.654517 0.658005 
0.500000 0.618986 0.641198 0.654729 0.658028 
0.675038 0.616013 0.642749 0.655024 0.658075 
0.500000 0.654920 0.644442 0.655375 0.658142 
0.500000 0.651118 0.640235 0.655757 0.658221 
0.500000 0.646443 0.637448 0.654807 0.658307 
0.500000 0.641499 0.635758 0.654176 0.658093 
0.500000 0.636475 0.635045 0.653794 0.657951 
0.500000 0.631551 0.635165 0.653633 0.657865 
0.500000 0.626882 0.635964 0.653660 0.657829 
0.500000 0.622587 0.637289 0.653841 0.657835 
0.500000 0.618749 0.638994 0.654140 0.657875 
0.675038 0.615418 0.640945 0.654526 0.657943 
0.500000 0.654155 0.643021 0.654967 0.658030 
0.500000 0.650163 0.639132 0.655436 0.658129 
0.500000 0.645345 0.636652 0.654557 0.658234 
0.500000 0.640315 0.635245 0.653996 0.658037 
0.500000 0.635256 0.634784 0.653678 0.657910 
0.500000 0.630346 0.635119 0.653573 0.657839 
0.500000 0.625729 0.636096 0.653649 0.657815 
0.500000 0.621518 0.637561 0.653870 0.657832 
0.500000 0.617786 0.639369 0.654202 0.657882 
0.675038 0.614575 0.641388 0.654611 0.657957 
0.500000 0.653516 0.643504 0.655067 0.658049 
0.500000 0.649621 0.639635 0.655545 0.658151 
0.500000 0.644902 0.637155 0.654671 0.658259 
0.500000 0.639969 0.635733 0.654110 0.658062 
0.500000 0.635005 0.635244 0.653788 0.657936 
0.500000 0.630182 0.635541 0.653678 0.657864 
0.500000 0.625644 0.636472 0.653745 0.657839 
0.500000 0.621500 0.637887 0.653956 0.657854 
0.500000 0.617824 0.639643 0.654276 0.657901 
0.675038 0.614657 0.641611 0.654673 0.657973 
0.500000 0.653619 0.643679 0.655118 0.658063 
0.500000 0.649747 0.639769 0.655585 0.658163 
0.500000 0.645044 0.637251 0.654701 0.658268 
0.500000 0.640122 0.635794 0.654132 0.658069 
0.500000 0.635161 0.635273 0.653802 0.657941 
0.500000 0.630335 0.635543 0.653684 0.657867 
0.500000 0.625790 0.636452 0.653745 0.657840 
0.500000 0.621635 0.637850 0.653951 0.657854 
0.500000 0.617945 0.639594 0.654267 0.657900 
0.675038 0.614762 0.641554 0.654662 0.657971 
0.500000 0.653698 0.643617 0.655105 0.658060 
0.500000 0.649814 0.639705 0.655571 0.658160 
0.500000 0.645099 0.637187 0.654687 0.658265 
0.500000 0.640164 0.635732 0.654117 0.658066 
0.500000 0.635191 0.635215 0.653788 0.657938 
0.500000 0.630354 0.635490 0.653671 0.657864 
0.500000 0.625799 0.636405 0.653733 0.657837 
0.500000 0.621636 0.637809 0.653940 0.657851 
0.500000 0.617939 0.639560 0.654258 0.657898 
0.675038 0.614751 0.641526 0.654654 0.657969 
0.500000 0.653685 0.643595 0.655098 0.658058 
0.500000 0.649798 0.639688 0.655566 0.658158 
0.500000 0.645080 0.637176 0.654683 0.658264 
0.500000 0.640144 0.635725 0.654115 0.658065 
0.500000 0.635171 0.635212 0.653786 0.657937 
0.500000 0.630335 0.635490 0.653670 0.657863 
0.500000 0.625781 0.636408 0.653733 0.657837 
0.500000 0.621619 0.637814 0.653941 0.657851 
0.500000 0.617924 0.639566 0.654259 0.657898 
0.675038 0.614738 0.641534 0.654655 0.657970 
0.500000 0.653675 0.643603 0.655100 0.658059 
0.500000 0.649789 0.639697 0.655567 0.658159 
0.500000 0.645074 0.637184 0.654685 0.658264 
0.500000 0.640139 0.635733 0.654117 0.658065 
0.500000 0.635167 0.635219 0.653788 0.657938 
0.500000 0.630333 0.635497 0.653672 0.657864 
0.500000 0.625780 0.636414 0.653735 0.657837 
0.500000 0.621619 0.637819 0.653942 0.657852 
0.500000 0.617925 0.639571 0.654260 0.657898 
