0.440679 0.268941 0.268941 0.500000 0.500000 
0.500000 0.381019 0.201017 0.368680 0.500000 
0.500000 0.448578 0.233310 0.400824 0.323582 
0.500000 0.476397 0.265636 0.385417 0.309673 
0.500000 0.487076 0.301673 0.370220 0.316299 
0.500000 0.491385 0.333043 0.353579 0.322908 
0.500000 0.493210 0.358820 0.339374 0.330227 
0.500000 0.493899 0.378916 0.327913 0.336541 
0.500000 0.493958 0.394115 0.319117 0.341678 
0.500000 0.493586 0.405356 0.312549 0.345646 
0.440679 0.492859 0.413528 0.307739 0.348623 
0.500000 0.493517 0.419368 0.304268 0.350811 
0.500000 0.492320 0.423798 0.301801 0.352393 
0.500000 0.490805 0.426775 0.299937 0.353520 
0.500000 0.488949 0.428705 0.298688 0.354372 
0.500000 0.486737 0.429809 0.297881 0.354944 
0.500000 0.484160 0.430251 0.297419 0.355314 
0.500000 0.481226 0.430145 0.297234 0.355525 
0.500000 0.477964 0.429570 0.297279 0.355610 
0.500000 0.474425 0.428583 0.297519 0.355590 
0.440679 0.470680 0.427230 0.297932 0.355480 
0.500000 0.473476 0.425553 0.298498 0.355291 
0.500000 0.470012 0.424943 0.299201 0.355031 
0.500000 0.466437 0.423680 0.299457 0.354709 
0.500000 0.462853 0.422105 0.299987 0.354592 
0.500000 0.459373 0.420244 0.300649 0.354350 
0.500000 0.456109 0.418174 0.301432 0.354047 
0.500000 0.453165 0.415967 0.302305 0.353689 
0.500000 0.450626 0.413701 0.303236 0.353290 
0.500000 0.448550 0.411457 0.304195 0.352864 
0.440679 0.446965 0.409311 0.305146 0.352427 
0.500000 0.456284 0.407332 0.306056 0.351993 
0.500000 0.455274 0.408065 0.306897 0.351577 
0.500000 0.454230 0.408004 0.306586 0.351194 
0.500000 0.453211 0.407817 0.306612 0.351336 
0.500000 0.452255 0.407455 0.306691 0.351324 
0.500000 0.451394 0.406986 0.306845 0.351288 
0.500000 0.450651 0.406449 0.307045 0.351218 
0.500000 0.450038 0.405885 0.307273 0.351127 
0.500000 0.449559 0.405326 0.307513 0.351023 
0.440679 0.449210 0.404797 0.307752 0.350913 
0.500000 0.458861 0.404318 0.307977 0.350805 
0.500000 0.458310 0.406287 0.308181 0.350702 
0.500000 0.457507 0.407261 0.307342 0.350609 
0.500000 0.456542 0.407912 0.306928 0.350991 
0.500000 0.455486 0.408202 0.306651 0.351180 
0.500000 0.454401 0.408213 0.306527 0.351306 
0.500000 0.453340 0.408001 0.306523 0.351363 
0.500000 0.452345 0.407624 0.306613 0.351365 
0.500000 0.451449 0.407133 0.306773 0.351324 
0.440679 0.450675 0.406574 0.306982 0.351251 
0.500000 0.459732 0.405986 0.307220 0.351155 
0.500000 0.458874 0.407717 0.307471 0.351047 
0.500000 0.457810 0.408466 0.306734 0.350933 
0.500000 0.456625 0.408891 0.306415 0.351269 
0.500000 0.455390 0.408966 0.306235 0.351414 
0.500000 0.454166 0.408777 0.306203 0.351496 
0.500000 0.453004 0.408386 0.306283 0.351511 
0.500000 0.451943 0.407851 0.306449 0.351474 
0.500000 0.451014 0.407226 0.306677 0.351398 
0.440679 0.450235 0.406556 0.306943 0.351295 
0.500000 0.459383 0.405881 0.307228 0.351173 
0.500000 0.458552 0.407571 0.307515 0.351043 
0.500000 0.457520 0.408290 0.306796 0.350913 
0.500000 0.456373 0.408699 0.306490 0.351240 
0.500000 0.455178 0.408768 0.306316 0.351380 
0.500000 0.453995 0.408583 0.306287 0.351459 
0.500000 0.452873 0.408203 0.306365 0.351472 
0.500000 0.451851 0.407684 0.306527 0.351437 
0.500000 0.450957 0.407079 0.306748 0.351363 
0.440679 0.450209 0.406431 0.307005 0.351262 
0.500000 0.459383 0.405781 0.307281 0.351145 
0.500000 0.458569 0.407494 0.307558 0.351019 
0.500000 0.457550 0.408235 0.306828 0.350893 
0.500000 0.456412 0.408663 0.306513 0.351225 
0.500000 0.455223 0.408749 0.306332 0.351369 
0.500000 0.454042 0.408578 0.306295 0.351452 
0.500000 0.452921 0.408208 0.306368 0.351469 
0.500000 0.451896 0.407698 0.306525 0.351435 
0.500000 0.450999 0.407098 0.306742 0.351364 
0.440679 0.450245 0.406455 0.306997 0.351265 
0.500000 0.459408 0.405806 0.307271 0.351149 
0.500000 0.458589 0.407519 0.307547 0.351024 
0.500000 0.457565 0.408257 0.306818 0.350898 
0.500000 0.456423 0.408683 0.306504 0.351230 
0.500000 0.455230 0.408767 0.306323 0.351373 
0.500000 0.454046 0.408593 0.306288 0.351456 
0.500000 0.452921 0.408220 0.306362 0.351472 
0.500000 0.451895 0.407707 0.306520 0.351438 
0.500000 0.450995 0.407105 0.306738 0.351366 
0.440679 0.450241 0.406460 0.306994 0.351267 
0.500000 0.459404 0.405809 0.307269 0.351150 
0.500000 0.458584 0.407520 0.307546 0.351025 
0.500000 0.457561 0.408257 0.306818 0.350899 
0.500000 0.456418 0.408682 0.306504 0.351230 
0.500000 0.455225 0.408765 0.306324 0.351373 
0.500000 0.454042 0.408590 0.306288 0.351456 
0.500000 0.452918 0.408218 0.306362 0.351472 
0.500000 0.451892 0.407705 0.306521 0.351438 
0.500000 0.450993 0.407103 0.306739 0.351366 
