0.500000 0.268941 0.268941 0.500000 0.500000 
0.500000 0.309464 0.194364 0.368680 0.500000 
0.500000 0.314048 0.182233 0.404024 0.323582 
0.500000 0.335014 0.500000 0.409879 0.308307 
0.500000 0.294873 0.500000 0.500000 0.305815 
0.500000 0.292240 0.500000 0.500000 0.500000 
0.500000 0.289876 0.500000 0.500000 0.500000 
0.500000 0.287753 0.500000 0.500000 0.500000 
0.500000 0.285846 0.500000 0.500000 0.500000 
0.500000 0.284134 0.500000 0.500000 0.500000 
0.440679 0.282597 0.500000 0.500000 0.500000 
0.500000 0.305530 0.500000 0.500000 0.500000 
0.500000 0.301817 0.500000 0.500000 0.500000 
0.500000 0.298478 0.500000 0.500000 0.500000 
0.500000 0.295478 0.500000 0.500000 0.500000 
0.500000 0.292784 0.500000 0.500000 0.500000 
0.500000 0.290364 0.500000 0.500000 0.500000 
0.500000 0.288191 0.500000 0.500000 0.500000 
0.500000 0.286240 0.500000 0.500000 0.500000 
0.500000 0.284488 0.500000 0.500000 0.500000 
0.440679 0.282914 0.500000 0.500000 0.500000 
0.500000 0.305821 0.500000 0.500000 0.500000 
0.500000 0.302078 0.500000 0.500000 0.500000 
0.500000 0.298713 0.500000 0.500000 0.500000 
0.500000 0.295690 0.500000 0.500000 0.500000 
0.500000 0.292973 0.500000 0.500000 0.500000 
0.500000 0.290534 0.500000 0.500000 0.500000 
0.500000 0.288344 0.500000 0.500000 0.500000 
0.500000 0.286377 0.500000 0.500000 0.500000 
0.500000 0.284611 0.500000 0.500000 0.500000 
0.440679 0.283025 0.500000 0.500000 0.500000 
0.500000 0.305922 0.500000 0.500000 0.500000 
0.500000 0.302169 0.500000 0.500000 0.500000 
0.500000 0.298795 0.500000 0.500000 0.500000 
0.500000 0.295763 0.500000 0.500000 0.500000 
0.500000 0.293040 0.500000 0.500000 0.500000 
0.500000 0.290594 0.500000 0.500000 0.500000 
0.500000 0.288397 0.500000 0.500000 0.500000 
0.500000 0.286425 0.500000 0.500000 0.500000 
0.500000 0.284654 0.500000 0.500000 0.500000 
0.440679 0.283064 0.500000 0.500000 0.500000 
0.500000 0.305957 0.500000 0.500000 0.500000 
0.500000 0.302201 0.500000 0.500000 0.500000 
0.500000 0.298824 0.500000 0.500000 0.500000 
0.500000 0.295789 0.500000 0.500000 0.500000 
0.500000 0.293063 0.500000 0.500000 0.500000 
0.500000 0.290614 0.500000 0.500000 0.500000 
0.500000 0.288416 0.500000 0.500000 0.500000 
0.500000 0.286441 0.500000 0.500000 0.500000 
0.500000 0.284669 0.500000 0.500000 0.500000 
0.440679 0.283077 0.500000 0.500000 0.500000 
0.500000 0.305970 0.500000 0.500000 0.500000 
0.500000 0.302212 0.500000 0.500000 0.500000 
0.500000 0.298834 0.500000 0.500000 0.500000 
0.500000 0.295798 0.500000 0.500000 0.500000 
0.500000 0.293071 0.500000 0.500000 0.500000 
0.500000 0.290621 0.500000 0.500000 0.500000 
0.500000 0.288422 0.500000 0.500000 0.500000 
0.500000 0.286447 0.500000 0.500000 0.500000 
0.500000 0.284674 0.500000 0.500000 0.500000 
0.440679 0.283082 0.500000 0.500000 0.500000 
0.500000 0.305974 0.500000 0.500000 0.500000 
0.500000 0.302216 0.500000 0.500000 0.500000 
0.500000 0.298837 0.500000 0.500000 0.500000 
0.500000 0.295801 0.500000 0.500000 0.500000 
0.500000 0.293073 0.500000 0.500000 0.500000 
0.500000 0.290624 0.500000 0.500000 0.500000 
0.500000 0.288424 0.500000 0.500000 0.500000 
0.500000 0.286449 0.500000 0.500000 0.500000 
0.500000 0.284676 0.500000 0.500000 0.500000 
0.440679 0.283083 0.500000 0.500000 0.500000 
0.500000 0.305975 0.500000 0.500000 0.500000 
0.500000 0.302217 0.500000 0.500000 0.500000 
0.500000 0.298838 0.500000 0.500000 0.500000 
0.500000 0.295802 0.500000 0.500000 0.500000 
0.500000 0.293074 0.500000 0.500000 0.500000 
0.500000 0.290625 0.500000 0.500000 0.500000 
0.500000 0.288425 0.500000 0.500000 0.500000 
0.500000 0.286450 0.500000 0.500000 0.500000 
0.500000 0.284676 0.500000 0.500000 0.500000 
0.440679 0.283084 0.500000 0.500000 0.500000 
0.500000 0.305976 0.500000 0.500000 0.500000 
0.500000 0.302218 0.500000 0.500000 0.500000 
0.500000 0.298839 0.500000 0.500000 0.500000 
0.500000 0.295802 0.500000 0.500000 0.500000 
0.500000 0.293075 0.500000 0.500000 0.500000 
0.500000 0.290625 0.500000 0.500000 0.500000 
0.500000 0.288425 0.500000 0.500000 0.500000 
0.500000 0.286450 0.500000 0.500000 0.500000 
0.500000 0.284677 0.500000 0.500000 0.500000 
0.440679 0.283084 0.500000 0.500000 0.500000 
0.500000 0.305976 0.500000 0.500000 0.500000 
0.500000 0.302218 0.500000 0.500000 0.500000 
0.500000 0.298839 0.500000 0.500000 0.500000 
0.500000 0.295802 0.500000 0.500000 0.500000 
0.500000 0.293075 0.500000 0.500000 0.500000 
0.500000 0.290625 0.500000 0.500000 0.500000 
0.500000 0.288426 0.500000 0.500000 0.500000 
0.500000 0.286450 0.500000 0.500000 0.500000 
0.500000 0.284677 0.500000 0.500000 0.500000 
