0.500000 0.440679 0.500000 0.500000 0.500000 0.500000 0.500000 0.500000 0.500000 
0.500000 0.440679 0.500000 0.500000 0.500000 0.292896 0.500000 0.500000 0.500000 
0.500000 0.440679 0.500000 0.500000 0.500000 0.292896 0.500000 0.500000 0.500000 
0.500000 0.440679 0.500000 0.500000 0.500000 0.292896 0.500000 0.500000 0.500000 
0.500000 0.440679 0.500000 0.500000 0.500000 0.292896 0.500000 0.500000 0.500000 
0.500000 0.440679 0.500000 0.500000 0.500000 0.292896 0.500000 0.500000 0.500000 
0.500000 0.440679 0.500000 0.500000 0.500000 0.292896 0.500000 0.500000 0.500000 
0.500000 0.440679 0.500000 0.500000 0.500000 0.292896 0.500000 0.500000 0.500000 
0.500000 0.440679 0.500000 0.500000 0.500000 0.292896 0.500000 0.500000 0.500000 
0.500000 0.440679 0.500000 0.500000 0.500000 0.292896 0.500000 0.500000 0.500000 
0.500000 0.440679 0.500000 0.500000 0.500000 0.292896 0.500000 0.500000 0.500000 
0.500000 0.440679 0.500000 0.500000 0.500000 0.292896 0.500000 0.500000 0.500000 
0.500000 0.440679 0.500000 0.500000 0.500000 0.292896 0.500000 0.500000 0.500000 
0.500000 0.440679 0.500000 0.500000 0.500000 0.292896 0.500000 0.500000 0.500000 
0.500000 0.440679 0.500000 0.500000 0.500000 0.292896 0.500000 0.500000 0.500000 
0.500000 0.440679 0.500000 0.500000 0.500000 0.292896 0.500000 0.500000 0.500000 
0.500000 0.440679 0.500000 0.500000 0.500000 0.292896 0.500000 0.500000 0.500000 
0.500000 0.440679 0.500000 0.500000 0.500000 0.292896 0.500000 0.500000 0.500000 
0.500000 0.440679 0.500000 0.500000 0.500000 0.292896 0.500000 0.500000 0.500000 
0.500000 0.440679 0.500000 0.500000 0.500000 0.292896 0.500000 0.500000 0.500000 
0.500000 0.440679 0.500000 0.500000 0.500000 0.292896 0.500000 0.500000 0.500000 
0.500000 0.440679 0.500000 0.500000 0.500000 0.292896 0.500000 0.500000 0.500000 
0.500000 0.440679 0.500000 0.500000 0.500000 0.292896 0.500000 0.500000 0.500000 
0.500000 0.440679 0.500000 0.500000 0.500000 0.292896 0.500000 0.500000 0.500000 
0.500000 0.440679 0.500000 0.500000 0.500000 0.292896 0.500000 0.500000 0.500000 
0.500000 0.440679 0.500000 0.500000 0.500000 0.292896 0.500000 0.500000 0.500000 
0.500000 0.440679 0.500000 0.500000 0.500000 0.292896 0.500000 0.500000 0.500000 
0.500000 0.440679 0.500000 0.500000 0.500000 0.292896 0.500000 0.500000 0.500000 
0.500000 0.440679 0.500000 0.500000 0.500000 0.292896 0.500000 0.500000 0.500000 
0.500000 0.440679 0.500000 0.500000 0.500000 0.292896 0.500000 0.500000 0.500000 
0.500000 0.440679 0.500000 0.500000 0.500000 0.292896 0.500000 0.500000 0.500000 
0.500000 0.440679 0.500000 0.500000 0.500000 0.292896 0.500000 0.500000 0.500000 
0.500000 0.440679 0.500000 0.500000 0.500000 0.292896 0.500000 0.500000 0.500000 
0.500000 0.440679 0.500000 0.500000 0.500000 0.292896 0.500000 0.500000 0.500000 
0.500000 0.440679 0.500000 0.500000 0.500000 0.292896 0.500000 0.500000 0.500000 
0.500000 0.440679 0.500000 0.500000 0.500000 0.292896 0.500000 0.500000 0.500000 
0.500000 0.440679 0.500000 0.500000 0.500000 0.292896 0.500000 0.500000 0.500000 
0.500000 0.440679 0.500000 0.500000 0.500000 0.292896 0.500000 0.500000 0.500000 
0.500000 0.440679 0.500000 0.500000 0.500000 0.292896 0.500000 0.500000 0.500000 
0.500000 0.440679 0.500000 0.500000 0.500000 0.292896 0.500000 0.500000 0.500000 
0.500000 0.440679 0.500000 0.500000 0.500000 0.292896 0.500000 0.500000 0.500000 
0.500000 0.440679 0.500000 0.500000 0.500000 0.292896 0.500000 0.500000 0.500000 
0.500000 0.440679 0.500000 0.500000 0.500000 0.292896 0.500000 0.500000 0.500000 
0.500000 0.440679 0.500000 0.500000 0.500000 0.292896 0.500000 0.500000 0.500000 
0.500000 0.440679 0.500000 0.500000 0.500000 0.292896 0.500000 0.500000 0.500000 
0.500000 0.440679 0.500000 0.500000 0.500000 0.292896 0.500000 0.500000 0.500000 
0.500000 0.440679 0.500000 0.500000 0.500000 0.292896 0.500000 0.500000 0.500000 
0.500000 0.440679 0.500000 0.500000 0.500000 0.292896 0.500000 0.500000 0.500000 
0.500000 0.440679 0.500000 0.500000 0.500000 0.292896 0.500000 0.500000 0.500000 
0.500000 0.440679 0.500000 0.500000 0.500000 0.292896 0.500000 0.500000 0.500000 
0.500000 0.440679 0.500000 0.500000 0.500000 0.292896 0.500000 0.500000 0.500000 
0.500000 0.440679 0.500000 0.500000 0.500000 0.292896 0.500000 0.500000 0.500000 
0.500000 0.440679 0.500000 0.500000 0.500000 0.292896 0.500000 0.500000 0.500000 
0.500000 0.440679 0.500000 0.500000 0.500000 0.292896 0.500000 0.500000 0.500000 
0.500000 0.440679 0.500000 0.500000 0.500000 0.292896 0.500000 0.500000 0.500000 
0.500000 0.440679 0.500000 0.500000 0.500000 0.292896 0.500000 0.500000 0.500000 
0.500000 0.440679 0.500000 0.500000 0.500000 0.292896 0.500000 0.500000 0.500000 
0.500000 0.440679 0.500000 0.500000 0.500000 0.292896 0.500000 0.500000 0.500000 
0.500000 0.440679 0.500000 0.500000 0.500000 0.292896 0.500000 0.500000 0.500000 
0.500000 0.440679 0.500000 0.500000 0.500000 0.292896 0.500000 0.500000 0.500000 
0.500000 0.440679 0.500000 0.500000 0.500000 0.292896 0.500000 0.500000 0.500000 
0.500000 0.440679 0.500000 0.500000 0.500000 0.292896 0.500000 0.500000 0.500000 
0.500000 0.440679 0.500000 0.500000 0.500000 0.292896 0.500000 0.500000 0.500000 
0.500000 0.440679 0.500000 0.500000 0.500000 0.292896 0.500000 0.500000 0.500000 
0.500000 0.440679 0.500000 0.500000 0.500000 0.292896 0.500000 0.500000 0.500000 
0.500000 0.440679 0.500000 0.500000 0.500000 0.292896 0.500000 0.500000 0.500000 
0.500000 0.440679 0.500000 0.500000 0.500000 0.292896 0.500000 0.500000 0.500000 
0.500000 0.440679 0.500000 0.500000 0.500000 0.292896 0.500000 0.500000 0.500000 
0.500000 0.440679 0.500000 0.500000 0.500000 0.292896 0.500000 0.500000 0.500000 
0.500000 0.440679 0.500000 0.500000 0.500000 0.292896 0.500000 0.500000 0.500000 
0.500000 0.440679 0.500000 0.500000 0.500000 0.292896 0.500000 0.500000 0.500000 
0.500000 0.440679 0.500000 0.500000 0.500000 0.292896 0.500000 0.500000 0.500000 
0.500000 0.440679 0.500000 0.500000 0.500000 0.292896 0.500000 0.500000 0.500000 
0.500000 0.440679 0.500000 0.500000 0.500000 0.292896 0.500000 0.500000 0.500000 
0.500000 0.440679 0.500000 0.500000 0.500000 0.292896 0.500000 0.500000 0.500000 
0.500000 0.440679 0.500000 0.500000 0.500000 0.292896 0.500000 0.500000 0.500000 
0.500000 0.440679 0.500000 0.500000 0.500000 0.292896 0.500000 0.500000 0.500000 
0.500000 0.440679 0.500000 0.500000 0.500000 0.292896 0.500000 0.500000 0.500000 
0.500000 0.440679 0.500000 0.500000 0.500000 0.292896 0.500000 0.500000 0.500000 
0.500000 0.440679 0.500000 0.500000 0.500000 0.292896 0.500000 0.500000 0.500000 
0.500000 0.440679 0.500000 0.500000 0.500000 0.292896 0.500000 0.500000 0.500000 
0.500000 0.440679 0.500000 0.500000 0.500000 0.292896 0.500000 0.500000 0.500000 
0.500000 0.440679 0.500000 0.500000 0.500000 0.292896 0.500000 0.500000 0.500000 
0.500000 0.440679 0.500000 0.500000 0.500000 0.292896 0.500000 0.500000 0.500000 
0.500000 0.440679 0.500000 0.500000 0.500000 0.292896 0.500000 0.500000 0.500000 
0.500000 0.440679 0.500000 0.500000 0.500000 0.292896 0.500000 0.500000 0.500000 
0.500000 0.440679 0.500000 0.500000 0.500000 0.292896 0.500000 0.500000 0.500000 
0.500000 0.440679 0.500000 0.500000 0.500000 0.292896 0.500000 0.500000 0.500000 
0.500000 0.440679 0.500000 0.500000 0.500000 0.292896 0.500000 0.500000 0.500000 
0.500000 0.440679 0.500000 0.500000 0.500000 0.292896 0.500000 0.500000 0.500000 
0.500000 0.440679 0.500000 0.500000 0.500000 0.292896 0.500000 0.500000 0.500000 
0.500000 0.440679 0.500000 0.500000 0.500000 0.292896 0.500000 0.500000 0.500000 
0.500000 0.440679 0.500000 0.500000 0.500000 0.292896 0.500000 0.500000 0.500000 
0.500000 0.440679 0.500000 0.500000 0.500000 0.292896 0.500000 0.500000 0.500000 
0.500000 0.440679 0.500000 0.500000 0.500000 0.292896 0.500000 0.500000 0.500000 
0.500000 0.440679 0.500000 0.500000 0.500000 0.292896 0.500000 0.500000 0.500000 
0.500000 0.440679 0.500000 0.500000 0.500000 0.292896 0.500000 0.500000 0.500000 
0.500000 0.440679 0.500000 0.500000 0.500000 0.292896 0.500000 0.500000 0.500000 
0.500000 0.440679 0.500000 0.500000 0.500000 0.292896 0.500000 0.500000 0.500000 
0.500000 0.440679 0.500000 0.500000 0.500000 0.292896 0.500000 0.500000 0.500000 
