0.500000 0.440679 0.299199 0.405382 0.323797 0.500000 0.429546 0.500000 0.500000 
0.500000 0.440679 0.297917 0.432921 0.296195 0.292896 0.354710 0.343532 0.500000 
0.500000 0.440679 0.292804 0.451976 0.500000 0.292896 0.355297 0.356087 0.500000 
0.500000 0.440679 0.314817 0.465514 0.500000 0.292896 0.357643 0.500000 0.500000 
0.500000 0.440679 0.334461 0.472525 0.500000 0.292896 0.347594 0.500000 0.500000 
0.500000 0.440679 0.351635 0.476093 0.500000 0.292896 0.338738 0.500000 0.500000 
0.500000 0.440679 0.366447 0.477661 0.500000 0.292896 0.331087 0.500000 0.500000 
0.500000 0.440679 0.379115 0.477928 0.500000 0.292896 0.324560 0.500000 0.500000 
0.500000 0.440679 0.389901 0.477244 0.500000 0.292896 0.319031 0.500000 0.500000 
0.500000 0.440679 0.399071 0.475785 0.500000 0.292896 0.314362 0.500000 0.500000 
0.500000 0.440679 0.406869 0.473643 0.500000 0.292896 0.310423 0.500000 0.500000 
0.500000 0.440679 0.413511 0.470862 0.500000 0.292896 0.307094 0.500000 0.500000 
0.500000 0.440679 0.419183 0.467466 0.500000 0.292896 0.304275 0.500000 0.500000 
0.500000 0.440679 0.424040 0.463477 0.500000 0.292896 0.301879 0.500000 0.500000 
0.500000 0.440679 0.428212 0.458915 0.500000 0.292896 0.299836 0.500000 0.500000 
0.500000 0.440679 0.431809 0.453811 0.500000 0.292896 0.298087 0.500000 0.500000 
0.500000 0.440679 0.434920 0.448207 0.500000 0.292896 0.296584 0.500000 0.500000 
0.500000 0.440679 0.437618 0.442156 0.500000 0.292896 0.295288 0.500000 0.500000 
0.500000 0.440679 0.439966 0.435722 0.500000 0.292896 0.294166 0.500000 0.500000 
0.500000 0.440679 0.442016 0.428979 0.500000 0.292896 0.293192 0.500000 0.500000 
0.500000 0.440679 0.443809 0.422005 0.500000 0.292896 0.292343 0.500000 0.500000 
0.500000 0.440679 0.445383 0.414882 0.500000 0.292896 0.291602 0.500000 0.500000 
0.500000 0.440679 0.446766 0.407691 0.500000 0.292896 0.290952 0.500000 0.500000 
0.500000 0.440679 0.447985 0.400510 0.500000 0.292896 0.290381 0.500000 0.500000 
0.500000 0.440679 0.449062 0.393407 0.500000 0.292896 0.289879 0.500000 0.500000 
0.500000 0.440679 0.450014 0.386446 0.500000 0.292896 0.289436 0.500000 0.500000 
0.500000 0.440679 0.450857 0.379679 0.500000 0.292896 0.289045 0.500000 0.500000 
0.500000 0.440679 0.451606 0.373148 0.500000 0.292896 0.288698 0.500000 0.500000 
0.500000 0.440679 0.452271 0.366887 0.500000 0.292896 0.288391 0.500000 0.500000 
0.500000 0.440679 0.452863 0.360920 0.273389 0.292896 0.288118 0.500000 0.500000 
0.500000 0.440679 0.439556 0.355262 0.291201 0.292896 0.287875 0.366612 0.500000 
0.500000 0.440679 0.426646 0.354253 0.307058 0.292896 0.293362 0.358380 0.500000 
0.500000 0.440679 0.414815 0.357372 0.319503 0.292896 0.298743 0.351121 0.500000 
0.500000 0.440679 0.404306 0.363797 0.327681 0.292896 0.303723 0.345471 0.500000 
0.500000 0.440679 0.394998 0.372608 0.331260 0.292896 0.308186 0.341782 0.500000 
0.500000 0.440679 0.386535 0.382952 0.330228 0.292896 0.312170 0.340174 0.500000 
0.500000 0.440679 0.378447 0.394127 0.324728 0.292896 0.315815 0.340637 0.500000 
0.500000 0.440679 0.370213 0.405625 0.314978 0.292896 0.319321 0.343112 0.500000 
0.500000 0.440679 0.361297 0.417114 0.301275 0.292896 0.322911 0.347521 0.500000 
0.500000 0.440679 0.351171 0.428399 0.284066 0.292896 0.326822 0.353760 0.500000 
0.500000 0.440679 0.339336 0.439358 0.500000 0.292896 0.331293 0.361668 0.500000 
0.500000 0.440679 0.355856 0.449890 0.500000 0.292896 0.336558 0.500000 0.500000 
0.500000 0.440679 0.370065 0.455679 0.500000 0.292896 0.329220 0.500000 0.500000 
0.500000 0.440679 0.382199 0.458549 0.500000 0.292896 0.322976 0.500000 0.500000 
0.500000 0.440679 0.392524 0.459480 0.500000 0.292896 0.317692 0.500000 0.500000 
0.500000 0.440679 0.401301 0.459018 0.500000 0.292896 0.313233 0.500000 0.500000 
0.500000 0.440679 0.408767 0.457475 0.500000 0.292896 0.309469 0.500000 0.500000 
0.500000 0.440679 0.415130 0.455044 0.500000 0.292896 0.306287 0.500000 0.500000 
0.500000 0.440679 0.420568 0.451850 0.500000 0.292896 0.303590 0.500000 0.500000 
0.500000 0.440679 0.425228 0.447985 0.500000 0.292896 0.301296 0.500000 0.500000 
0.500000 0.440679 0.429236 0.443526 0.500000 0.292896 0.299337 0.500000 0.500000 
0.500000 0.440679 0.432693 0.438541 0.500000 0.292896 0.297659 0.500000 0.500000 
0.500000 0.440679 0.435685 0.433103 0.500000 0.292896 0.296215 0.500000 0.500000 
0.500000 0.440679 0.438284 0.427283 0.500000 0.292896 0.294969 0.500000 0.500000 
0.500000 0.440679 0.440547 0.421156 0.500000 0.292896 0.293890 0.500000 0.500000 
0.500000 0.440679 0.442523 0.414800 0.500000 0.292896 0.292951 0.500000 0.500000 
0.500000 0.440679 0.444254 0.408292 0.500000 0.292896 0.292133 0.500000 0.500000 
0.500000 0.440679 0.445773 0.401705 0.500000 0.292896 0.291418 0.500000 0.500000 
0.500000 0.440679 0.447110 0.395109 0.500000 0.292896 0.290791 0.500000 0.500000 
0.500000 0.440679 0.448289 0.388568 0.500000 0.292896 0.290240 0.500000 0.500000 
0.500000 0.440679 0.449330 0.382139 0.500000 0.292896 0.289754 0.500000 0.500000 
0.500000 0.440679 0.450251 0.375870 0.500000 0.292896 0.289326 0.500000 0.500000 
0.500000 0.440679 0.451068 0.369802 0.500000 0.292896 0.288947 0.500000 0.500000 
0.500000 0.440679 0.451793 0.363964 0.281615 0.292896 0.288612 0.500000 0.500000 
0.500000 0.440679 0.439020 0.358382 0.297646 0.292896 0.288314 0.362800 0.500000 
0.500000 0.440679 0.426656 0.357236 0.311819 0.292896 0.293584 0.355421 0.500000 
0.500000 0.440679 0.415286 0.360029 0.322836 0.292896 0.298738 0.348954 0.500000 
0.500000 0.440679 0.405112 0.365994 0.329916 0.292896 0.303524 0.343966 0.500000 
0.500000 0.440679 0.396013 0.374280 0.332728 0.292896 0.307843 0.340777 0.500000 
0.500000 0.440679 0.387662 0.384096 0.331218 0.292896 0.311734 0.339515 0.500000 
0.500000 0.440679 0.379621 0.394789 0.325474 0.292896 0.315329 0.340193 0.500000 
0.500000 0.440679 0.371401 0.405879 0.315659 0.292896 0.318811 0.342776 0.500000 
0.500000 0.440679 0.362492 0.417047 0.302023 0.292896 0.322392 0.347212 0.500000 
0.500000 0.440679 0.352383 0.428094 0.284958 0.292896 0.326296 0.353419 0.500000 
0.500000 0.440679 0.340588 0.438893 0.500000 0.292896 0.330756 0.361256 0.500000 
0.500000 0.440679 0.356938 0.449333 0.500000 0.292896 0.335999 0.500000 0.500000 
0.500000 0.440679 0.370991 0.455077 0.500000 0.292896 0.328743 0.500000 0.500000 
0.500000 0.440679 0.382988 0.457917 0.500000 0.292896 0.322571 0.500000 0.500000 
0.500000 0.440679 0.393195 0.458823 0.500000 0.292896 0.317350 0.500000 0.500000 
0.500000 0.440679 0.401871 0.458335 0.500000 0.292896 0.312945 0.500000 0.500000 
0.500000 0.440679 0.409252 0.456766 0.500000 0.292896 0.309226 0.500000 0.500000 
0.500000 0.440679 0.415544 0.454307 0.500000 0.292896 0.306081 0.500000 0.500000 
0.500000 0.440679 0.420922 0.451087 0.500000 0.292896 0.303415 0.500000 0.500000 
0.500000 0.440679 0.425533 0.447196 0.500000 0.292896 0.301146 0.500000 0.500000 
0.500000 0.440679 0.429498 0.442714 0.500000 0.292896 0.299209 0.500000 0.500000 
0.500000 0.440679 0.432920 0.437711 0.500000 0.292896 0.297549 0.500000 0.500000 
0.500000 0.440679 0.435882 0.432259 0.500000 0.292896 0.296121 0.500000 0.500000 
0.500000 0.440679 0.438455 0.426431 0.500000 0.292896 0.294887 0.500000 0.500000 
0.500000 0.440679 0.440696 0.420304 0.500000 0.292896 0.293819 0.500000 0.500000 
0.500000 0.440679 0.442654 0.413954 0.500000 0.292896 0.292889 0.500000 0.500000 
0.500000 0.440679 0.444368 0.407457 0.500000 0.292896 0.292079 0.500000 0.500000 
0.500000 0.440679 0.445874 0.400887 0.500000 0.292896 0.291371 0.500000 0.500000 
0.500000 0.440679 0.447199 0.394314 0.500000 0.292896 0.290749 0.500000 0.500000 
0.500000 0.440679 0.448367 0.387801 0.500000 0.292896 0.290203 0.500000 0.500000 
0.500000 0.440679 0.449399 0.381403 0.500000 0.292896 0.289722 0.500000 0.500000 
0.500000 0.440679 0.450313 0.375168 0.500000 0.292896 0.289298 0.500000 0.500000 
0.500000 0.440679 0.451122 0.369135 0.500000 0.292896 0.288922 0.500000 0.500000 
0.500000 0.440679 0.451841 0.363335 0.284047 0.292896 0.288589 0.500000 0.500000 
0.500000 0.440679 0.439263 0.357790 0.300071 0.292896 0.288294 0.361677 0.500000 
0.500000 0.440679 0.427124 0.356626 0.314229 0.292896 0.293483 0.354311 0.500000 
0.500000 0.440679 0.299199 0.405382 0.323797 0.500000 0.429546 0.500000 0.500000 
0.500000 0.440679 0.297917 0.432921 0.296195 0.292896 0.354710 0.343532 0.500000 
0.500000 0.440679 0.292804 0.451976 0.500000 0.292896 0.355297 0.356087 0.500000 
0.500000 0.440679 0.314817 0.465514 0.500000 0.292896 0.357643 0.500000 0.500000 
0.500000 0.440679 0.334461 0.472525 0.500000 0.292896 0.347594 0.500000 0.500000 
0.500000 0.440679 0.351635 0.476093 0.500000 0.292896 0.338738 0.500000 0.500000 
0.500000 0.440679 0.366447 0.477661 0.500000 0.292896 0.331087 0.500000 0.500000 
0.500000 0.440679 0.379115 0.477928 0.500000 0.292896 0.324560 0.500000 0.500000 
0.500000 0.440679 0.389901 0.477244 0.500000 0.292896 0.319031 0.500000 0.500000 
0.500000 0.440679 0.399071 0.475785 0.500000 0.292896 0.314362 0.500000 0.500000 
0.500000 0.440679 0.406869 0.473643 0.500000 0.292896 0.310423 0.500000 0.500000 
0.500000 0.440679 0.413511 0.470862 0.500000 0.292896 0.307094 0.500000 0.500000 
0.500000 0.440679 0.419183 0.467466 0.500000 0.292896 0.304275 0.500000 0.500000 
0.500000 0.440679 0.424040 0.463477 0.500000 0.292896 0.301879 0.500000 0.500000 
0.500000 0.440679 0.428212 0.458915 0.500000 0.292896 0.299836 0.500000 0.500000 
0.500000 0.440679 0.431809 0.453811 0.500000 0.292896 0.298087 0.500000 0.500000 
0.500000 0.440679 0.434920 0.448207 0.500000 0.292896 0.296584 0.500000 0.500000 
0.500000 0.440679 0.437618 0.442156 0.500000 0.292896 0.295288 0.500000 0.500000 
0.500000 0.440679 0.439966 0.435722 0.500000 0.292896 0.294166 0.500000 0.500000 
0.500000 0.440679 0.442016 0.428979 0.500000 0.292896 0.293192 0.500000 0.500000 
0.500000 0.440679 0.443809 0.422005 0.500000 0.292896 0.292343 0.500000 0.500000 
0.500000 0.440679 0.445383 0.414882 0.500000 0.292896 0.291602 0.500000 0.500000 
0.500000 0.440679 0.446766 0.407691 0.500000 0.292896 0.290952 0.500000 0.500000 
0.500000 0.440679 0.447985 0.400510 0.500000 0.292896 0.290381 0.500000 0.500000 
0.500000 0.440679 0.449062 0.393407 0.500000 0.292896 0.289879 0.500000 0.500000 
0.500000 0.440679 0.450014 0.386446 0.500000 0.292896 0.289436 0.500000 0.500000 
0.500000 0.440679 0.450857 0.379679 0.500000 0.292896 0.289045 0.500000 0.500000 
0.500000 0.440679 0.451606 0.373148 0.500000 0.292896 0.288698 0.500000 0.500000 
0.500000 0.440679 0.452271 0.366887 0.500000 0.292896 0.288391 0.500000 0.500000 
0.500000 0.440679 0.452863 0.360920 0.273389 0.292896 0.288118 0.500000 0.500000 
0.500000 0.440679 0.439556 0.355262 0.291201 0.292896 0.287875 0.366612 0.500000 
0.500000 0.440679 0.426646 0.354253 0.307058 0.292896 0.293362 0.358380 0.500000 
0.500000 0.440679 0.414815 0.357372 0.319503 0.292896 0.298743 0.351121 0.500000 
0.500000 0.440679 0.404306 0.363797 0.327681 0.292896 0.303723 0.345471 0.500000 
0.500000 0.440679 0.394998 0.372608 0.331260 0.292896 0.308186 0.341782 0.500000 
0.500000 0.440679 0.386535 0.382952 0.330228 0.292896 0.312170 0.340174 0.500000 
0.500000 0.440679 0.378447 0.394127 0.324728 0.292896 0.315815 0.340637 0.500000 
0.500000 0.440679 0.370213 0.405625 0.314978 0.292896 0.319321 0.343112 0.500000 
0.500000 0.440679 0.361297 0.417114 0.301275 0.292896 0.322911 0.347521 0.500000 
0.500000 0.440679 0.351171 0.428399 0.284066 0.292896 0.326822 0.353760 0.500000 
0.500000 0.440679 0.339336 0.439358 0.500000 0.292896 0.331293 0.361668 0.500000 
0.500000 0.440679 0.355856 0.449890 0.500000 0.292896 0.336558 0.500000 0.500000 
0.500000 0.440679 0.370065 0.455679 0.500000 0.292896 0.329220 0.500000 0.500000 
0.500000 0.440679 0.382199 0.458549 0.500000 0.292896 0.322976 0.500000 0.500000 
0.500000 0.440679 0.392524 0.459480 0.500000 0.292896 0.317692 0.500000 0.500000 
0.500000 0.440679 0.401301 0.459018 0.500000 0.292896 0.313233 0.500000 0.500000 
0.500000 0.440679 0.408767 0.457475 0.500000 0.292896 0.309469 0.500000 0.500000 
0.500000 0.440679 0.415130 0.455044 0.500000 0.292896 0.306287 0.500000 0.500000 
0.500000 0.440679 0.420568 0.451850 0.500000 0.292896 0.303590 0.500000 0.500000 
0.500000 0.440679 0.425228 0.447985 0.500000 0.292896 0.301296 0.500000 0.500000 
0.500000 0.440679 0.429236 0.443526 0.500000 0.292896 0.299337 0.500000 0.500000 
0.500000 0.440679 0.432693 0.438541 0.500000 0.292896 0.297659 0.500000 0.500000 
0.500000 0.440679 0.435685 0.433103 0.500000 0.292896 0.296215 0.500000 0.500000 
0.500000 0.440679 0.438284 0.427283 0.500000 0.292896 0.294969 0.500000 0.500000 
0.500000 0.440679 0.440547 0.421156 0.500000 0.292896 0.293890 0.500000 0.500000 
0.500000 0.440679 0.442523 0.414800 0.500000 0.292896 0.292951 0.500000 0.500000 
0.500000 0.440679 0.444254 0.408292 0.500000 0.292896 0.292133 0.500000 0.500000 
0.500000 0.440679 0.445773 0.401705 0.500000 0.292896 0.291418 0.500000 0.500000 
0.500000 0.440679 0.447110 0.395109 0.500000 0.292896 0.290791 0.500000 0.500000 
0.500000 0.440679 0.448289 0.388568 0.500000 0.292896 0.290240 0.500000 0.500000 
0.500000 0.440679 0.449330 0.382139 0.500000 0.292896 0.289754 0.500000 0.500000 
0.500000 0.440679 0.450251 0.375870 0.500000 0.292896 0.289326 0.500000 0.500000 
0.500000 0.440679 0.451068 0.369802 0.500000 0.292896 0.288947 0.500000 0.500000 
0.500000 0.440679 0.451793 0.363964 0.281615 0.292896 0.288612 0.500000 0.500000 
0.500000 0.440679 0.439020 0.358382 0.297646 0.292896 0.288314 0.362800 0.500000 
0.500000 0.440679 0.426656 0.357236 0.311819 0.292896 0.293584 0.355421 0.500000 
0.500000 0.440679 0.415286 0.360029 0.322836 0.292896 0.298738 0.348954 0.500000 
0.500000 0.440679 0.405112 0.365994 0.329916 0.292896 0.303524 0.343966 0.500000 
0.500000 0.440679 0.396013 0.374280 0.332728 0.292896 0.307843 0.340777 0.500000 
0.500000 0.440679 0.387662 0.384096 0.331218 0.292896 0.311734 0.339515 0.500000 
0.500000 0.440679 0.379621 0.394789 0.325474 0.292896 0.315329 0.340193 0.500000 
0.500000 0.440679 0.371401 0.405879 0.315659 0.292896 0.318811 0.342776 0.500000 
0.500000 0.440679 0.362492 0.417047 0.302023 0.292896 0.322392 0.347212 0.500000 
0.500000 0.440679 0.352383 0.428094 0.284958 0.292896 0.326296 0.353419 0.500000 
0.500000 0.440679 0.340588 0.438893 0.500000 0.292896 0.330756 0.361256 0.500000 
0.500000 0.440679 0.356938 0.449333 0.500000 0.292896 0.335999 0.500000 0.500000 
0.500000 0.440679 0.370991 0.455077 0.500000 0.292896 0.328743 0.500000 0.500000 
0.500000 0.440679 0.382988 0.457917 0.500000 0.292896 0.322571 0.500000 0.500000 
0.500000 0.440679 0.393195 0.458823 0.500000 0.292896 0.317350 0.500000 0.500000 
0.500000 0.440679 0.401871 0.458335 0.500000 0.292896 0.312945 0.500000 0.500000 
0.500000 0.440679 0.409252 0.456766 0.500000 0.292896 0.309226 0.500000 0.500000 
0.500000 0.440679 0.415544 0.454307 0.500000 0.292896 0.306081 0.500000 0.500000 
0.500000 0.440679 0.420922 0.451087 0.500000 0.292896 0.303415 0.500000 0.500000 
0.500000 0.440679 0.425533 0.447196 0.500000 0.292896 0.301146 0.500000 0.500000 
0.500000 0.440679 0.429498 0.442714 0.500000 0.292896 0.299209 0.500000 0.500000 
0.500000 0.440679 0.432920 0.437711 0.500000 0.292896 0.297549 0.500000 0.500000 
0.500000 0.440679 0.435882 0.432259 0.500000 0.292896 0.296121 0.500000 0.500000 
0.500000 0.440679 0.438455 0.426431 0.500000 0.292896 0.294887 0.500000 0.500000 
0.500000 0.440679 0.440696 0.420304 0.500000 0.292896 0.293819 0.500000 0.500000 
0.500000 0.440679 0.442654 0.413954 0.500000 0.292896 0.292889 0.500000 0.500000 
0.500000 0.440679 0.444368 0.407457 0.500000 0.292896 0.292079 0.500000 0.500000 
0.500000 0.440679 0.445874 0.400887 0.500000 0.292896 0.291371 0.500000 0.500000 
0.500000 0.440679 0.447199 0.394314 0.500000 0.292896 0.290749 0.500000 0.500000 
0.500000 0.440679 0.448367 0.387801 0.500000 0.292896 0.290203 0.500000 0.500000 
0.500000 0.440679 0.449399 0.381403 0.500000 0.292896 0.289722 0.500000 0.500000 
0.500000 0.440679 0.450313 0.375168 0.500000 0.292896 0.289298 0.500000 0.500000 
0.500000 0.440679 0.451122 0.369135 0.500000 0.292896 0.288922 0.500000 0.500000 
0.500000 0.440679 0.451841 0.363335 0.284047 0.292896 0.288589 0.500000 0.500000 
0.500000 0.440679 0.439263 0.357790 0.300071 0.292896 0.288294 0.361677 0.500000 
0.500000 0.440679 0.427124 0.356626 0.314229 0.292896 0.293483 0.354311 0.500000 
