0.500000 0.268941 0.268941 0.500000 0.500000 
0.500000 0.359370 0.208107 0.368680 0.500000 
0.500000 0.429402 0.220802 0.397423 0.323582 
0.500000 0.465043 0.241272 0.391359 0.311129 
0.500000 0.480088 0.270954 0.381651 0.313734 
0.500000 0.486200 0.303980 0.367744 0.317930 
0.500000 0.488336 0.337148 0.352525 0.323992 
0.500000 0.488243 0.367894 0.337536 0.330694 
0.500000 0.486324 0.394497 0.323926 0.337362 
0.500000 0.482310 0.416112 0.312385 0.343474 
0.440679 0.475478 0.432690 0.303175 0.348697 
0.500000 0.471819 0.444699 0.296216 0.352892 
0.500000 0.458087 0.453624 0.291234 0.356077 
0.500000 0.438668 0.459102 0.287563 0.358365 
0.500000 0.413353 0.461645 0.285324 0.360055 
0.500000 0.383416 0.461374 0.284288 0.361087 
0.500000 0.351674 0.458075 0.284398 0.361566 
0.500000 0.321742 0.451210 0.285743 0.361514 
0.500000 0.296905 0.440033 0.288553 0.360894 
0.500000 0.279459 0.423919 0.293164 0.359599 
0.440679 0.270836 0.402962 0.299887 0.357478 
0.500000 0.296167 0.378657 0.308760 0.354396 
0.500000 0.306047 0.361994 0.319230 0.350346 
0.500000 0.323509 0.347336 0.326515 0.345595 
0.500000 0.346011 0.338218 0.332994 0.342307 
0.500000 0.369744 0.335570 0.337057 0.339396 
0.500000 0.390842 0.339223 0.338242 0.337576 
0.500000 0.406930 0.347880 0.336608 0.337047 
0.500000 0.417395 0.359709 0.332753 0.337777 
0.500000 0.422652 0.372859 0.327521 0.339504 
0.440679 0.423378 0.385783 0.321755 0.341854 
0.500000 0.434680 0.397359 0.316140 0.344454 
0.500000 0.427498 0.409912 0.311157 0.346994 
0.500000 0.416753 0.418992 0.305801 0.349256 
0.500000 0.402804 0.425068 0.301960 0.351694 
0.500000 0.386440 0.428111 0.299404 0.353448 
0.500000 0.368881 0.428188 0.298129 0.354616 
0.500000 0.351692 0.425332 0.298097 0.355200 
0.500000 0.336543 0.419592 0.299293 0.355215 
0.500000 0.324941 0.411137 0.301707 0.354667 
0.440679 0.318056 0.400411 0.305281 0.353563 
0.500000 0.340749 0.388266 0.309850 0.351931 
0.500000 0.342532 0.382672 0.315068 0.349850 
0.500000 0.347176 0.376856 0.317487 0.347480 
0.500000 0.353889 0.372578 0.320013 0.346384 
0.500000 0.361809 0.370133 0.321878 0.345241 
0.500000 0.369932 0.369739 0.322946 0.344398 
0.500000 0.377331 0.371296 0.323118 0.343916 
0.500000 0.383295 0.374464 0.322437 0.343838 
0.500000 0.387388 0.378745 0.321055 0.344145 
0.440679 0.389431 0.383583 0.319191 0.344770 
0.500000 0.408056 0.388445 0.317092 0.345612 
0.500000 0.404646 0.397230 0.314991 0.346562 
0.500000 0.398629 0.403756 0.311212 0.347515 
0.500000 0.390423 0.408511 0.308421 0.349230 
0.500000 0.380703 0.411225 0.306396 0.350500 
0.500000 0.370276 0.411866 0.305244 0.351422 
0.500000 0.360068 0.410469 0.304972 0.351948 
0.500000 0.351031 0.407164 0.305564 0.352072 
0.500000 0.344032 0.402196 0.306969 0.351802 
0.440679 0.339752 0.395963 0.309087 0.351161 
0.500000 0.361741 0.389032 0.311755 0.350197 
0.500000 0.361456 0.388158 0.314737 0.348983 
0.500000 0.362030 0.386452 0.315114 0.347630 
0.500000 0.363216 0.385104 0.315851 0.347459 
0.500000 0.364883 0.384092 0.316434 0.347125 
0.500000 0.366828 0.383526 0.316872 0.346860 
0.500000 0.368838 0.383436 0.317117 0.346662 
0.500000 0.370706 0.383805 0.317156 0.346551 
0.500000 0.372255 0.384565 0.316997 0.346533 
0.440679 0.373354 0.385614 0.316668 0.346606 
0.500000 0.394232 0.386829 0.316214 0.346755 
0.500000 0.392326 0.393027 0.315688 0.346960 
0.500000 0.388569 0.397536 0.313017 0.347198 
0.500000 0.383247 0.400963 0.311081 0.348410 
0.500000 0.376879 0.403002 0.309614 0.349290 
0.500000 0.370041 0.403600 0.308743 0.349957 
0.500000 0.363360 0.402774 0.308487 0.350354 
0.500000 0.357457 0.400636 0.308840 0.350470 
0.500000 0.352888 0.397391 0.309753 0.350309 
0.440679 0.350078 0.393341 0.311143 0.349894 
0.500000 0.371710 0.388882 0.312881 0.349262 
0.500000 0.370696 0.390185 0.314802 0.348472 
0.500000 0.369656 0.390383 0.314240 0.347600 
0.500000 0.368551 0.390456 0.314155 0.347855 
0.500000 0.367514 0.390267 0.314123 0.347894 
0.500000 0.366637 0.389867 0.314205 0.347908 
0.500000 0.365999 0.389302 0.314377 0.347871 
0.500000 0.365651 0.388636 0.314621 0.347793 
0.500000 0.365614 0.387938 0.314908 0.347683 
0.440679 0.365874 0.387279 0.315209 0.347552 
0.500000 0.387421 0.386721 0.315494 0.347416 
0.500000 0.386061 0.391528 0.315735 0.347286 
0.500000 0.383313 0.394885 0.313662 0.347177 
0.500000 0.379368 0.397486 0.312218 0.348118 
0.500000 0.374643 0.399041 0.311102 0.348773 
0.500000 0.369583 0.399504 0.310436 0.349280 
0.500000 0.364662 0.398886 0.310238 0.349583 
0.500000 0.360342 0.397281 0.310502 0.349673 
0.500000 0.357021 0.394859 0.311190 0.349553 
0.500000 0.268941 0.268941 0.500000 0.500000 
0.500000 0.339926 0.208107 0.368680 0.500000 
0.500000 0.394245 0.216078 0.397423 0.323582 
0.500000 0.433101 0.228292 0.393612 0.311129 
0.500000 0.455024 0.250064 0.387796 0.312765 
0.500000 0.466141 0.276999 0.377510 0.315271 
0.500000 0.470828 0.306399 0.364937 0.319728 
0.500000 0.471288 0.335685 0.351421 0.325222 
0.500000 0.468221 0.362738 0.338190 0.331182 
0.500000 0.461390 0.386002 0.326188 0.337070 
0.440679 0.449973 0.404585 0.316046 0.342454 
0.500000 0.445498 0.418177 0.308067 0.347036 
0.500000 0.424229 0.428981 0.302303 0.350661 
0.500000 0.396453 0.434624 0.297765 0.353291 
0.500000 0.363768 0.435442 0.295411 0.355367 
0.500000 0.329818 0.431081 0.295071 0.356446 
0.500000 0.299008 0.420868 0.296888 0.356602 
0.500000 0.274948 0.404050 0.301169 0.355769 
0.500000 0.259788 0.380499 0.308296 0.353809 
0.500000 0.254703 0.351659 0.318429 0.350557 
0.440679 0.260659 0.321022 0.331077 0.345957 
0.500000 0.302735 0.293376 0.344785 0.340256 
0.500000 0.329416 0.281299 0.357380 0.334129 
0.500000 0.359279 0.275986 0.362947 0.328548 
0.500000 0.386536 0.279079 0.365407 0.326097 
0.500000 0.407676 0.288968 0.363974 0.325016 
0.500000 0.421775 0.303807 0.359408 0.325645 
0.500000 0.429492 0.321496 0.352604 0.327654 
0.500000 0.431796 0.340054 0.344570 0.330659 
0.500000 0.429369 0.357782 0.336237 0.334224 
0.440679 0.422529 0.373358 0.328371 0.337943 
0.500000 0.427201 0.385868 0.321537 0.341472 
0.500000 0.412429 0.398347 0.316104 0.344552 
0.500000 0.393404 0.405987 0.310733 0.347010 
0.500000 0.371009 0.409261 0.307470 0.349448 
0.500000 0.347225 0.407914 0.306078 0.350933 
0.500000 0.324621 0.401776 0.306650 0.351568 
0.500000 0.305769 0.390759 0.309266 0.351307 
0.500000 0.292725 0.375167 0.313993 0.350115 
0.500000 0.286887 0.356054 0.320749 0.347968 
0.440679 0.289089 0.335429 0.329133 0.344908 
0.500000 0.323991 0.316011 0.338305 0.341129 
0.500000 0.339209 0.308734 0.347052 0.337018 
0.500000 0.356684 0.304654 0.350357 0.333121 
0.500000 0.373528 0.305731 0.352217 0.331654 
0.500000 0.387765 0.311147 0.351726 0.330830 
0.500000 0.398216 0.319979 0.349260 0.331047 
0.500000 0.404510 0.330987 0.345256 0.332141 
0.500000 0.406730 0.342898 0.340296 0.333919 
0.500000 0.405130 0.354536 0.334969 0.336129 
0.440679 0.400014 0.364917 0.329804 0.338511 
0.500000 0.410093 0.373288 0.325231 0.340828 
0.500000 0.398621 0.383740 0.321568 0.342885 
0.500000 0.384145 0.390078 0.317025 0.344538 
0.500000 0.367436 0.392903 0.314286 0.346593 
0.500000 0.349994 0.391916 0.313070 0.347834 
0.500000 0.333587 0.387089 0.313495 0.348386 
0.500000 0.319998 0.378568 0.315576 0.348193 
0.500000 0.310732 0.366837 0.319269 0.347249 
0.500000 0.306857 0.352867 0.324389 0.345577 
0.440679 0.308934 0.338143 0.330542 0.343265 
0.500000 0.341019 0.324480 0.337091 0.340496 
0.500000 0.351230 0.321478 0.343224 0.337561 
0.500000 0.362377 0.320066 0.344579 0.334824 
0.500000 0.372738 0.321918 0.345217 0.334221 
0.500000 0.381299 0.326342 0.344380 0.333937 
0.500000 0.387371 0.332741 0.342385 0.334309 
0.500000 0.390648 0.340313 0.339509 0.335198 
0.500000 0.391088 0.348238 0.336122 0.336480 
0.500000 0.388830 0.355754 0.332594 0.337995 
0.440679 0.384147 0.362216 0.329266 0.339575 
0.500000 0.397393 0.367119 0.326418 0.341070 
0.500000 0.388081 0.375406 0.324265 0.342351 
0.500000 0.376647 0.380135 0.320644 0.343321 
0.500000 0.363740 0.382070 0.318588 0.344955 
0.500000 0.350574 0.380919 0.317748 0.345885 
0.500000 0.338465 0.376741 0.318247 0.346265 
0.500000 0.328701 0.369777 0.320063 0.346039 
0.500000 0.322362 0.360555 0.323102 0.345218 
0.500000 0.320187 0.349928 0.327149 0.343846 
0.440679 0.322488 0.339045 0.331844 0.342022 
0.500000 0.352697 0.329196 0.336688 0.339912 
0.500000 0.359976 0.329074 0.341101 0.337741 
0.500000 0.367326 0.329630 0.341156 0.335770 
0.500000 0.373622 0.332300 0.340906 0.335746 
0.500000 0.378359 0.336414 0.339707 0.335857 
0.500000 0.381187 0.341512 0.337864 0.336392 
0.500000 0.381977 0.347024 0.335587 0.337215 
0.500000 0.380769 0.352398 0.333133 0.338234 
0.500000 0.377743 0.357141 0.330750 0.339333 
0.440679 0.373204 0.360848 0.328653 0.340403 
0.500000 0.388494 0.363225 0.327020 0.341345 
0.500000 0.380795 0.369832 0.325974 0.342080 
0.500000 0.371599 0.373298 0.323078 0.342551 
0.500000 0.361417 0.374533 0.321563 0.343856 
0.500000 0.351247 0.373268 0.321025 0.344540 
0.500000 0.342101 0.369615 0.321576 0.344783 
0.500000 0.334944 0.363845 0.323172 0.344534 
0.500000 0.330559 0.356458 0.325702 0.343814 
0.500000 0.329449 0.348180 0.328955 0.342673 
0.500000 0.268941 0.268941 0.500000 0.500000 
0.500000 0.299199 0.208107 0.368680 0.500000 
0.500000 0.309667 0.206259 0.397423 0.323582 
0.500000 0.325625 0.200429 0.398308 0.311129 
0.500000 0.341018 0.199213 0.401106 0.310750 
0.500000 0.355258 0.200905 0.401691 0.309552 
0.500000 0.367407 0.205235 0.400877 0.309303 
0.500000 0.377025 0.211761 0.398799 0.309650 
0.500000 0.383958 0.220052 0.395674 0.310539 
0.500000 0.388229 0.229635 0.391716 0.311879 
0.440679 0.389951 0.239984 0.387159 0.313581 
0.500000 0.407904 0.250527 0.382260 0.315546 
0.500000 0.403537 0.265941 0.377293 0.317666 
0.500000 0.396759 0.279158 0.370078 0.319823 
0.500000 0.387449 0.290454 0.363937 0.322970 
0.500000 0.376005 0.298952 0.358723 0.325661 
0.500000 0.362977 0.304147 0.354823 0.327955 
0.500000 0.349171 0.305682 0.352449 0.329677 
0.500000 0.335574 0.303436 0.351748 0.330727 
0.500000 0.323227 0.297556 0.352773 0.331038 
0.440679 0.313080 0.288513 0.355463 0.330584 
0.500000 0.330226 0.277111 0.359617 0.329394 
0.500000 0.324015 0.272148 0.364886 0.327562 
0.500000 0.320322 0.264504 0.367189 0.325245 
0.500000 0.318693 0.256612 0.370748 0.324235 
0.500000 0.319265 0.248818 0.374438 0.322677 
0.500000 0.321850 0.241774 0.378096 0.321066 
0.500000 0.326126 0.235927 0.381415 0.319473 
0.500000 0.331643 0.231571 0.384178 0.318032 
0.500000 0.337886 0.228842 0.386241 0.316835 
0.440679 0.344331 0.227744 0.387535 0.315943 
0.500000 0.372848 0.228182 0.388057 0.315383 
0.500000 0.375820 0.235823 0.387849 0.315158 
0.500000 0.377291 0.243015 0.384227 0.315248 
0.500000 0.376891 0.250476 0.380829 0.316814 
0.500000 0.374820 0.257580 0.377317 0.318286 
0.500000 0.371251 0.263939 0.373985 0.319813 
0.500000 0.366429 0.269175 0.371012 0.321264 
0.500000 0.360660 0.272981 0.368572 0.322562 
0.500000 0.354314 0.275143 0.366802 0.323629 
0.440679 0.347810 0.275556 0.365798 0.324404 
0.500000 0.364545 0.274241 0.365606 0.324845 
0.500000 0.357096 0.278353 0.366217 0.324929 
0.500000 0.349770 0.279179 0.364310 0.324661 
0.500000 0.342527 0.278249 0.363927 0.325498 
0.500000 0.335967 0.275401 0.364358 0.325666 
0.500000 0.330525 0.270959 0.365678 0.325477 
0.500000 0.326563 0.265315 0.367742 0.324897 
0.500000 0.324314 0.258970 0.370370 0.323993 
0.500000 0.323863 0.252459 0.373334 0.322842 
0.440679 0.325149 0.246291 0.376386 0.321548 
0.500000 0.351657 0.240899 0.379285 0.320218 
0.500000 0.353211 0.243179 0.381828 0.318957 
0.500000 0.354764 0.244669 0.380752 0.317853 
0.500000 0.355706 0.246636 0.380050 0.318320 
0.500000 0.356105 0.248706 0.379123 0.318625 
0.500000 0.355957 0.250781 0.378149 0.319027 
0.500000 0.355308 0.252720 0.377174 0.319451 
0.500000 0.354226 0.254407 0.376263 0.319875 
0.500000 0.352805 0.255745 0.375471 0.320271 
0.440679 0.351153 0.256661 0.374844 0.320616 
0.500000 0.371818 0.257118 0.374415 0.320889 
0.500000 0.368010 0.263651 0.374201 0.321076 
0.500000 0.363544 0.267913 0.371146 0.321170 
0.500000 0.358223 0.271055 0.369159 0.322503 
0.500000 0.352483 0.272659 0.367697 0.323372 
0.500000 0.346691 0.272704 0.366951 0.324012 
0.500000 0.341243 0.271230 0.366930 0.324339 
0.500000 0.336507 0.268398 0.367616 0.324348 
0.500000 0.332793 0.264475 0.368933 0.324048 
0.440679 0.330328 0.259806 0.370762 0.323471 
0.500000 0.352864 0.254787 0.372943 0.322671 
0.500000 0.350830 0.256730 0.375293 0.321718 
0.500000 0.349180 0.256932 0.374383 0.320693 
0.500000 0.347468 0.256907 0.374288 0.321090 
0.500000 0.345905 0.256417 0.374300 0.321132 
0.500000 0.344572 0.255563 0.374530 0.321127 
0.500000 0.343550 0.254418 0.374930 0.321026 
0.500000 0.342891 0.253079 0.375466 0.320852 
0.500000 0.342621 0.251650 0.376094 0.320618 
0.440679 0.342735 0.250235 0.376765 0.320345 
0.500000 0.366054 0.248930 0.377430 0.320052 
0.500000 0.364563 0.254330 0.378044 0.319763 
0.500000 0.362532 0.258094 0.375507 0.319496 
0.500000 0.359622 0.261378 0.373744 0.320600 
0.500000 0.356132 0.263756 0.372208 0.321369 
0.500000 0.352286 0.265144 0.371098 0.322039 
0.500000 0.348348 0.265482 0.370449 0.322524 
0.500000 0.344583 0.264789 0.370292 0.322808 
0.500000 0.341239 0.263159 0.370615 0.322876 
0.440679 0.338530 0.260751 0.371376 0.322735 
0.500000 0.359866 0.257781 0.372501 0.322403 
0.500000 0.356636 0.261336 0.373890 0.321911 
0.500000 0.353453 0.262792 0.372228 0.321305 
0.500000 0.349999 0.263569 0.371547 0.322031 
0.500000 0.346603 0.263389 0.371185 0.322328 
0.500000 0.343473 0.262351 0.371269 0.322486 
0.500000 0.340815 0.260562 0.371753 0.322449 
0.500000 0.338792 0.258188 0.372589 0.322238 
0.500000 0.337514 0.255433 0.373700 0.321873 
0.500000 0.268941 0.268941 0.500000 0.500000 
0.500000 0.339926 0.208107 0.368680 0.500000 
0.500000 0.406710 0.216078 0.397423 0.323582 
0.500000 0.447135 0.231368 0.393612 0.311129 
0.500000 0.467717 0.256541 0.386337 0.312765 
0.500000 0.477555 0.286655 0.374472 0.315901 
0.500000 0.481994 0.318615 0.360474 0.321052 
0.500000 0.483472 0.349731 0.345873 0.327184 
0.500000 0.482972 0.377942 0.331931 0.333645 
0.500000 0.480784 0.401935 0.319540 0.339872 
0.440679 0.476845 0.421210 0.309198 0.345454 
0.500000 0.476794 0.435939 0.301025 0.350146 
0.500000 0.469471 0.447465 0.294864 0.353875 
0.500000 0.459694 0.455472 0.290094 0.356697 
0.500000 0.447305 0.460751 0.286807 0.358890 
0.500000 0.432423 0.463823 0.284652 0.360403 
0.500000 0.415513 0.465041 0.283402 0.361397 
0.500000 0.397369 0.464585 0.282908 0.361974 
0.500000 0.379018 0.462502 0.283093 0.362203 
0.500000 0.361562 0.458736 0.283939 0.362117 
0.440679 0.346029 0.453182 0.285473 0.361726 
0.500000 0.356704 0.445755 0.287745 0.361018 
0.500000 0.345462 0.440356 0.290798 0.359971 
0.500000 0.336919 0.433103 0.293030 0.358565 
0.500000 0.331423 0.424601 0.296044 0.357539 
0.500000 0.329197 0.415231 0.299600 0.356156 
0.500000 0.330260 0.405594 0.303548 0.354527 
0.500000 0.334402 0.396423 0.307637 0.352722 
0.500000 0.341150 0.388475 0.311558 0.350857 
0.500000 0.349782 0.382404 0.314978 0.349073 
0.440679 0.359396 0.378640 0.317603 0.347521 
0.500000 0.389829 0.377323 0.319237 0.346331 
0.500000 0.395916 0.383663 0.319810 0.345591 
0.500000 0.399784 0.389898 0.317058 0.345333 
0.500000 0.401583 0.396444 0.314364 0.346578 
0.500000 0.401528 0.402654 0.311549 0.347799 
0.500000 0.399876 0.408189 0.308891 0.349077 
0.500000 0.396910 0.412811 0.306533 0.350286 
0.500000 0.392931 0.416397 0.304571 0.351360 
0.500000 0.388252 0.418901 0.303055 0.352255 
0.440679 0.383193 0.420337 0.301998 0.352947 
0.500000 0.397952 0.420758 0.301393 0.353430 
0.500000 0.391638 0.424032 0.301216 0.353707 
0.500000 0.384934 0.425468 0.299839 0.353788 
0.500000 0.378215 0.425702 0.299237 0.354417 
0.500000 0.371867 0.424787 0.299138 0.354693 
0.500000 0.366240 0.422865 0.299522 0.354738 
0.500000 0.361625 0.420096 0.300329 0.354562 
0.500000 0.358237 0.416673 0.301494 0.354193 
0.500000 0.356205 0.412825 0.302938 0.353660 
0.440679 0.355561 0.408807 0.304566 0.353001 
0.500000 0.378146 0.404891 0.306270 0.352257 
0.500000 0.377752 0.406322 0.307937 0.351480 
0.500000 0.377168 0.406908 0.307327 0.350720 
0.500000 0.376440 0.407416 0.307078 0.350998 
0.500000 0.375631 0.407730 0.306862 0.351112 
0.500000 0.374801 0.407864 0.306728 0.351210 
0.500000 0.374005 0.407826 0.306671 0.351271 
0.500000 0.373292 0.407637 0.306688 0.351297 
0.500000 0.372699 0.407324 0.306768 0.351290 
0.440679 0.372252 0.406920 0.306901 0.351253 
0.500000 0.392466 0.406460 0.307073 0.351192 
0.500000 0.390403 0.410419 0.307269 0.351114 
0.500000 0.387581 0.413021 0.305586 0.351025 
0.500000 0.384229 0.414926 0.304483 0.351792 
0.500000 0.380594 0.416035 0.303677 0.352295 
0.500000 0.376916 0.416388 0.303208 0.352663 
0.500000 0.373421 0.416045 0.303058 0.352877 
0.500000 0.370308 0.415091 0.303203 0.352946 
0.500000 0.367736 0.413633 0.303607 0.352879 
0.440679 0.365825 0.411799 0.304223 0.352695 
0.500000 0.385830 0.409728 0.305000 0.352414 
0.500000 0.383395 0.412132 0.305879 0.352059 
0.500000 0.380646 0.413286 0.304859 0.351658 
0.500000 0.377762 0.413901 0.304371 0.352123 
0.500000 0.374933 0.413923 0.304110 0.352346 
0.500000 0.372329 0.413420 0.304101 0.352465 
0.500000 0.370092 0.412470 0.304314 0.352470 
0.500000 0.368331 0.411169 0.304716 0.352372 
0.500000 0.367117 0.409628 0.305267 0.352189 
0.440679 0.366480 0.407962 0.305922 0.351937 
0.500000 0.387437 0.406288 0.306630 0.351639 
0.500000 0.385836 0.409339 0.307342 0.351316 
0.500000 0.383685 0.411200 0.306044 0.350992 
0.500000 0.381158 0.412565 0.305254 0.351583 
0.500000 0.378444 0.413330 0.304676 0.351943 
0.500000 0.375728 0.413527 0.304352 0.352207 
0.500000 0.373175 0.413204 0.304268 0.352355 
0.500000 0.370932 0.412430 0.304405 0.352393 
0.500000 0.369111 0.411293 0.304733 0.352331 
0.440679 0.367791 0.409892 0.305215 0.352181 
0.500000 0.387986 0.408339 0.305809 0.351961 
0.500000 0.385767 0.411279 0.306469 0.351690 
0.500000 0.383071 0.412948 0.305221 0.351389 
0.500000 0.380091 0.414039 0.304514 0.351958 
0.500000 0.377035 0.414477 0.304052 0.352281 
0.500000 0.374095 0.414317 0.303866 0.352492 
0.500000 0.371443 0.413626 0.303934 0.352577 
0.500000 0.369219 0.412493 0.304226 0.352546 
0.500000 0.367526 0.411025 0.304706 0.352412 
0.500000 0.268941 0.268941 0.500000 0.500000 
0.500000 0.339926 0.208107 0.368680 0.500000 
0.500000 0.385351 0.216078 0.397423 0.323582 
0.500000 0.422142 0.226110 0.393612 0.311129 
0.500000 0.444282 0.245254 0.388833 0.312765 
0.500000 0.455967 0.269487 0.379774 0.314823 
0.500000 0.460577 0.296457 0.368426 0.318744 
0.500000 0.459924 0.323711 0.355967 0.323693 
0.500000 0.454353 0.349107 0.343571 0.329172 
0.500000 0.443133 0.370897 0.332208 0.334669 
0.440679 0.424928 0.387808 0.322612 0.339748 
0.500000 0.416164 0.398974 0.315266 0.344067 
0.500000 0.384218 0.407486 0.310465 0.347390 
0.500000 0.346011 0.408547 0.306832 0.349570 
0.500000 0.306784 0.401802 0.306381 0.351224 
0.500000 0.273201 0.386048 0.309255 0.351429 
0.500000 0.249900 0.360853 0.316026 0.350120 
0.500000 0.238970 0.327949 0.327017 0.347045 
0.500000 0.241554 0.292162 0.341662 0.342081 
0.500000 0.259134 0.260073 0.357938 0.335520 
0.440679 0.292238 0.237072 0.372818 0.328302 
0.500000 0.359486 0.225571 0.383636 0.321773 
0.500000 0.397917 0.231463 0.389089 0.317069 
0.500000 0.425434 0.244888 0.386292 0.314713 
0.500000 0.441888 0.264756 0.379946 0.315920 
0.500000 0.449993 0.288386 0.370631 0.318670 
0.500000 0.451851 0.313409 0.359676 0.322728 
0.500000 0.448358 0.337625 0.348233 0.327536 
0.500000 0.439347 0.359169 0.337322 0.332596 
0.500000 0.423990 0.376589 0.327759 0.337458 
0.440679 0.401497 0.388836 0.320129 0.341747 
0.500000 0.392710 0.395122 0.314822 0.345188 
0.500000 0.359701 0.399505 0.312116 0.347591 
0.500000 0.324333 0.396036 0.310237 0.348819 
0.500000 0.291715 0.384639 0.311724 0.349673 
0.500000 0.266846 0.364729 0.316635 0.348998 
0.500000 0.252665 0.337300 0.325314 0.346769 
0.500000 0.250709 0.305704 0.337468 0.342848 
0.500000 0.262192 0.275278 0.351738 0.337393 
0.500000 0.287691 0.251300 0.365736 0.331042 
0.440679 0.324547 0.237033 0.376930 0.324872 
0.500000 0.386077 0.233314 0.383654 0.319981 
0.500000 0.415334 0.244963 0.385415 0.317062 
0.500000 0.434311 0.262293 0.379911 0.316300 
0.500000 0.444448 0.284153 0.371780 0.318685 
0.500000 0.447880 0.307964 0.361628 0.322226 
0.500000 0.445723 0.331555 0.350708 0.326677 
0.500000 0.438082 0.353002 0.340041 0.331498 
0.500000 0.424364 0.370769 0.330482 0.336243 
0.500000 0.403885 0.383714 0.322668 0.340523 
0.440679 0.376838 0.390989 0.317036 0.344041 
0.500000 0.368039 0.391853 0.313894 0.346588 
0.500000 0.335328 0.391340 0.313522 0.348012 
0.500000 0.304245 0.382594 0.313743 0.348181 
0.500000 0.279014 0.366146 0.317521 0.348081 
0.500000 0.263062 0.342462 0.324692 0.346368 
0.500000 0.258258 0.314103 0.335163 0.343128 
0.500000 0.265816 0.285487 0.347917 0.338424 
0.500000 0.286313 0.261525 0.361012 0.332736 
0.500000 0.318007 0.245798 0.372139 0.326947 
0.440679 0.354952 0.239764 0.379517 0.322069 
0.500000 0.407628 0.243101 0.382364 0.318856 
0.500000 0.428506 0.259561 0.380789 0.317621 
0.500000 0.440567 0.279894 0.373058 0.318304 
0.500000 0.445482 0.302913 0.363597 0.321668 
0.500000 0.444607 0.326192 0.353012 0.325811 
0.500000 0.438260 0.347794 0.342453 0.330478 
0.500000 0.426024 0.366100 0.332791 0.335167 
0.500000 0.407255 0.379885 0.324712 0.339487 
0.500000 0.381954 0.388243 0.318696 0.343119 
0.440679 0.351784 0.390421 0.315078 0.345836 
0.500000 0.344425 0.385696 0.314138 0.347475 
0.500000 0.314606 0.380162 0.316178 0.347901 
0.500000 0.289727 0.366370 0.318576 0.346977 
0.500000 0.272676 0.345904 0.324594 0.345891 
0.500000 0.265719 0.320512 0.333631 0.343173 
0.500000 0.270134 0.293894 0.345015 0.339110 
0.500000 0.286521 0.270478 0.357143 0.334026 
0.500000 0.313701 0.253921 0.367965 0.328653 
0.500000 0.347129 0.246118 0.375700 0.323895 
0.440679 0.379745 0.247227 0.379367 0.320517 
0.500000 0.422392 0.256186 0.378845 0.318921 
0.500000 0.436206 0.275967 0.374638 0.319148 
0.500000 0.442774 0.297869 0.365416 0.320979 
0.500000 0.443263 0.320760 0.355319 0.325012 
0.500000 0.438255 0.342429 0.344903 0.329458 
0.500000 0.427509 0.361221 0.335178 0.334076 
0.500000 0.410452 0.375820 0.326856 0.338417 
0.500000 0.386939 0.385256 0.320464 0.342154 
0.500000 0.358226 0.388752 0.316368 0.345037 
0.440679 0.327516 0.385594 0.314858 0.346890 
0.500000 0.323714 0.375168 0.316222 0.347575 
0.500000 0.299456 0.364872 0.320748 0.346956 
0.500000 0.282399 0.347066 0.325251 0.344908 
0.500000 0.274189 0.324696 0.333115 0.342876 
0.500000 0.276321 0.300525 0.343127 0.339342 
0.500000 0.289369 0.278466 0.354103 0.334867 
0.500000 0.312456 0.261989 0.364257 0.329995 
0.500000 0.342045 0.253201 0.371923 0.325521 
0.500000 0.372274 0.252634 0.376038 0.322164 
