0.440679 0.268941 0.268941 0.500000 0.500000 
0.440679 0.292886 0.364064 0.368680 0.500000 
0.440679 0.254440 0.420209 0.325606 0.323582 
0.440679 0.225459 0.459075 0.301447 0.342717 
0.440679 0.207463 0.480210 0.285335 0.353682 
0.440679 0.196218 0.490234 0.276794 0.361082 
0.440679 0.189685 0.494866 0.272799 0.365032 
0.440679 0.500000 0.497066 0.270965 0.366886 
0.440679 0.500000 0.492648 0.270097 0.367739 
0.440679 0.500000 0.484816 0.271842 0.368143 
0.440679 0.500000 0.473174 0.274954 0.367331 
0.440679 0.500000 0.458214 0.279620 0.365886 
0.440679 0.500000 0.441113 0.285686 0.363723 
0.440679 0.500000 0.423272 0.292717 0.360920 
0.440679 0.190791 0.405897 0.300158 0.357683 
0.440679 0.193968 0.465958 0.307508 0.354271 
0.440679 0.197325 0.485717 0.282536 0.350916 
0.440679 0.191687 0.492949 0.274595 0.362375 
0.440679 0.500000 0.496162 0.271723 0.366052 
0.440679 0.500000 0.490903 0.270453 0.367386 
0.440679 0.500000 0.482046 0.272534 0.367977 
0.440679 0.500000 0.469425 0.276060 0.367010 
0.440679 0.500000 0.453753 0.281133 0.365373 
0.440679 0.500000 0.436317 0.287510 0.363023 
0.440679 0.188714 0.418497 0.294706 0.360079 
0.440679 0.191623 0.470633 0.302168 0.356770 
0.440679 0.194868 0.487576 0.280645 0.353352 
0.440679 0.190234 0.493800 0.273855 0.363249 
0.440679 0.500000 0.496572 0.271386 0.366396 
0.440679 0.500000 0.491682 0.270292 0.367543 
0.440679 0.500000 0.483266 0.272225 0.368052 
0.440679 0.500000 0.471058 0.275572 0.367153 
0.440679 0.500000 0.455680 0.280473 0.365599 
0.440679 0.500000 0.438375 0.286722 0.363329 
0.440679 0.188402 0.420535 0.293852 0.360443 
0.440679 0.191263 0.471368 0.301309 0.357162 
0.440679 0.194482 0.487866 0.280348 0.353745 
0.440679 0.190006 0.493932 0.273740 0.363386 
0.440679 0.500000 0.496636 0.271334 0.366449 
0.440679 0.500000 0.491805 0.270266 0.367567 
0.440679 0.500000 0.483461 0.272176 0.368064 
0.440679 0.500000 0.471322 0.275494 0.367176 
0.440679 0.500000 0.455994 0.280366 0.365635 
0.440679 0.500000 0.438712 0.286593 0.363378 
0.440679 0.188351 0.420871 0.293712 0.360502 
0.440679 0.191205 0.471488 0.301168 0.357226 
0.440679 0.194419 0.487913 0.280299 0.353809 
0.440679 0.189969 0.493954 0.273721 0.363409 
0.440679 0.500000 0.496646 0.271325 0.366458 
0.440679 0.500000 0.491825 0.270262 0.367571 
0.440679 0.500000 0.483493 0.272168 0.368066 
0.440679 0.500000 0.471366 0.275482 0.367179 
0.440679 0.500000 0.456045 0.280349 0.365641 
0.440679 0.500000 0.438767 0.286572 0.363386 
0.440679 0.188343 0.420926 0.293689 0.360512 
0.440679 0.191195 0.471508 0.301145 0.357237 
0.440679 0.194409 0.487921 0.280291 0.353820 
0.440679 0.189963 0.493958 0.273718 0.363413 
0.440679 0.500000 0.496648 0.271324 0.366460 
0.440679 0.500000 0.491828 0.270262 0.367572 
0.440679 0.500000 0.483498 0.272167 0.368066 
0.440679 0.500000 0.471373 0.275479 0.367180 
0.440679 0.500000 0.456054 0.280346 0.365642 
0.440679 0.500000 0.438776 0.286569 0.363387 
0.440679 0.188342 0.420935 0.293685 0.360513 
0.440679 0.191193 0.471511 0.301141 0.357238 
0.440679 0.194407 0.487922 0.280290 0.353822 
0.440679 0.189962 0.493958 0.273717 0.363413 
0.440679 0.500000 0.496648 0.271324 0.366460 
0.440679 0.500000 0.491829 0.270262 0.367572 
0.440679 0.500000 0.483499 0.272167 0.368066 
0.440679 0.500000 0.471374 0.275479 0.367180 
0.440679 0.500000 0.456055 0.280346 0.365642 
0.440679 0.500000 0.438778 0.286568 0.363388 
0.440679 0.188341 0.420936 0.293684 0.360513 
0.440679 0.191193 0.471512 0.301140 0.357239 
0.440679 0.194407 0.487922 0.280290 0.353822 
0.440679 0.189961 0.493958 0.273717 0.363413 
0.440679 0.500000 0.496648 0.271324 0.366460 
0.440679 0.500000 0.491829 0.270262 0.367572 
0.440679 0.500000 0.483499 0.272167 0.368066 
0.440679 0.500000 0.471374 0.275479 0.367180 
0.440679 0.500000 0.456055 0.280345 0.365642 
0.440679 0.500000 0.438778 0.286568 0.363388 
0.440679 0.188341 0.420937 0.293684 0.360513 
0.440679 0.191193 0.471512 0.301140 0.357239 
0.440679 0.194407 0.487922 0.280290 0.353822 
0.440679 0.189961 0.493958 0.273717 0.363413 
0.440679 0.500000 0.496648 0.271324 0.366460 
0.440679 0.500000 0.491829 0.270262 0.367572 
0.440679 0.500000 0.483499 0.272167 0.368066 
0.440679 0.500000 0.471374 0.275479 0.367180 
0.440679 0.500000 0.456055 0.280345 0.365642 
0.440679 0.500000 0.438778 0.286568 0.363388 
0.440679 0.188341 0.420937 0.293684 0.360513 
0.440679 0.191193 0.471512 0.301140 0.357239 
0.440679 0.194407 0.487922 0.280290 0.353822 
0.440679 0.189961 0.493958 0.273717 0.363413 
0.440679 0.500000 0.496648 0.271324 0.366460 
0.440679 0.500000 0.491829 0.270262 0.367572 
0.440679 0.268941 0.268941 0.500000 0.500000 
0.440679 0.292886 0.364064 0.368680 0.500000 
0.440679 0.254440 0.444769 0.325606 0.323582 
0.440679 0.225460 0.482924 0.291205 0.342717 
0.440679 0.204293 0.495248 0.275709 0.358378 
0.440679 0.192322 0.498604 0.270814 0.365536 
0.440679 0.500000 0.499525 0.269491 0.367809 
0.440679 0.500000 0.499221 0.269128 0.368425 
0.440679 0.500000 0.498847 0.269248 0.368593 
0.440679 0.500000 0.498421 0.269395 0.368538 
0.440679 0.500000 0.497968 0.269563 0.368469 
0.440679 0.500000 0.497512 0.269741 0.368391 
0.440679 0.500000 0.497074 0.269921 0.368308 
0.440679 0.500000 0.496665 0.270094 0.368224 
0.440679 0.500000 0.496295 0.270255 0.368144 
0.440679 0.500000 0.495967 0.270401 0.368069 
0.440679 0.500000 0.495681 0.270530 0.368001 
0.440679 0.500000 0.495436 0.270643 0.367941 
0.440679 0.500000 0.495227 0.270740 0.367888 
0.440679 0.500000 0.495050 0.270823 0.367843 
0.440679 0.500000 0.494903 0.270892 0.367805 
0.440679 0.500000 0.494780 0.270950 0.367773 
0.440679 0.500000 0.494679 0.270999 0.367746 
0.440679 0.500000 0.494595 0.271039 0.367723 
0.440679 0.500000 0.494526 0.271072 0.367704 
0.440679 0.500000 0.494469 0.271100 0.367689 
0.440679 0.500000 0.494422 0.271122 0.367676 
0.440679 0.500000 0.494384 0.271140 0.367666 
0.440679 0.500000 0.494353 0.271155 0.367657 
0.440679 0.500000 0.494328 0.271168 0.367650 
0.440679 0.500000 0.494307 0.271178 0.367644 
0.440679 0.500000 0.494290 0.271186 0.367640 
0.440679 0.500000 0.494277 0.271193 0.367636 
0.440679 0.500000 0.494265 0.271198 0.367633 
0.440679 0.500000 0.494256 0.271202 0.367630 
0.440679 0.500000 0.494249 0.271206 0.367628 
0.440679 0.500000 0.494243 0.271209 0.367627 
0.440679 0.500000 0.494238 0.271211 0.367625 
0.440679 0.500000 0.494234 0.271213 0.367624 
0.440679 0.500000 0.494231 0.271215 0.367623 
0.440679 0.500000 0.494228 0.271216 0.367623 
0.440679 0.500000 0.494226 0.271217 0.367622 
0.440679 0.500000 0.494224 0.271218 0.367622 
0.440679 0.500000 0.494223 0.271219 0.367621 
0.440679 0.500000 0.494222 0.271219 0.367621 
0.440679 0.500000 0.494221 0.271220 0.367621 
0.440679 0.500000 0.494220 0.271220 0.367620 
0.440679 0.500000 0.494219 0.271220 0.367620 
0.440679 0.500000 0.494219 0.271221 0.367620 
0.440679 0.500000 0.494218 0.271221 0.367620 
0.440679 0.500000 0.494218 0.271221 0.367620 
0.440679 0.500000 0.494218 0.271221 0.367620 
0.440679 0.500000 0.494218 0.271221 0.367620 
0.440679 0.500000 0.494217 0.271221 0.367620 
0.440679 0.500000 0.494217 0.271221 0.367620 
0.440679 0.500000 0.494217 0.271221 0.367620 
0.440679 0.500000 0.494217 0.271221 0.367620 
0.440679 0.500000 0.494217 0.271221 0.367619 
0.440679 0.500000 0.494217 0.271221 0.367619 
0.440679 0.500000 0.494217 0.271222 0.367619 
0.440679 0.500000 0.494217 0.271222 0.367619 
0.440679 0.500000 0.494217 0.271222 0.367619 
0.440679 0.500000 0.494217 0.271222 0.367619 
0.440679 0.500000 0.494217 0.271222 0.367619 
0.440679 0.500000 0.494217 0.271222 0.367619 
0.440679 0.500000 0.494217 0.271222 0.367619 
0.440679 0.500000 0.494217 0.271222 0.367619 
0.440679 0.500000 0.494217 0.271222 0.367619 
0.440679 0.500000 0.494217 0.271222 0.367619 
0.440679 0.500000 0.494217 0.271222 0.367619 
0.440679 0.500000 0.494217 0.271222 0.367619 
0.440679 0.500000 0.494217 0.271222 0.367619 
0.440679 0.500000 0.494217 0.271222 0.367619 
0.440679 0.500000 0.494217 0.271222 0.367619 
0.440679 0.500000 0.494217 0.271222 0.367619 
0.440679 0.500000 0.494217 0.271222 0.367619 
0.440679 0.500000 0.494217 0.271222 0.367619 
0.440679 0.500000 0.494217 0.271222 0.367619 
0.440679 0.500000 0.494217 0.271222 0.367619 
0.440679 0.500000 0.494217 0.271222 0.367619 
0.440679 0.500000 0.494217 0.271222 0.367619 
0.440679 0.500000 0.494217 0.271222 0.367619 
0.440679 0.500000 0.494217 0.271222 0.367619 
0.440679 0.500000 0.494217 0.271222 0.367619 
0.440679 0.500000 0.494217 0.271222 0.367619 
0.440679 0.500000 0.494217 0.271222 0.367619 
0.440679 0.500000 0.494217 0.271222 0.367619 
0.440679 0.500000 0.494217 0.271222 0.367619 
0.440679 0.500000 0.494217 0.271222 0.367619 
0.440679 0.500000 0.494217 0.271222 0.367619 
0.440679 0.500000 0.494217 0.271222 0.367619 
0.440679 0.500000 0.494217 0.271222 0.367619 
0.440679 0.500000 0.494217 0.271222 0.367619 
0.440679 0.500000 0.494217 0.271222 0.367619 
0.440679 0.500000 0.494217 0.271222 0.367619 
0.440679 0.500000 0.494217 0.271222 0.367619 
0.440679 0.500000 0.494217 0.271222 0.367619 
0.440679 0.500000 0.494217 0.271222 0.367619 
0.440679 0.500000 0.494217 0.271222 0.367619 
0.440679 0.500000 0.494217 0.271222 0.367619 
0.440679 0.268941 0.268941 0.500000 0.500000 
0.440679 0.292886 0.364064 0.368680 0.500000 
0.440679 0.254440 0.436419 0.325606 0.323582 
0.440679 0.225460 0.476175 0.294664 0.342717 
0.440679 0.205361 0.491781 0.278413 0.356789 
0.440679 0.193473 0.497059 0.272185 0.364282 
0.440679 0.500000 0.498824 0.270099 0.367171 
0.440679 0.500000 0.497833 0.269404 0.368141 
0.440679 0.500000 0.496476 0.269794 0.368465 
0.440679 0.500000 0.494802 0.270329 0.368283 
0.440679 0.500000 0.492902 0.270990 0.368034 
0.440679 0.500000 0.490884 0.271742 0.367727 
0.440679 0.500000 0.488849 0.272541 0.367378 
0.440679 0.500000 0.486876 0.273349 0.367006 
0.440679 0.500000 0.485022 0.274133 0.366631 
0.440679 0.500000 0.483320 0.274872 0.366267 
0.440679 0.500000 0.481787 0.275551 0.365924 
0.440679 0.500000 0.480425 0.276163 0.365609 
0.440679 0.500000 0.479230 0.276708 0.365325 
0.440679 0.500000 0.478190 0.277187 0.365072 
0.440679 0.500000 0.477291 0.277604 0.364850 
0.440679 0.500000 0.476519 0.277964 0.364657 
0.440679 0.500000 0.475859 0.278274 0.364490 
0.440679 0.500000 0.475296 0.278540 0.364346 
0.440679 0.500000 0.474819 0.278766 0.364224 
0.440679 0.500000 0.474414 0.278958 0.364119 
0.440679 0.500000 0.474071 0.279121 0.364030 
0.440679 0.500000 0.473782 0.279258 0.363954 
0.440679 0.500000 0.473539 0.279375 0.363891 
0.440679 0.500000 0.473334 0.279473 0.363837 
0.440679 0.500000 0.473161 0.279556 0.363791 
0.440679 0.500000 0.473016 0.279625 0.363753 
0.440679 0.500000 0.472894 0.279684 0.363721 
0.440679 0.500000 0.472791 0.279733 0.363694 
0.440679 0.500000 0.472705 0.279774 0.363671 
0.440679 0.500000 0.472633 0.279809 0.363652 
0.440679 0.500000 0.472573 0.279838 0.363636 
0.440679 0.500000 0.472522 0.279862 0.363623 
0.440679 0.500000 0.472480 0.279883 0.363611 
0.440679 0.500000 0.472444 0.279900 0.363602 
0.440679 0.500000 0.472414 0.279914 0.363594 
0.440679 0.500000 0.472389 0.279926 0.363587 
0.440679 0.500000 0.472368 0.279936 0.363582 
0.440679 0.500000 0.472350 0.279945 0.363577 
0.440679 0.500000 0.472336 0.279952 0.363573 
0.440679 0.500000 0.472323 0.279958 0.363570 
0.440679 0.500000 0.472313 0.279963 0.363567 
0.440679 0.500000 0.472304 0.279967 0.363565 
0.440679 0.500000 0.472297 0.279970 0.363563 
0.440679 0.500000 0.472291 0.279973 0.363561 
0.440679 0.500000 0.472286 0.279976 0.363560 
0.440679 0.500000 0.472282 0.279978 0.363559 
0.440679 0.500000 0.472278 0.279979 0.363558 
0.440679 0.500000 0.472275 0.279981 0.363557 
0.440679 0.500000 0.472273 0.279982 0.363556 
0.440679 0.500000 0.472271 0.279983 0.363556 
0.440679 0.500000 0.472269 0.279984 0.363555 
0.440679 0.500000 0.472267 0.279985 0.363555 
0.440679 0.500000 0.472266 0.279985 0.363555 
0.440679 0.500000 0.472265 0.279986 0.363554 
0.440679 0.500000 0.472264 0.279986 0.363554 
0.440679 0.500000 0.472264 0.279987 0.363554 
0.440679 0.500000 0.472263 0.279987 0.363554 
0.440679 0.500000 0.472262 0.279987 0.363554 
0.440679 0.500000 0.472262 0.279987 0.363553 
0.440679 0.500000 0.472262 0.279987 0.363553 
0.440679 0.500000 0.472261 0.279988 0.363553 
0.440679 0.500000 0.472261 0.279988 0.363553 
0.440679 0.500000 0.472261 0.279988 0.363553 
0.440679 0.500000 0.472261 0.279988 0.363553 
0.440679 0.500000 0.472261 0.279988 0.363553 
0.440679 0.500000 0.472260 0.279988 0.363553 
0.440679 0.500000 0.472260 0.279988 0.363553 
0.440679 0.500000 0.472260 0.279988 0.363553 
0.440679 0.500000 0.472260 0.279988 0.363553 
0.440679 0.500000 0.472260 0.279988 0.363553 
0.440679 0.500000 0.472260 0.279988 0.363553 
0.440679 0.500000 0.472260 0.279988 0.363553 
0.440679 0.500000 0.472260 0.279988 0.363553 
0.440679 0.500000 0.472260 0.279988 0.363553 
0.440679 0.500000 0.472260 0.279988 0.363553 
0.440679 0.500000 0.472260 0.279988 0.363553 
0.440679 0.500000 0.472260 0.279988 0.363553 
0.440679 0.500000 0.472260 0.279988 0.363553 
0.440679 0.500000 0.472260 0.279988 0.363553 
0.440679 0.500000 0.472260 0.279988 0.363553 
0.440679 0.500000 0.472260 0.279988 0.363553 
0.440679 0.500000 0.472260 0.279988 0.363553 
0.440679 0.500000 0.472260 0.279988 0.363553 
0.440679 0.500000 0.472260 0.279988 0.363553 
0.440679 0.500000 0.472260 0.279988 0.363553 
0.440679 0.500000 0.472260 0.279988 0.363553 
0.440679 0.500000 0.472260 0.279988 0.363553 
0.440679 0.500000 0.472260 0.279988 0.363553 
0.440679 0.500000 0.472260 0.279988 0.363553 
0.440679 0.500000 0.472260 0.279988 0.363553 
0.440679 0.500000 0.472260 0.279988 0.363553 
0.440679 0.500000 0.472260 0.279988 0.363553 
0.440679 0.500000 0.472260 0.279988 0.363553 
0.440679 0.500000 0.472260 0.279988 0.363553 
0.440679 0.268941 0.268941 0.500000 0.500000 
0.440679 0.292886 0.364064 0.368680 0.500000 
0.440679 0.254440 0.430288 0.325606 0.323582 
0.440679 0.225460 0.470344 0.297219 0.342717 
0.440679 0.206152 0.488249 0.280761 0.355617 
0.440679 0.194428 0.495210 0.273587 0.363195 
0.440679 0.500000 0.497865 0.270829 0.366520 
0.440679 0.500000 0.495744 0.269782 0.367802 
0.440679 0.500000 0.492645 0.270618 0.368289 
0.440679 0.500000 0.488626 0.271843 0.367900 
0.440679 0.500000 0.483892 0.273437 0.367330 
0.440679 0.500000 0.478719 0.275322 0.366590 
0.440679 0.500000 0.473380 0.277391 0.365715 
0.440679 0.500000 0.468104 0.279537 0.364755 
0.440679 0.500000 0.463058 0.281667 0.363762 
0.440679 0.500000 0.458346 0.283714 0.362776 
0.440679 0.500000 0.454028 0.285632 0.361831 
0.440679 0.188900 0.450124 0.287398 0.360945 
0.440679 0.189729 0.485413 0.289000 0.360131 
0.440679 0.190496 0.494735 0.274716 0.359393 
0.440679 0.500000 0.497745 0.271017 0.365996 
0.440679 0.500000 0.495553 0.269829 0.367715 
0.440679 0.500000 0.492384 0.270694 0.368267 
0.440679 0.500000 0.488305 0.271947 0.367865 
0.440679 0.500000 0.483530 0.273565 0.367282 
0.440679 0.500000 0.478336 0.275467 0.366531 
0.440679 0.500000 0.472995 0.277545 0.365648 
0.440679 0.500000 0.467731 0.279692 0.364684 
0.440679 0.500000 0.462705 0.281818 0.363690 
0.440679 0.500000 0.458021 0.283857 0.362707 
0.440679 0.500000 0.453732 0.285765 0.361765 
0.440679 0.188962 0.449858 0.287519 0.360884 
0.440679 0.189786 0.485337 0.289109 0.360075 
0.440679 0.190549 0.494710 0.274746 0.359343 
0.440679 0.500000 0.497736 0.271027 0.365982 
0.440679 0.500000 0.495538 0.269833 0.367710 
0.440679 0.500000 0.492364 0.270700 0.368265 
0.440679 0.500000 0.488280 0.271955 0.367862 
0.440679 0.500000 0.483502 0.273575 0.367279 
0.440679 0.500000 0.478306 0.275478 0.366526 
0.440679 0.500000 0.472965 0.277557 0.365643 
0.440679 0.500000 0.467702 0.279704 0.364679 
0.440679 0.500000 0.462678 0.281830 0.363684 
0.440679 0.500000 0.457995 0.283868 0.362701 
0.440679 0.500000 0.453709 0.285775 0.361759 
0.440679 0.188967 0.449838 0.287528 0.360879 
0.440679 0.189791 0.485331 0.289117 0.360071 
0.440679 0.190553 0.494708 0.274749 0.359339 
0.440679 0.500000 0.497735 0.271028 0.365981 
0.440679 0.500000 0.495537 0.269833 0.367710 
0.440679 0.500000 0.492362 0.270700 0.368265 
0.440679 0.500000 0.488278 0.271955 0.367862 
0.440679 0.500000 0.483499 0.273576 0.367278 
0.440679 0.500000 0.478304 0.275479 0.366526 
0.440679 0.500000 0.472962 0.277558 0.365642 
0.440679 0.500000 0.467699 0.279705 0.364678 
0.440679 0.500000 0.462676 0.281831 0.363684 
0.440679 0.500000 0.457994 0.283869 0.362701 
0.440679 0.500000 0.453707 0.285776 0.361759 
0.440679 0.188967 0.449836 0.287529 0.360879 
0.440679 0.189791 0.485330 0.289118 0.360070 
0.440679 0.190553 0.494708 0.274749 0.359339 
0.440679 0.500000 0.497735 0.271028 0.365981 
0.440679 0.500000 0.495537 0.269833 0.367710 
0.440679 0.500000 0.492362 0.270700 0.368265 
0.440679 0.500000 0.488278 0.271955 0.367862 
0.440679 0.500000 0.483499 0.273576 0.367278 
0.440679 0.500000 0.478303 0.275479 0.366526 
0.440679 0.500000 0.472962 0.277558 0.365642 
0.440679 0.500000 0.467699 0.279705 0.364678 
0.440679 0.500000 0.462675 0.281831 0.363684 
0.440679 0.500000 0.457993 0.283869 0.362701 
0.440679 0.500000 0.453707 0.285776 0.361759 
0.440679 0.188967 0.449836 0.287529 0.360879 
0.440679 0.189791 0.485330 0.289118 0.360070 
0.440679 0.190553 0.494708 0.274749 0.359339 
0.440679 0.500000 0.497735 0.271028 0.365981 
0.440679 0.500000 0.495537 0.269833 0.367710 
0.440679 0.500000 0.492362 0.270700 0.368265 
0.440679 0.500000 0.488278 0.271955 0.367862 
0.440679 0.500000 0.483499 0.273576 0.367278 
0.440679 0.500000 0.478303 0.275479 0.366526 
0.440679 0.500000 0.472962 0.277558 0.365642 
0.440679 0.500000 0.467699 0.279705 0.364678 
0.440679 0.500000 0.462675 0.281831 0.363684 
0.440679 0.500000 0.457993 0.283869 0.362701 
0.440679 0.500000 0.453707 0.285776 0.361759 
0.440679 0.188967 0.449836 0.287529 0.360879 
0.440679 0.189791 0.485330 0.289118 0.360070 
0.440679 0.190553 0.494708 0.274749 0.359339 
0.440679 0.500000 0.497735 0.271028 0.365981 
0.440679 0.500000 0.495537 0.269833 0.367710 
0.440679 0.500000 0.492362 0.270700 0.368265 
0.440679 0.500000 0.488278 0.271955 0.367862 
0.440679 0.500000 0.483499 0.273576 0.367278 
0.440679 0.500000 0.478303 0.275479 0.366526 
0.440679 0.500000 0.472962 0.277558 0.365642 
0.440679 0.500000 0.467699 0.279705 0.364678 
0.440679 0.500000 0.462675 0.281831 0.363684 
0.440679 0.500000 0.457993 0.283869 0.362701 
0.440679 0.268941 0.268941 0.500000 0.500000 
0.440679 0.292886 0.349770 0.368680 0.500000 
0.440679 0.254440 0.414058 0.331914 0.323582 
0.440679 0.227596 0.458056 0.304043 0.339880 
0.440679 0.209026 0.480786 0.285751 0.352496 
0.440679 0.196901 0.491065 0.276564 0.360891 
0.440679 0.189876 0.495558 0.272469 0.365139 
0.440679 0.500000 0.497578 0.270692 0.367039 
0.440679 0.500000 0.495295 0.269895 0.367866 
0.440679 0.500000 0.492034 0.270796 0.368236 
0.440679 0.500000 0.487878 0.272085 0.367818 
0.440679 0.500000 0.483051 0.273735 0.367218 
0.440679 0.500000 0.477832 0.275658 0.366452 
0.440679 0.500000 0.472489 0.277747 0.365559 
0.440679 0.500000 0.467242 0.279896 0.364591 
0.440679 0.500000 0.462245 0.282016 0.363596 
0.440679 0.500000 0.457596 0.284044 0.362615 
0.440679 0.188169 0.453347 0.285938 0.361678 
0.440679 0.189042 0.483095 0.287677 0.360804 
0.440679 0.189862 0.492682 0.275641 0.360002 
0.440679 0.500000 0.496358 0.271829 0.365567 
0.440679 0.500000 0.493476 0.270376 0.367337 
0.440679 0.500000 0.489663 0.271515 0.368013 
0.440679 0.500000 0.485076 0.273026 0.367483 
0.440679 0.500000 0.479982 0.274850 0.366781 
0.440679 0.500000 0.474660 0.276885 0.365934 
0.440679 0.500000 0.469352 0.279022 0.364990 
0.440679 0.500000 0.464238 0.281162 0.364000 
0.440679 0.500000 0.459440 0.283234 0.363010 
0.440679 0.500000 0.455024 0.285186 0.362052 
0.440679 0.188694 0.451021 0.286990 0.361151 
0.440679 0.189536 0.482292 0.288631 0.360319 
0.440679 0.190319 0.492366 0.275961 0.359563 
0.440679 0.500000 0.496220 0.271954 0.365418 
0.440679 0.500000 0.493279 0.270430 0.367279 
0.440679 0.500000 0.489415 0.271592 0.367987 
0.440679 0.500000 0.484791 0.273124 0.367447 
0.440679 0.500000 0.479676 0.274964 0.366735 
0.440679 0.500000 0.474349 0.277008 0.365881 
0.440679 0.500000 0.469047 0.279147 0.364933 
0.440679 0.500000 0.463950 0.281285 0.363942 
0.440679 0.500000 0.459172 0.283351 0.362953 
0.440679 0.500000 0.454780 0.285295 0.361998 
0.440679 0.188744 0.450801 0.287090 0.361100 
0.440679 0.189583 0.482215 0.288722 0.360273 
0.440679 0.190362 0.492336 0.275992 0.359521 
0.440679 0.500000 0.496207 0.271966 0.365404 
0.440679 0.500000 0.493261 0.270435 0.367273 
0.440679 0.500000 0.489392 0.271600 0.367985 
0.440679 0.500000 0.484764 0.273133 0.367444 
0.440679 0.500000 0.479647 0.274975 0.366731 
0.440679 0.500000 0.474320 0.277019 0.365876 
0.440679 0.500000 0.469019 0.279159 0.364928 
0.440679 0.500000 0.463923 0.281297 0.363937 
0.440679 0.500000 0.459147 0.283362 0.362948 
0.440679 0.500000 0.454757 0.285306 0.361993 
0.440679 0.188749 0.450780 0.287099 0.361096 
0.440679 0.189588 0.482208 0.288730 0.360269 
0.440679 0.190366 0.492333 0.275995 0.359517 
0.440679 0.500000 0.496206 0.271967 0.365403 
0.440679 0.500000 0.493259 0.270436 0.367273 
0.440679 0.500000 0.489389 0.271600 0.367985 
0.440679 0.500000 0.484762 0.273134 0.367443 
0.440679 0.500000 0.479645 0.274976 0.366731 
0.440679 0.500000 0.474317 0.277020 0.365876 
0.440679 0.500000 0.469016 0.279160 0.364927 
0.440679 0.500000 0.463920 0.281298 0.363936 
0.440679 0.500000 0.459145 0.283363 0.362947 
0.440679 0.500000 0.454755 0.285307 0.361993 
0.440679 0.188749 0.450778 0.287100 0.361095 
0.440679 0.189588 0.482207 0.288731 0.360268 
0.440679 0.190367 0.492333 0.275995 0.359517 
0.440679 0.500000 0.496206 0.271967 0.365403 
0.440679 0.500000 0.493259 0.270436 0.367273 
0.440679 0.500000 0.489389 0.271601 0.367985 
0.440679 0.500000 0.484761 0.273134 0.367443 
0.440679 0.500000 0.479645 0.274976 0.366731 
0.440679 0.500000 0.474317 0.277021 0.365876 
0.440679 0.500000 0.469016 0.279160 0.364927 
0.440679 0.500000 0.463920 0.281298 0.363936 
0.440679 0.500000 0.459144 0.283363 0.362947 
0.440679 0.500000 0.454755 0.285307 0.361993 
0.440679 0.188749 0.450778 0.287100 0.361095 
0.440679 0.189588 0.482207 0.288731 0.360268 
0.440679 0.190367 0.492333 0.275995 0.359517 
0.440679 0.500000 0.496206 0.271967 0.365403 
0.440679 0.500000 0.493259 0.270436 0.367273 
0.440679 0.500000 0.489389 0.271601 0.367985 
0.440679 0.500000 0.484761 0.273134 0.367443 
0.440679 0.500000 0.479645 0.274976 0.366731 
0.440679 0.500000 0.474317 0.277021 0.365876 
0.440679 0.500000 0.469016 0.279160 0.364927 
0.440679 0.500000 0.463920 0.281298 0.363936 
0.440679 0.500000 0.459144 0.283363 0.362947 
0.440679 0.500000 0.454755 0.285307 0.361993 
0.440679 0.188749 0.450778 0.287100 0.361095 
0.440679 0.189588 0.482207 0.288731 0.360268 
0.440679 0.190367 0.492333 0.275995 0.359517 
0.440679 0.500000 0.496206 0.271967 0.365403 
0.440679 0.500000 0.493259 0.270436 0.367273 
0.440679 0.268941 0.268941 0.500000 0.500000 
0.440679 0.292886 0.349770 0.368680 0.500000 
0.440679 0.254440 0.414058 0.331914 0.323582 
0.440679 0.227596 0.458056 0.304043 0.339880 
0.440679 0.209026 0.480786 0.285751 0.352496 
0.440679 0.196901 0.491065 0.276564 0.360891 
0.440679 0.189876 0.495558 0.272469 0.365139 
0.440679 0.500000 0.497578 0.270692 0.367039 
0.440679 0.500000 0.495295 0.269895 0.367866 
0.440679 0.500000 0.492034 0.270796 0.368236 
0.440679 0.500000 0.487878 0.272085 0.367818 
0.440679 0.500000 0.483051 0.273735 0.367218 
0.440679 0.500000 0.477832 0.275658 0.366452 
0.440679 0.500000 0.472489 0.277747 0.365559 
0.440679 0.500000 0.467242 0.279896 0.364591 
0.440679 0.500000 0.462245 0.282016 0.363596 
0.440679 0.500000 0.457596 0.284044 0.362615 
0.440679 0.188169 0.453347 0.285938 0.361678 
0.440679 0.189042 0.483095 0.287677 0.360804 
0.440679 0.189862 0.492682 0.275641 0.360002 
0.440679 0.500000 0.496358 0.271829 0.365567 
0.440679 0.500000 0.493476 0.270376 0.367337 
0.440679 0.500000 0.489663 0.271515 0.368013 
0.440679 0.500000 0.485076 0.273026 0.367483 
0.440679 0.500000 0.479982 0.274850 0.366781 
0.440679 0.500000 0.474660 0.276885 0.365934 
0.440679 0.500000 0.469352 0.279022 0.364990 
0.440679 0.500000 0.464238 0.281162 0.364000 
0.440679 0.500000 0.459440 0.283234 0.363010 
0.440679 0.500000 0.455024 0.285186 0.362052 
0.440679 0.188694 0.451021 0.286990 0.361151 
0.440679 0.189536 0.482292 0.288631 0.360319 
0.440679 0.190319 0.492366 0.275961 0.359563 
0.440679 0.500000 0.496220 0.271954 0.365418 
0.440679 0.500000 0.493279 0.270430 0.367279 
0.440679 0.500000 0.489415 0.271592 0.367987 
0.440679 0.500000 0.484791 0.273124 0.367447 
0.440679 0.500000 0.479676 0.274964 0.366735 
0.440679 0.500000 0.474349 0.277008 0.365881 
0.440679 0.500000 0.469047 0.279147 0.364933 
0.440679 0.500000 0.463950 0.281285 0.363942 
0.440679 0.500000 0.459172 0.283351 0.362953 
0.440679 0.500000 0.454780 0.285295 0.361998 
0.440679 0.188744 0.450801 0.287090 0.361100 
0.440679 0.189583 0.482215 0.288722 0.360273 
0.440679 0.190362 0.492336 0.275992 0.359521 
0.440679 0.500000 0.496207 0.271966 0.365404 
0.440679 0.500000 0.493261 0.270435 0.367273 
0.440679 0.500000 0.489392 0.271600 0.367985 
0.440679 0.500000 0.484764 0.273133 0.367444 
0.440679 0.500000 0.479647 0.274975 0.366731 
0.440679 0.500000 0.474320 0.277019 0.365876 
0.440679 0.500000 0.469019 0.279159 0.364928 
0.440679 0.500000 0.463923 0.281297 0.363937 
0.440679 0.500000 0.459147 0.283362 0.362948 
0.440679 0.500000 0.454757 0.285306 0.361993 
0.440679 0.188749 0.450780 0.287099 0.361096 
0.440679 0.189588 0.482208 0.288730 0.360269 
0.440679 0.190366 0.492333 0.275995 0.359517 
0.440679 0.500000 0.496206 0.271967 0.365403 
0.440679 0.500000 0.493259 0.270436 0.367273 
0.440679 0.500000 0.489389 0.271600 0.367985 
0.440679 0.500000 0.484762 0.273134 0.367443 
0.440679 0.500000 0.479645 0.274976 0.366731 
0.440679 0.500000 0.474317 0.277020 0.365876 
0.440679 0.500000 0.469016 0.279160 0.364927 
0.440679 0.500000 0.463920 0.281298 0.363936 
0.440679 0.500000 0.459145 0.283363 0.362947 
0.440679 0.500000 0.454755 0.285307 0.361993 
0.440679 0.188749 0.450778 0.287100 0.361095 
0.440679 0.189588 0.482207 0.288731 0.360268 
0.440679 0.190367 0.492333 0.275995 0.359517 
0.440679 0.500000 0.496206 0.271967 0.365403 
0.440679 0.500000 0.493259 0.270436 0.367273 
0.440679 0.500000 0.489389 0.271601 0.367985 
0.440679 0.500000 0.484761 0.273134 0.367443 
0.440679 0.500000 0.479645 0.274976 0.366731 
0.440679 0.500000 0.474317 0.277021 0.365876 
0.440679 0.500000 0.469016 0.279160 0.364927 
0.440679 0.500000 0.463920 0.281298 0.363936 
0.440679 0.500000 0.459144 0.283363 0.362947 
0.440679 0.500000 0.454755 0.285307 0.361993 
0.440679 0.188749 0.450778 0.287100 0.361095 
0.440679 0.189588 0.482207 0.288731 0.360268 
0.440679 0.190367 0.492333 0.275995 0.359517 
0.440679 0.500000 0.496206 0.271967 0.365403 
0.440679 0.500000 0.493259 0.270436 0.367273 
0.440679 0.500000 0.489389 0.271601 0.367985 
0.440679 0.500000 0.484761 0.273134 0.367443 
0.440679 0.500000 0.479645 0.274976 0.366731 
0.440679 0.500000 0.474317 0.277021 0.365876 
0.440679 0.500000 0.469016 0.279160 0.364927 
0.440679 0.500000 0.463920 0.281298 0.363936 
0.440679 0.500000 0.459144 0.283363 0.362947 
0.440679 0.500000 0.454755 0.285307 0.361993 
0.440679 0.188749 0.450778 0.287100 0.361095 
0.440679 0.189588 0.482207 0.288731 0.360268 
0.440679 0.190367 0.492333 0.275995 0.359517 
0.440679 0.500000 0.496206 0.271967 0.365403 
0.440679 0.500000 0.493259 0.270436 0.367273 
0.440679 0.268941 0.268941 0.500000 0.500000 
0.440679 0.292886 0.329889 0.368680 0.500000 
0.440679 0.254439 0.388299 0.340790 0.323582 
0.440679 0.230611 0.434649 0.315053 0.335909 
0.440679 0.213572 0.463652 0.295401 0.347486 
0.440679 0.201382 0.479761 0.283472 0.356451 
0.440679 0.193464 0.488282 0.276974 0.361942 
0.440679 0.188699 0.492787 0.273574 0.364949 
0.440679 0.500000 0.495241 0.271787 0.366526 
0.440679 0.500000 0.491931 0.270817 0.367356 
0.440679 0.500000 0.487754 0.272126 0.367808 
0.440679 0.500000 0.482912 0.273784 0.367199 
0.440679 0.500000 0.477686 0.275714 0.366429 
0.440679 0.500000 0.472343 0.277806 0.365533 
0.440679 0.500000 0.467101 0.279955 0.364563 
0.440679 0.500000 0.462113 0.282073 0.363568 
0.440679 0.500000 0.457475 0.284098 0.362589 
0.440679 0.188195 0.453236 0.285988 0.361653 
0.440679 0.189066 0.477568 0.287722 0.360781 
0.440679 0.189884 0.487728 0.277853 0.359981 
0.440679 0.500000 0.492601 0.273794 0.364542 
0.440679 0.500000 0.488500 0.271861 0.366424 
0.440679 0.500000 0.483751 0.273487 0.367322 
0.440679 0.500000 0.478569 0.275379 0.366567 
0.440679 0.500000 0.473229 0.277452 0.365689 
0.440679 0.500000 0.467958 0.279598 0.364728 
0.440679 0.500000 0.462919 0.281726 0.363734 
0.440679 0.500000 0.458218 0.283770 0.362749 
0.440679 0.500000 0.453912 0.285684 0.361805 
0.440679 0.188926 0.450020 0.287445 0.360921 
0.440679 0.189752 0.476135 0.289042 0.360109 
0.440679 0.190517 0.487024 0.278429 0.359373 
0.440679 0.500000 0.492232 0.274074 0.364275 
0.440679 0.500000 0.488041 0.272007 0.366294 
0.440679 0.500000 0.483234 0.273670 0.367254 
0.440679 0.500000 0.478024 0.275585 0.366482 
0.440679 0.500000 0.472682 0.277670 0.365593 
0.440679 0.500000 0.467428 0.279818 0.364626 
0.440679 0.500000 0.462420 0.281941 0.363632 
0.440679 0.500000 0.457758 0.283973 0.362650 
0.440679 0.500000 0.453493 0.285872 0.361711 
0.440679 0.189014 0.449644 0.287617 0.360834 
0.440679 0.189834 0.475967 0.289197 0.360030 
0.440679 0.190592 0.486941 0.278496 0.359302 
0.440679 0.500000 0.492189 0.274107 0.364244 
0.440679 0.500000 0.487987 0.272024 0.366279 
0.440679 0.500000 0.483174 0.273691 0.367246 
0.440679 0.500000 0.477961 0.275609 0.366472 
0.440679 0.500000 0.472619 0.277695 0.365582 
0.440679 0.500000 0.467367 0.279844 0.364615 
0.440679 0.500000 0.462363 0.281965 0.363620 
0.440679 0.500000 0.457705 0.283996 0.362638 
0.440679 0.188152 0.453445 0.285894 0.361700 
0.440679 0.189024 0.477660 0.287637 0.360824 
0.440679 0.189844 0.487774 0.277816 0.360021 
0.440679 0.500000 0.492625 0.273776 0.364559 
0.440679 0.500000 0.488530 0.271851 0.366432 
0.440679 0.500000 0.483784 0.273476 0.367327 
0.440679 0.500000 0.478604 0.275365 0.366572 
0.440679 0.500000 0.473265 0.277437 0.365695 
0.440679 0.500000 0.467992 0.279583 0.364734 
0.440679 0.500000 0.462952 0.281712 0.363740 
0.440679 0.500000 0.458249 0.283756 0.362756 
0.440679 0.500000 0.453939 0.285672 0.361811 
0.440679 0.188920 0.450044 0.287434 0.360927 
0.440679 0.189747 0.476146 0.289032 0.360114 
0.440679 0.190512 0.487029 0.278424 0.359378 
0.440679 0.500000 0.492235 0.274072 0.364277 
0.440679 0.500000 0.488045 0.272006 0.366295 
0.440679 0.500000 0.483238 0.273668 0.367255 
0.440679 0.500000 0.478028 0.275583 0.366482 
0.440679 0.500000 0.472686 0.277668 0.365594 
0.440679 0.500000 0.467432 0.279816 0.364627 
0.440679 0.500000 0.462424 0.281939 0.363632 
0.440679 0.500000 0.457761 0.283971 0.362651 
0.440679 0.500000 0.453496 0.285871 0.361712 
0.440679 0.189013 0.449647 0.287616 0.360835 
0.440679 0.189833 0.475968 0.289196 0.360031 
0.440679 0.190591 0.486942 0.278496 0.359303 
0.440679 0.500000 0.492189 0.274107 0.364244 
0.440679 0.500000 0.487988 0.272024 0.366279 
0.440679 0.500000 0.483175 0.273691 0.367246 
0.440679 0.500000 0.477962 0.275609 0.366472 
0.440679 0.500000 0.472619 0.277695 0.365582 
0.440679 0.500000 0.467367 0.279843 0.364615 
0.440679 0.500000 0.462363 0.281965 0.363620 
0.440679 0.500000 0.457705 0.283996 0.362639 
0.440679 0.188152 0.453445 0.285894 0.361700 
0.440679 0.189024 0.477660 0.287636 0.360824 
0.440679 0.189844 0.487774 0.277816 0.360021 
0.440679 0.500000 0.492625 0.273776 0.364559 
0.440679 0.500000 0.488530 0.271851 0.366432 
0.440679 0.500000 0.483784 0.273476 0.367327 
0.440679 0.500000 0.478604 0.275365 0.366572 
0.440679 0.500000 0.473265 0.277437 0.365695 
0.440679 0.500000 0.467993 0.279583 0.364734 
0.440679 0.500000 0.462952 0.281712 0.363740 
0.440679 0.500000 0.458249 0.283756 0.362756 
0.440679 0.500000 0.453939 0.285672 0.361811 
0.440679 0.188920 0.450044 0.287434 0.360927 
