0.500000 0.268941 0.268941 0.500000 0.500000 
0.500000 0.349770 0.194364 0.368680 0.500000 
0.500000 0.404424 0.197787 0.404024 0.323582 
0.500000 0.445362 0.206974 0.402376 0.308307 
0.500000 0.466821 0.227420 0.397966 0.309010 
0.500000 0.476870 0.254362 0.388210 0.310896 
0.500000 0.480788 0.284877 0.375493 0.315092 
0.500000 0.480924 0.316176 0.361293 0.320607 
0.500000 0.477736 0.345803 0.346977 0.326824 
0.500000 0.470357 0.371703 0.333676 0.333154 
0.440679 0.456709 0.392341 0.322260 0.339090 
0.500000 0.446226 0.406638 0.313311 0.344226 
0.500000 0.415084 0.416718 0.307193 0.348277 
0.500000 0.371950 0.418213 0.302919 0.351059 
0.500000 0.322748 0.409217 0.302288 0.353009 
0.500000 0.279013 0.385931 0.306096 0.353298 
0.500000 0.250548 0.345560 0.316076 0.351559 
0.500000 0.242544 0.292746 0.333784 0.347023 
0.500000 0.259361 0.242265 0.357670 0.339042 
0.500000 0.304848 0.207965 0.381183 0.328420 
0.440679 0.368836 0.193352 0.397491 0.318133 
0.500000 0.438038 0.195439 0.404511 0.311100 
0.500000 0.464761 0.213971 0.403506 0.308099 
0.500000 0.477364 0.239657 0.394618 0.308528 
0.500000 0.482637 0.270075 0.382414 0.312333 
0.500000 0.483921 0.302290 0.368153 0.317599 
0.500000 0.482233 0.333754 0.353297 0.323813 
0.500000 0.477188 0.362226 0.339055 0.330352 
0.500000 0.467191 0.385956 0.326413 0.336683 
0.500000 0.449436 0.403741 0.316066 0.342353 
0.440679 0.420612 0.414691 0.308427 0.347027 
0.500000 0.399248 0.417688 0.303776 0.350497 
0.500000 0.352289 0.415861 0.302509 0.352618 
0.500000 0.304012 0.401544 0.303281 0.353196 
0.500000 0.265619 0.371537 0.309365 0.352844 
0.500000 0.244977 0.325051 0.322332 0.350070 
0.500000 0.246375 0.271236 0.342967 0.344193 
0.500000 0.274594 0.226252 0.367613 0.334938 
0.500000 0.330002 0.200036 0.388766 0.324049 
0.500000 0.393546 0.192653 0.401295 0.314852 
0.440679 0.439915 0.200292 0.404848 0.309472 
0.500000 0.472022 0.218952 0.401172 0.307955 
0.500000 0.481147 0.247362 0.392241 0.309524 
0.500000 0.484695 0.279005 0.378781 0.313355 
0.500000 0.484963 0.311691 0.364008 0.319176 
0.500000 0.482448 0.342863 0.349013 0.325630 
0.500000 0.476388 0.370429 0.334985 0.332250 
0.500000 0.464809 0.392816 0.322816 0.338504 
0.500000 0.444545 0.408980 0.313107 0.343974 
0.500000 0.412299 0.418083 0.306197 0.348369 
0.440679 0.367931 0.418854 0.302343 0.351513 
0.500000 0.342318 0.408806 0.302018 0.353272 
0.500000 0.296807 0.392231 0.306271 0.353421 
0.500000 0.263595 0.358908 0.313359 0.351480 
0.500000 0.248621 0.311419 0.327874 0.348255 
0.500000 0.256284 0.260586 0.349136 0.341695 
0.500000 0.290838 0.221209 0.372578 0.332195 
0.500000 0.348441 0.200423 0.391165 0.321878 
0.500000 0.406920 0.197217 0.401109 0.313818 
0.500000 0.446478 0.207857 0.402650 0.309551 
0.440679 0.467361 0.228499 0.397543 0.308893 
0.500000 0.481759 0.255654 0.387698 0.311078 
0.500000 0.484401 0.287949 0.374887 0.315313 
0.500000 0.483968 0.320200 0.359877 0.320870 
0.500000 0.480575 0.350428 0.345156 0.327447 
0.500000 0.473160 0.376584 0.331622 0.333964 
0.500000 0.459419 0.397251 0.320132 0.340011 
0.500000 0.436022 0.411468 0.311203 0.345187 
0.500000 0.400231 0.418328 0.305141 0.349234 
0.500000 0.353682 0.416281 0.302240 0.351995 
0.440679 0.305100 0.402419 0.303103 0.353320 
0.500000 0.290043 0.372839 0.308992 0.352925 
0.500000 0.265179 0.337420 0.321764 0.350240 
0.500000 0.260068 0.290931 0.337414 0.344450 
0.500000 0.277940 0.247413 0.358504 0.337417 
0.500000 0.320335 0.217623 0.378757 0.328052 
0.500000 0.376183 0.205169 0.392874 0.319186 
0.500000 0.424022 0.208139 0.398831 0.313082 
0.500000 0.453729 0.223008 0.397408 0.310526 
0.500000 0.469062 0.246149 0.390308 0.311136 
0.440679 0.475948 0.274239 0.379353 0.314187 
0.500000 0.482375 0.304333 0.366218 0.318927 
0.500000 0.480440 0.335463 0.352363 0.324660 
0.500000 0.474929 0.363201 0.338289 0.330765 
0.500000 0.464148 0.386202 0.325985 0.337025 
0.500000 0.445310 0.403202 0.315959 0.342546 
0.500000 0.415362 0.413276 0.308657 0.347076 
0.500000 0.373792 0.415198 0.304375 0.350392 
0.500000 0.326194 0.406736 0.303561 0.352345 
0.500000 0.283393 0.384422 0.307151 0.352716 
0.440679 0.255071 0.345687 0.316729 0.351078 
0.500000 0.269375 0.294807 0.333727 0.346727 
0.500000 0.283769 0.255497 0.356723 0.339067 
0.500000 0.321517 0.225803 0.374960 0.328838 
0.500000 0.372568 0.212441 0.388979 0.320839 
0.500000 0.418507 0.214002 0.395349 0.314760 
0.500000 0.448657 0.227457 0.394603 0.312019 
0.500000 0.464943 0.249290 0.388193 0.312339 
0.500000 0.472502 0.276185 0.377874 0.315099 
0.500000 0.474688 0.305177 0.365315 0.319570 
