0.500000 0.464490 0.276385 0.366496 0.500000 0.500000 0.464490 0.500000 0.500000 
0.500000 0.464490 0.245925 0.420554 0.500000 0.198854 0.303824 0.500000 0.500000 
0.500000 0.464490 0.230893 0.458148 0.500000 0.198854 0.323491 0.500000 0.500000 
0.500000 0.464490 0.223491 0.479472 0.500000 0.198854 0.333437 0.500000 0.500000 
0.500000 0.464490 0.219827 0.490301 0.500000 0.198854 0.338391 0.500000 0.500000 
0.500000 0.464490 0.218005 0.495503 0.500000 0.198854 0.340856 0.500000 0.500000 
0.500000 0.464490 0.217096 0.497934 0.500000 0.198854 0.342086 0.500000 0.500000 
0.500000 0.464490 0.216643 0.499055 0.500000 0.198854 0.342699 0.500000 0.500000 
0.500000 0.464490 0.216416 0.499569 0.500000 0.198854 0.343006 0.500000 0.500000 
0.500000 0.464490 0.216303 0.499803 0.500000 0.198854 0.343159 0.500000 0.500000 
0.500000 0.464490 0.216246 0.499910 0.500000 0.198854 0.343236 0.500000 0.500000 
0.500000 0.464490 0.216218 0.499959 0.500000 0.198854 0.343274 0.500000 0.500000 
0.500000 0.464490 0.216204 0.499981 0.500000 0.198854 0.343293 0.500000 0.500000 
0.500000 0.464490 0.216197 0.499992 0.500000 0.198854 0.343303 0.500000 0.500000 
0.500000 0.464490 0.216193 0.499996 0.500000 0.198854 0.343307 0.500000 0.500000 
0.500000 0.464490 0.216191 0.499998 0.500000 0.198854 0.343310 0.500000 0.500000 
0.500000 0.464490 0.216190 0.499999 0.500000 0.198854 0.343311 0.500000 0.500000 
0.500000 0.464490 0.216190 0.500000 0.500000 0.198854 0.343312 0.500000 0.500000 
0.500000 0.464490 0.216190 0.500000 0.500000 0.198854 0.343312 0.500000 0.500000 
0.500000 0.464490 0.216190 0.500000 0.500000 0.198854 0.343312 0.500000 0.500000 
0.500000 0.464490 0.216190 0.500000 0.500000 0.198854 0.343312 0.500000 0.500000 
0.500000 0.464490 0.216190 0.500000 0.500000 0.198854 0.343312 0.500000 0.500000 
0.500000 0.464490 0.216189 0.500000 0.500000 0.198854 0.343312 0.500000 0.500000 
0.500000 0.464490 0.216189 0.500000 0.500000 0.198854 0.343312 0.500000 0.500000 
0.500000 0.464490 0.216189 0.500000 0.500000 0.198854 0.343312 0.500000 0.500000 
0.500000 0.464490 0.216189 0.500000 0.500000 0.198854 0.343312 0.500000 0.500000 
0.500000 0.464490 0.216189 0.500000 0.500000 0.198854 0.343312 0.500000 0.500000 
0.500000 0.464490 0.216189 0.500000 0.500000 0.198854 0.343312 0.500000 0.500000 
0.500000 0.464490 0.216189 0.500000 0.500000 0.198854 0.343312 0.500000 0.500000 
0.500000 0.464490 0.216189 0.500000 0.500000 0.198854 0.343312 0.500000 0.500000 
0.500000 0.464490 0.216189 0.500000 0.500000 0.198854 0.343312 0.500000 0.500000 
0.500000 0.464490 0.216189 0.500000 0.500000 0.198854 0.343312 0.500000 0.500000 
0.500000 0.464490 0.216189 0.500000 0.500000 0.198854 0.343312 0.500000 0.500000 
0.500000 0.464490 0.216189 0.500000 0.500000 0.198854 0.343312 0.500000 0.500000 
0.500000 0.464490 0.216189 0.500000 0.500000 0.198854 0.343312 0.500000 0.500000 
0.500000 0.464490 0.216189 0.500000 0.500000 0.198854 0.343312 0.500000 0.500000 
0.500000 0.464490 0.216189 0.500000 0.500000 0.198854 0.343312 0.500000 0.500000 
0.500000 0.464490 0.216189 0.500000 0.500000 0.198854 0.343312 0.500000 0.500000 
0.500000 0.464490 0.216189 0.500000 0.500000 0.198854 0.343312 0.500000 0.500000 
0.500000 0.464490 0.216189 0.500000 0.500000 0.198854 0.343312 0.500000 0.500000 
0.500000 0.464490 0.216189 0.500000 0.500000 0.198854 0.343312 0.500000 0.500000 
0.500000 0.464490 0.216189 0.500000 0.500000 0.198854 0.343312 0.500000 0.500000 
0.500000 0.464490 0.216189 0.500000 0.500000 0.198854 0.343312 0.500000 0.500000 
0.500000 0.464490 0.216189 0.500000 0.500000 0.198854 0.343312 0.500000 0.500000 
0.500000 0.464490 0.216189 0.500000 0.500000 0.198854 0.343312 0.500000 0.500000 
0.500000 0.464490 0.216189 0.500000 0.500000 0.198854 0.343312 0.500000 0.500000 
0.500000 0.464490 0.216189 0.500000 0.500000 0.198854 0.343312 0.500000 0.500000 
0.500000 0.464490 0.216189 0.500000 0.500000 0.198854 0.343312 0.500000 0.500000 
0.500000 0.464490 0.216189 0.500000 0.500000 0.198854 0.343312 0.500000 0.500000 
0.500000 0.464490 0.216189 0.500000 0.500000 0.198854 0.343312 0.500000 0.500000 
0.500000 0.464490 0.216189 0.500000 0.500000 0.198854 0.343312 0.500000 0.500000 
0.500000 0.464490 0.216189 0.500000 0.500000 0.198854 0.343312 0.500000 0.500000 
0.500000 0.464490 0.216189 0.500000 0.500000 0.198854 0.343312 0.500000 0.500000 
0.500000 0.464490 0.216189 0.500000 0.500000 0.198854 0.343312 0.500000 0.500000 
0.500000 0.464490 0.216189 0.500000 0.500000 0.198854 0.343312 0.500000 0.500000 
0.500000 0.464490 0.216189 0.500000 0.500000 0.198854 0.343312 0.500000 0.500000 
0.500000 0.464490 0.216189 0.500000 0.500000 0.198854 0.343312 0.500000 0.500000 
0.500000 0.464490 0.216189 0.500000 0.500000 0.198854 0.343312 0.500000 0.500000 
0.500000 0.464490 0.216189 0.500000 0.500000 0.198854 0.343312 0.500000 0.500000 
0.500000 0.464490 0.216189 0.500000 0.500000 0.198854 0.343312 0.500000 0.500000 
0.500000 0.464490 0.216189 0.500000 0.500000 0.198854 0.343312 0.500000 0.500000 
0.500000 0.464490 0.216189 0.500000 0.500000 0.198854 0.343312 0.500000 0.500000 
0.500000 0.464490 0.216189 0.500000 0.500000 0.198854 0.343312 0.500000 0.500000 
0.500000 0.464490 0.216189 0.500000 0.500000 0.198854 0.343312 0.500000 0.500000 
0.500000 0.464490 0.216189 0.500000 0.500000 0.198854 0.343312 0.500000 0.500000 
0.500000 0.464490 0.216189 0.500000 0.500000 0.198854 0.343312 0.500000 0.500000 
0.500000 0.464490 0.216189 0.500000 0.500000 0.198854 0.343312 0.500000 0.500000 
0.500000 0.464490 0.216189 0.500000 0.500000 0.198854 0.343312 0.500000 0.500000 
0.500000 0.464490 0.216189 0.500000 0.500000 0.198854 0.343312 0.500000 0.500000 
0.500000 0.464490 0.216189 0.500000 0.500000 0.198854 0.343312 0.500000 0.500000 
0.500000 0.464490 0.216189 0.500000 0.500000 0.198854 0.343312 0.500000 0.500000 
0.500000 0.464490 0.216189 0.500000 0.500000 0.198854 0.343312 0.500000 0.500000 
0.500000 0.464490 0.216189 0.500000 0.500000 0.198854 0.343312 0.500000 0.500000 
0.500000 0.464490 0.216189 0.500000 0.500000 0.198854 0.343312 0.500000 0.500000 
0.500000 0.464490 0.216189 0.500000 0.500000 0.198854 0.343312 0.500000 0.500000 
0.500000 0.464490 0.216189 0.500000 0.500000 0.198854 0.343312 0.500000 0.500000 
0.500000 0.464490 0.216189 0.500000 0.500000 0.198854 0.343312 0.500000 0.500000 
0.500000 0.464490 0.216189 0.500000 0.500000 0.198854 0.343312 0.500000 0.500000 
0.500000 0.464490 0.216189 0.500000 0.500000 0.198854 0.343312 0.500000 0.500000 
0.500000 0.464490 0.216189 0.500000 0.500000 0.198854 0.343312 0.500000 0.500000 
0.500000 0.464490 0.216189 0.500000 0.500000 0.198854 0.343312 0.500000 0.500000 
0.500000 0.464490 0.216189 0.500000 0.500000 0.198854 0.343312 0.500000 0.500000 
0.500000 0.464490 0.216189 0.500000 0.500000 0.198854 0.343312 0.500000 0.500000 
0.500000 0.464490 0.216189 0.500000 0.500000 0.198854 0.343312 0.500000 0.500000 
0.500000 0.464490 0.216189 0.500000 0.500000 0.198854 0.343312 0.500000 0.500000 
0.500000 0.464490 0.216189 0.500000 0.500000 0.198854 0.343312 0.500000 0.500000 
0.500000 0.464490 0.216189 0.500000 0.500000 0.198854 0.343312 0.500000 0.500000 
0.500000 0.464490 0.216189 0.500000 0.500000 0.198854 0.343312 0.500000 0.500000 
0.500000 0.464490 0.216189 0.500000 0.500000 0.198854 0.343312 0.500000 0.500000 
0.500000 0.464490 0.216189 0.500000 0.500000 0.198854 0.343312 0.500000 0.500000 
0.500000 0.464490 0.216189 0.500000 0.500000 0.198854 0.343312 0.500000 0.500000 
0.500000 0.464490 0.216189 0.500000 0.500000 0.198854 0.343312 0.500000 0.500000 
0.500000 0.464490 0.216189 0.500000 0.500000 0.198854 0.343312 0.500000 0.500000 
0.500000 0.464490 0.216189 0.500000 0.500000 0.198854 0.343312 0.500000 0.500000 
0.500000 0.464490 0.216189 0.500000 0.500000 0.198854 0.343312 0.500000 0.500000 
0.500000 0.464490 0.216189 0.500000 0.500000 0.198854 0.343312 0.500000 0.500000 
0.500000 0.464490 0.216189 0.500000 0.500000 0.198854 0.343312 0.500000 0.500000 
0.500000 0.464490 0.216189 0.500000 0.500000 0.198854 0.343312 0.500000 0.500000 
0.500000 0.464490 0.216189 0.500000 0.500000 0.198854 0.343312 0.500000 0.500000 
0.500000 0.464490 0.216189 0.500000 0.500000 0.198854 0.343312 0.500000 0.500000 
