0.675038 0.622459 0.622459 0.500000 0.500000 
0.500000 0.682468 0.604812 0.650778 0.500000 
0.500000 0.669961 0.596123 0.646757 0.657186 
0.500000 0.656198 0.590855 0.644769 0.656279 
0.500000 0.641872 0.588573 0.643561 0.655831 
0.500000 0.627958 0.588739 0.643038 0.655558 
0.500000 0.615257 0.590838 0.643076 0.655440 
0.500000 0.500000 0.594371 0.643557 0.655448 
0.500000 0.500000 0.613724 0.644367 0.655557 
0.500000 0.500000 0.629423 0.648790 0.655740 
0.675038 0.500000 0.642074 0.652359 0.656738 
0.500000 0.633341 0.652075 0.655222 0.657542 
0.500000 0.631541 0.642499 0.657478 0.658186 
0.500000 0.627193 0.635029 0.655318 0.658694 
0.500000 0.622046 0.629352 0.653629 0.658208 
0.500000 0.616491 0.625355 0.652342 0.657828 
0.500000 0.610882 0.622837 0.651435 0.657538 
0.500000 0.605499 0.621558 0.650864 0.657334 
0.500000 0.500000 0.621273 0.650573 0.657205 
0.500000 0.500000 0.635957 0.650508 0.657140 
0.675038 0.500000 0.647244 0.653839 0.657125 
0.500000 0.639170 0.656133 0.656389 0.657875 
0.500000 0.637475 0.645214 0.658391 0.658449 
0.500000 0.633002 0.636485 0.655931 0.658899 
0.500000 0.627512 0.629731 0.653959 0.658346 
0.500000 0.621447 0.624875 0.652428 0.657902 
0.500000 0.615216 0.621720 0.651327 0.657557 
0.500000 0.609155 0.620007 0.650610 0.657309 
0.500000 0.500000 0.619464 0.650220 0.657148 
0.500000 0.500000 0.634514 0.650097 0.657060 
0.675038 0.500000 0.646102 0.653512 0.657032 
0.500000 0.640638 0.655238 0.656132 0.657802 
0.500000 0.638661 0.644215 0.658190 0.658391 
0.500000 0.633906 0.635461 0.655706 0.658854 
0.500000 0.628157 0.628738 0.653727 0.658295 
0.500000 0.621862 0.623953 0.652203 0.657850 
0.500000 0.615434 0.620894 0.651117 0.657507 
0.500000 0.609214 0.619292 0.650422 0.657262 
0.500000 0.500000 0.618863 0.650057 0.657106 
0.500000 0.500000 0.634029 0.649960 0.657023 
0.675038 0.500000 0.645719 0.653403 0.657001 
0.500000 0.640391 0.654937 0.656045 0.657777 
0.500000 0.638389 0.643986 0.658122 0.658371 
0.500000 0.633620 0.635306 0.655654 0.658838 
0.500000 0.627873 0.628649 0.653692 0.658283 
0.500000 0.621592 0.623921 0.652183 0.657842 
0.500000 0.615188 0.620906 0.651110 0.657502 
0.500000 0.608998 0.619337 0.650425 0.657260 
0.500000 0.500000 0.618932 0.650068 0.657106 
0.500000 0.500000 0.634084 0.649976 0.657026 
0.675038 0.500000 0.645762 0.653415 0.657005 
0.500000 0.640286 0.654971 0.656055 0.657780 
0.500000 0.638299 0.644031 0.658130 0.658374 
0.500000 0.633547 0.635357 0.655664 0.658840 
0.500000 0.627816 0.628702 0.653703 0.658286 
0.500000 0.621549 0.623974 0.652195 0.657844 
0.500000 0.615159 0.620957 0.651122 0.657505 
0.500000 0.608980 0.619383 0.650436 0.657263 
0.500000 0.500000 0.618973 0.650078 0.657109 
0.500000 0.500000 0.634117 0.649985 0.657028 
0.675038 0.500000 0.645788 0.653422 0.657007 
0.500000 0.640294 0.654992 0.656061 0.657781 
0.500000 0.638310 0.644048 0.658134 0.658375 
0.500000 0.633559 0.635370 0.655668 0.658841 
0.500000 0.627829 0.628711 0.653706 0.658287 
0.500000 0.621563 0.623979 0.652197 0.657845 
0.500000 0.615171 0.620959 0.651123 0.657505 
0.500000 0.608991 0.619384 0.650437 0.657263 
0.500000 0.500000 0.618971 0.650078 0.657109 
0.500000 0.500000 0.634116 0.649985 0.657028 
0.675038 0.500000 0.645787 0.653422 0.657007 
0.500000 0.640301 0.654991 0.656060 0.657781 
0.500000 0.638316 0.644046 0.658134 0.658375 
0.500000 0.633564 0.635367 0.655668 0.658841 
0.500000 0.627834 0.628709 0.653706 0.658286 
0.500000 0.621566 0.623977 0.652197 0.657845 
0.500000 0.615174 0.620957 0.651122 0.657505 
0.500000 0.608993 0.619381 0.650436 0.657263 
0.500000 0.500000 0.618969 0.650078 0.657109 
0.500000 0.500000 0.634114 0.649984 0.657028 
0.675038 0.500000 0.645786 0.653422 0.657007 
0.500000 0.640301 0.654990 0.656060 0.657781 
0.500000 0.638316 0.644045 0.658134 0.658375 
0.500000 0.633564 0.635366 0.655667 0.658841 
0.500000 0.627833 0.628708 0.653705 0.658286 
0.500000 0.621565 0.623976 0.652196 0.657845 
0.500000 0.615173 0.620956 0.651122 0.657505 
0.500000 0.608993 0.619381 0.650436 0.657263 
0.500000 0.500000 0.618968 0.650078 0.657109 
0.500000 0.500000 0.634114 0.649984 0.657028 
0.675038 0.500000 0.645786 0.653422 0.657007 
0.500000 0.640301 0.654990 0.656060 0.657781 
0.500000 0.638315 0.644045 0.658134 0.658375 
0.500000 0.633564 0.635367 0.655667 0.658841 
0.500000 0.627833 0.628708 0.653705 0.658286 
0.500000 0.621565 0.623976 0.652196 0.657845 
0.500000 0.615173 0.620956 0.651122 0.657505 
0.500000 0.608993 0.619381 0.650436 0.657263 
0.500000 0.500000 0.618969 0.650078 0.657109 
0.500000 0.500000 0.634114 0.649984 0.657028 
