0.440679 0.268941 0.268941 0.500000 0.500000 
0.500000 0.292886 0.329889 0.368680 0.500000 
0.500000 0.232900 0.388299 0.340790 0.323582 
0.500000 0.204551 0.438488 0.315053 0.335909 
0.500000 0.188221 0.468323 0.293805 0.347486 
0.500000 0.500000 0.483566 0.281578 0.357184 
0.500000 0.500000 0.478041 0.275452 0.362817 
0.500000 0.500000 0.472705 0.277663 0.365654 
0.500000 0.500000 0.467450 0.279809 0.364629 
0.500000 0.500000 0.462441 0.281932 0.363636 
0.440679 0.500000 0.457777 0.283964 0.362654 
0.500000 0.500000 0.453511 0.285865 0.361715 
0.500000 0.500000 0.449660 0.287610 0.360838 
0.500000 0.500000 0.446218 0.289190 0.360033 
0.500000 0.500000 0.443168 0.290607 0.359305 
0.500000 0.500000 0.440479 0.291867 0.358653 
0.500000 0.500000 0.438121 0.292979 0.358074 
0.500000 0.500000 0.436060 0.293957 0.357563 
0.500000 0.500000 0.434265 0.294813 0.357114 
0.500000 0.500000 0.432704 0.295560 0.356721 
0.440679 0.500000 0.431349 0.296211 0.356378 
0.500000 0.500000 0.430176 0.296776 0.356079 
0.500000 0.500000 0.429161 0.297266 0.355820 
0.500000 0.500000 0.428284 0.297690 0.355596 
0.500000 0.500000 0.427526 0.298057 0.355401 
0.500000 0.500000 0.426872 0.298374 0.355233 
0.500000 0.500000 0.426308 0.298648 0.355088 
0.500000 0.500000 0.425822 0.298884 0.354963 
0.500000 0.500000 0.425403 0.299088 0.354854 
0.500000 0.500000 0.425042 0.299264 0.354761 
0.440679 0.500000 0.424732 0.299415 0.354681 
0.500000 0.500000 0.424464 0.299545 0.354611 
0.500000 0.500000 0.424234 0.299658 0.354552 
0.500000 0.500000 0.424036 0.299754 0.354500 
0.500000 0.500000 0.423865 0.299838 0.354456 
0.500000 0.500000 0.423719 0.299909 0.354418 
0.500000 0.500000 0.423592 0.299971 0.354385 
0.500000 0.500000 0.423484 0.300024 0.354357 
0.500000 0.500000 0.423390 0.300069 0.354333 
0.500000 0.500000 0.423310 0.300109 0.354312 
0.440679 0.500000 0.423241 0.300142 0.354294 
0.500000 0.500000 0.423182 0.300171 0.354279 
0.500000 0.500000 0.423131 0.300196 0.354265 
0.500000 0.500000 0.423087 0.300218 0.354254 
0.500000 0.500000 0.423049 0.300236 0.354244 
0.500000 0.500000 0.423017 0.300252 0.354236 
0.500000 0.500000 0.422989 0.300266 0.354228 
0.500000 0.500000 0.422965 0.300277 0.354222 
0.500000 0.500000 0.422944 0.300287 0.354217 
0.500000 0.500000 0.422926 0.300296 0.354212 
0.440679 0.500000 0.422911 0.300304 0.354208 
0.500000 0.500000 0.422898 0.300310 0.354205 
0.500000 0.500000 0.422887 0.300316 0.354202 
0.500000 0.500000 0.422877 0.300320 0.354199 
0.500000 0.500000 0.422869 0.300324 0.354197 
0.500000 0.500000 0.422861 0.300328 0.354195 
0.500000 0.500000 0.422855 0.300331 0.354194 
0.500000 0.500000 0.422850 0.300333 0.354192 
0.500000 0.500000 0.422845 0.300336 0.354191 
0.500000 0.500000 0.422841 0.300338 0.354190 
0.440679 0.500000 0.422838 0.300339 0.354189 
0.500000 0.500000 0.422835 0.300341 0.354188 
0.500000 0.500000 0.422833 0.300342 0.354188 
0.500000 0.500000 0.422831 0.300343 0.354187 
0.500000 0.500000 0.422829 0.300344 0.354187 
0.500000 0.500000 0.422827 0.300345 0.354186 
0.500000 0.500000 0.422826 0.300345 0.354186 
0.500000 0.500000 0.422825 0.300346 0.354186 
0.500000 0.500000 0.422824 0.300346 0.354185 
0.500000 0.500000 0.422823 0.300347 0.354185 
0.440679 0.500000 0.422822 0.300347 0.354185 
0.500000 0.500000 0.422821 0.300347 0.354185 
0.500000 0.500000 0.422821 0.300348 0.354185 
0.500000 0.500000 0.422820 0.300348 0.354185 
0.500000 0.500000 0.422820 0.300348 0.354185 
0.500000 0.500000 0.422820 0.300348 0.354184 
0.500000 0.500000 0.422819 0.300348 0.354184 
0.500000 0.500000 0.422819 0.300349 0.354184 
0.500000 0.500000 0.422819 0.300349 0.354184 
0.500000 0.500000 0.422819 0.300349 0.354184 
0.440679 0.500000 0.422819 0.300349 0.354184 
0.500000 0.500000 0.422818 0.300349 0.354184 
0.500000 0.500000 0.422818 0.300349 0.354184 
0.500000 0.500000 0.422818 0.300349 0.354184 
0.500000 0.500000 0.422818 0.300349 0.354184 
0.500000 0.500000 0.422818 0.300349 0.354184 
0.500000 0.500000 0.422818 0.300349 0.354184 
0.500000 0.500000 0.422818 0.300349 0.354184 
0.500000 0.500000 0.422818 0.300349 0.354184 
0.500000 0.500000 0.422818 0.300349 0.354184 
0.440679 0.500000 0.422818 0.300349 0.354184 
0.500000 0.500000 0.422818 0.300349 0.354184 
0.500000 0.500000 0.422818 0.300349 0.354184 
0.500000 0.500000 0.422818 0.300349 0.354184 
0.500000 0.500000 0.422818 0.300349 0.354184 
0.500000 0.500000 0.422818 0.300349 0.354184 
0.500000 0.500000 0.422818 0.300349 0.354184 
0.500000 0.500000 0.422818 0.300349 0.354184 
0.500000 0.500000 0.422818 0.300349 0.354184 
0.500000 0.500000 0.422818 0.300349 0.354184 
0.440679 0.268941 0.268941 0.500000 0.500000 
0.500000 0.292886 0.329889 0.368680 0.500000 
0.500000 0.232900 0.388299 0.340790 0.323582 
0.500000 0.204551 0.438488 0.315053 0.335909 
0.500000 0.188221 0.468323 0.293805 0.347486 
0.500000 0.500000 0.483566 0.281578 0.357184 
0.500000 0.500000 0.478041 0.275452 0.362817 
0.500000 0.500000 0.472705 0.277663 0.365654 
0.500000 0.500000 0.467450 0.279809 0.364629 
0.500000 0.500000 0.462441 0.281932 0.363636 
0.440679 0.500000 0.457777 0.283964 0.362654 
0.500000 0.500000 0.453511 0.285865 0.361715 
0.500000 0.500000 0.449660 0.287610 0.360838 
0.500000 0.500000 0.446218 0.289190 0.360033 
0.500000 0.500000 0.443168 0.290607 0.359305 
0.500000 0.500000 0.440479 0.291867 0.358653 
0.500000 0.500000 0.438121 0.292979 0.358074 
0.500000 0.500000 0.436060 0.293957 0.357563 
0.500000 0.500000 0.434265 0.294813 0.357114 
0.500000 0.500000 0.432704 0.295560 0.356721 
0.440679 0.500000 0.431349 0.296211 0.356378 
0.500000 0.500000 0.430176 0.296776 0.356079 
0.500000 0.500000 0.429161 0.297266 0.355820 
0.500000 0.500000 0.428284 0.297690 0.355596 
0.500000 0.500000 0.427526 0.298057 0.355401 
0.500000 0.500000 0.426872 0.298374 0.355233 
0.500000 0.500000 0.426308 0.298648 0.355088 
0.500000 0.500000 0.425822 0.298884 0.354963 
0.500000 0.500000 0.425403 0.299088 0.354854 
0.500000 0.500000 0.425042 0.299264 0.354761 
0.440679 0.500000 0.424732 0.299415 0.354681 
0.500000 0.500000 0.424464 0.299545 0.354611 
0.500000 0.500000 0.424234 0.299658 0.354552 
0.500000 0.500000 0.424036 0.299754 0.354500 
0.500000 0.500000 0.423865 0.299838 0.354456 
0.500000 0.500000 0.423719 0.299909 0.354418 
0.500000 0.500000 0.423592 0.299971 0.354385 
0.500000 0.500000 0.423484 0.300024 0.354357 
0.500000 0.500000 0.423390 0.300069 0.354333 
0.500000 0.500000 0.423310 0.300109 0.354312 
0.440679 0.500000 0.423241 0.300142 0.354294 
0.500000 0.500000 0.423182 0.300171 0.354279 
0.500000 0.500000 0.423131 0.300196 0.354265 
0.500000 0.500000 0.423087 0.300218 0.354254 
0.500000 0.500000 0.423049 0.300236 0.354244 
0.500000 0.500000 0.423017 0.300252 0.354236 
0.500000 0.500000 0.422989 0.300266 0.354228 
0.500000 0.500000 0.422965 0.300277 0.354222 
0.500000 0.500000 0.422944 0.300287 0.354217 
0.500000 0.500000 0.422926 0.300296 0.354212 
0.440679 0.500000 0.422911 0.300304 0.354208 
0.500000 0.500000 0.422898 0.300310 0.354205 
0.500000 0.500000 0.422887 0.300316 0.354202 
0.500000 0.500000 0.422877 0.300320 0.354199 
0.500000 0.500000 0.422869 0.300324 0.354197 
0.500000 0.500000 0.422861 0.300328 0.354195 
0.500000 0.500000 0.422855 0.300331 0.354194 
0.500000 0.500000 0.422850 0.300333 0.354192 
0.500000 0.500000 0.422845 0.300336 0.354191 
0.500000 0.500000 0.422841 0.300338 0.354190 
0.440679 0.500000 0.422838 0.300339 0.354189 
0.500000 0.500000 0.422835 0.300341 0.354188 
0.500000 0.500000 0.422833 0.300342 0.354188 
0.500000 0.500000 0.422831 0.300343 0.354187 
0.500000 0.500000 0.422829 0.300344 0.354187 
0.500000 0.500000 0.422827 0.300345 0.354186 
0.500000 0.500000 0.422826 0.300345 0.354186 
0.500000 0.500000 0.422825 0.300346 0.354186 
0.500000 0.500000 0.422824 0.300346 0.354185 
0.500000 0.500000 0.422823 0.300347 0.354185 
0.440679 0.500000 0.422822 0.300347 0.354185 
0.500000 0.500000 0.422821 0.300347 0.354185 
0.500000 0.500000 0.422821 0.300348 0.354185 
0.500000 0.500000 0.422820 0.300348 0.354185 
0.500000 0.500000 0.422820 0.300348 0.354185 
0.500000 0.500000 0.422820 0.300348 0.354184 
0.500000 0.500000 0.422819 0.300348 0.354184 
0.500000 0.500000 0.422819 0.300349 0.354184 
0.500000 0.500000 0.422819 0.300349 0.354184 
0.500000 0.500000 0.422819 0.300349 0.354184 
0.440679 0.500000 0.422819 0.300349 0.354184 
0.500000 0.500000 0.422818 0.300349 0.354184 
0.500000 0.500000 0.422818 0.300349 0.354184 
0.500000 0.500000 0.422818 0.300349 0.354184 
0.500000 0.500000 0.422818 0.300349 0.354184 
0.500000 0.500000 0.422818 0.300349 0.354184 
0.500000 0.500000 0.422818 0.300349 0.354184 
0.500000 0.500000 0.422818 0.300349 0.354184 
0.500000 0.500000 0.422818 0.300349 0.354184 
0.500000 0.500000 0.422818 0.300349 0.354184 
0.440679 0.500000 0.422818 0.300349 0.354184 
0.500000 0.500000 0.422818 0.300349 0.354184 
0.500000 0.500000 0.422818 0.300349 0.354184 
0.500000 0.500000 0.422818 0.300349 0.354184 
0.500000 0.500000 0.422818 0.300349 0.354184 
0.500000 0.500000 0.422818 0.300349 0.354184 
0.500000 0.500000 0.422818 0.300349 0.354184 
0.500000 0.500000 0.422818 0.300349 0.354184 
0.500000 0.500000 0.422818 0.300349 0.354184 
0.500000 0.500000 0.422818 0.300349 0.354184 
0.675038 0.622459 0.622459 0.500000 0.500000 
0.500000 0.662628 0.639788 0.650778 0.500000 
0.500000 0.606693 0.670338 0.654705 0.657186 
0.500000 0.500000 0.684391 0.661579 0.658070 
0.500000 0.500000 0.685213 0.664718 0.659615 
0.500000 0.500000 0.686069 0.664901 0.660319 
0.500000 0.500000 0.686757 0.665092 0.660360 
0.500000 0.500000 0.687314 0.665245 0.660403 
0.500000 0.500000 0.687766 0.665369 0.660438 
0.500000 0.500000 0.688132 0.665470 0.660465 
0.675038 0.500000 0.688430 0.665551 0.660488 
0.500000 0.604777 0.688672 0.665618 0.660506 
0.500000 0.500000 0.697064 0.665671 0.660521 
0.500000 0.500000 0.695679 0.667536 0.660533 
0.500000 0.500000 0.694641 0.667229 0.660951 
0.500000 0.500000 0.693776 0.666999 0.660882 
0.500000 0.500000 0.693059 0.666806 0.660831 
0.500000 0.500000 0.692466 0.666647 0.660788 
0.500000 0.500000 0.691976 0.666515 0.660752 
0.500000 0.500000 0.691573 0.666406 0.660722 
0.675038 0.500000 0.691242 0.666317 0.660698 
0.500000 0.604414 0.690970 0.666243 0.660678 
0.500000 0.500000 0.698610 0.666183 0.660661 
0.500000 0.500000 0.696990 0.667880 0.660648 
0.500000 0.500000 0.695738 0.667520 0.661028 
0.500000 0.500000 0.694689 0.667242 0.660948 
0.500000 0.500000 0.693816 0.667009 0.660885 
0.500000 0.500000 0.693092 0.666815 0.660833 
0.500000 0.500000 0.692493 0.666654 0.660790 
0.500000 0.500000 0.691999 0.666521 0.660754 
0.675038 0.500000 0.691592 0.666411 0.660724 
0.500000 0.604371 0.691257 0.666321 0.660699 
0.500000 0.500000 0.698804 0.666247 0.660679 
0.500000 0.500000 0.697155 0.667923 0.660662 
0.500000 0.500000 0.695877 0.667557 0.661038 
0.500000 0.500000 0.694805 0.667273 0.660956 
0.500000 0.500000 0.693912 0.667035 0.660892 
0.500000 0.500000 0.693171 0.666837 0.660839 
0.500000 0.500000 0.692559 0.666672 0.660794 
0.500000 0.500000 0.692053 0.666536 0.660758 
0.675038 0.500000 0.691636 0.666423 0.660727 
0.500000 0.604365 0.691294 0.666331 0.660702 
0.500000 0.500000 0.698829 0.666255 0.660681 
0.500000 0.500000 0.697176 0.667928 0.660664 
0.500000 0.500000 0.695894 0.667561 0.661039 
0.500000 0.500000 0.694820 0.667277 0.660957 
0.500000 0.500000 0.693925 0.667038 0.660893 
0.500000 0.500000 0.693182 0.666839 0.660840 
0.500000 0.500000 0.692567 0.666674 0.660795 
0.500000 0.500000 0.692060 0.666538 0.660758 
0.675038 0.500000 0.691642 0.666425 0.660727 
0.500000 0.604364 0.691298 0.666332 0.660702 
0.500000 0.500000 0.698832 0.666256 0.660681 
0.500000 0.500000 0.697179 0.667929 0.660664 
0.500000 0.500000 0.695897 0.667562 0.661039 
0.500000 0.500000 0.694822 0.667277 0.660957 
0.500000 0.500000 0.693926 0.667039 0.660893 
0.500000 0.500000 0.693183 0.666840 0.660840 
0.500000 0.500000 0.692568 0.666675 0.660795 
0.500000 0.500000 0.692061 0.666538 0.660758 
0.675038 0.500000 0.691643 0.666425 0.660728 
0.500000 0.604364 0.691299 0.666332 0.660702 
0.500000 0.500000 0.698833 0.666256 0.660681 
0.500000 0.500000 0.697179 0.667929 0.660664 
0.500000 0.500000 0.695897 0.667562 0.661039 
0.500000 0.500000 0.694822 0.667277 0.660957 
0.500000 0.500000 0.693926 0.667039 0.660893 
0.500000 0.500000 0.693183 0.666840 0.660840 
0.500000 0.500000 0.692568 0.666675 0.660795 
0.500000 0.500000 0.692061 0.666538 0.660758 
0.675038 0.500000 0.691643 0.666425 0.660728 
0.500000 0.604364 0.691299 0.666332 0.660702 
0.500000 0.500000 0.698833 0.666256 0.660681 
0.500000 0.500000 0.697179 0.667929 0.660664 
0.500000 0.500000 0.695897 0.667562 0.661039 
0.500000 0.500000 0.694822 0.667277 0.660957 
0.500000 0.500000 0.693926 0.667039 0.660893 
0.500000 0.500000 0.693183 0.666840 0.660840 
0.500000 0.500000 0.692568 0.666675 0.660795 
0.500000 0.500000 0.692061 0.666538 0.660758 
0.675038 0.500000 0.691643 0.666425 0.660728 
0.500000 0.604364 0.691299 0.666332 0.660702 
0.500000 0.500000 0.698833 0.666256 0.660681 
0.500000 0.500000 0.697179 0.667929 0.660664 
0.500000 0.500000 0.695897 0.667562 0.661039 
0.500000 0.500000 0.694822 0.667277 0.660957 
0.500000 0.500000 0.693926 0.667039 0.660893 
0.500000 0.500000 0.693183 0.666840 0.660840 
0.500000 0.500000 0.692568 0.666675 0.660795 
0.500000 0.500000 0.692061 0.666538 0.660758 
0.675038 0.500000 0.691643 0.666425 0.660728 
0.500000 0.604364 0.691299 0.666332 0.660702 
0.500000 0.500000 0.698833 0.666256 0.660681 
0.500000 0.500000 0.697179 0.667929 0.660664 
0.500000 0.500000 0.695897 0.667562 0.661039 
0.500000 0.500000 0.694822 0.667277 0.660957 
0.500000 0.500000 0.693926 0.667039 0.660893 
0.500000 0.500000 0.693183 0.666840 0.660840 
0.500000 0.500000 0.692568 0.666675 0.660795 
0.500000 0.500000 0.692061 0.666538 0.660758 
