0.500000 0.433167 0.500000 0.386376 0.500000 0.500000 0.395188 0.406720 0.500000 
0.500000 0.433167 0.386019 0.402089 0.401373 0.393370 0.500000 0.500000 0.500000 
0.500000 0.433167 0.385848 0.429235 0.414367 0.393370 0.404676 0.400983 0.500000 
0.500000 0.433167 0.387348 0.451537 0.414535 0.393370 0.404717 0.397865 0.500000 
0.500000 0.433167 0.388118 0.468063 0.409774 0.393370 0.404356 0.397825 0.500000 
0.500000 0.433167 0.387924 0.479521 0.403661 0.393370 0.404170 0.398966 0.500000 
0.500000 0.433167 0.387081 0.487124 0.397871 0.393370 0.404217 0.400433 0.500000 
0.500000 0.433167 0.385949 0.492018 0.393062 0.393370 0.404420 0.401824 0.500000 
0.500000 0.433167 0.384790 0.495102 0.389352 0.393370 0.404693 0.402980 0.500000 
0.500000 0.433167 0.383751 0.497017 0.386622 0.393370 0.404972 0.403873 0.500000 
0.500000 0.433167 0.382893 0.498192 0.384674 0.393370 0.405223 0.404531 0.500000 
0.500000 0.433167 0.382221 0.498909 0.383316 0.393370 0.405429 0.405000 0.500000 
0.500000 0.433167 0.381716 0.499343 0.382384 0.393370 0.405591 0.405327 0.500000 
0.500000 0.433167 0.381348 0.499605 0.381753 0.393370 0.405713 0.405552 0.500000 
0.500000 0.433167 0.381085 0.499763 0.381330 0.393370 0.405802 0.405704 0.500000 
0.500000 0.433167 0.380901 0.499858 0.381048 0.393370 0.405865 0.405806 0.500000 
0.500000 0.433167 0.380773 0.499915 0.380862 0.393370 0.405910 0.405874 0.500000 
0.500000 0.433167 0.380686 0.499949 0.380740 0.393370 0.405940 0.405919 0.500000 
0.500000 0.433167 0.380628 0.499969 0.380660 0.393370 0.405961 0.405948 0.500000 
0.500000 0.433167 0.380588 0.499982 0.380607 0.393370 0.405976 0.405968 0.500000 
0.500000 0.433167 0.380562 0.499989 0.380574 0.393370 0.405985 0.405980 0.500000 
0.500000 0.433167 0.380545 0.499993 0.380552 0.393370 0.405991 0.405989 0.500000 
0.500000 0.433167 0.380533 0.499996 0.380537 0.393370 0.405996 0.405994 0.500000 
0.500000 0.433167 0.380526 0.499998 0.380528 0.393370 0.405998 0.405997 0.500000 
0.500000 0.433167 0.380521 0.499999 0.380522 0.393370 0.406000 0.405999 0.500000 
0.500000 0.433167 0.380518 0.499999 0.380519 0.393370 0.406001 0.406001 0.500000 
0.500000 0.433167 0.380516 0.499999 0.380516 0.393370 0.406002 0.406002 0.500000 
0.500000 0.433167 0.380514 0.500000 0.380515 0.393370 0.406003 0.406002 0.500000 
0.500000 0.433167 0.380513 0.500000 0.380514 0.393370 0.406003 0.406003 0.500000 
0.500000 0.433167 0.380513 0.500000 0.380513 0.393370 0.406003 0.406003 0.500000 
0.500000 0.433167 0.380513 0.500000 0.380513 0.393370 0.406003 0.406003 0.500000 
0.500000 0.433167 0.380512 0.500000 0.380512 0.393370 0.406003 0.406003 0.500000 
0.500000 0.433167 0.380512 0.500000 0.380512 0.393370 0.406003 0.406003 0.500000 
0.500000 0.433167 0.380512 0.500000 0.380512 0.393370 0.406003 0.406003 0.500000 
0.500000 0.433167 0.380512 0.500000 0.380512 0.393370 0.406003 0.406003 0.500000 
0.500000 0.433167 0.380512 0.500000 0.380512 0.393370 0.406003 0.406003 0.500000 
0.500000 0.433167 0.380512 0.500000 0.380512 0.393370 0.406003 0.406003 0.500000 
0.500000 0.433167 0.380512 0.500000 0.380512 0.393370 0.406003 0.406003 0.500000 
0.500000 0.433167 0.380512 0.500000 0.380512 0.393370 0.406003 0.406003 0.500000 
0.500000 0.433167 0.380512 0.500000 0.380512 0.393370 0.406003 0.406003 0.500000 
0.500000 0.433167 0.380512 0.500000 0.380512 0.393370 0.406003 0.406003 0.500000 
0.500000 0.433167 0.380512 0.500000 0.380512 0.393370 0.406003 0.406003 0.500000 
0.500000 0.433167 0.380512 0.500000 0.380512 0.393370 0.406003 0.406003 0.500000 
0.500000 0.433167 0.380512 0.500000 0.380512 0.393370 0.406003 0.406003 0.500000 
0.500000 0.433167 0.380512 0.500000 0.380512 0.393370 0.406003 0.406003 0.500000 
0.500000 0.433167 0.380512 0.500000 0.380512 0.393370 0.406003 0.406003 0.500000 
0.500000 0.433167 0.380512 0.500000 0.380512 0.393370 0.406003 0.406003 0.500000 
0.500000 0.433167 0.380512 0.500000 0.380512 0.393370 0.406003 0.406003 0.500000 
0.500000 0.433167 0.380512 0.500000 0.380512 0.393370 0.406003 0.406003 0.500000 
0.500000 0.433167 0.380512 0.500000 0.380512 0.393370 0.406003 0.406003 0.500000 
0.500000 0.433167 0.380512 0.500000 0.380512 0.393370 0.406003 0.406003 0.500000 
0.500000 0.433167 0.380512 0.500000 0.380512 0.393370 0.406003 0.406003 0.500000 
0.500000 0.433167 0.380512 0.500000 0.380512 0.393370 0.406003 0.406003 0.500000 
0.500000 0.433167 0.380512 0.500000 0.380512 0.393370 0.406003 0.406003 0.500000 
0.500000 0.433167 0.380512 0.500000 0.380512 0.393370 0.406003 0.406003 0.500000 
0.500000 0.433167 0.380512 0.500000 0.380512 0.393370 0.406003 0.406003 0.500000 
0.500000 0.433167 0.380512 0.500000 0.380512 0.393370 0.406003 0.406003 0.500000 
0.500000 0.433167 0.380512 0.500000 0.380512 0.393370 0.406003 0.406003 0.500000 
0.500000 0.433167 0.380512 0.500000 0.380512 0.393370 0.406003 0.406003 0.500000 
0.500000 0.433167 0.380512 0.500000 0.380512 0.393370 0.406003 0.406003 0.500000 
0.500000 0.433167 0.380512 0.500000 0.380512 0.393370 0.406003 0.406003 0.500000 
0.500000 0.433167 0.380512 0.500000 0.380512 0.393370 0.406003 0.406003 0.500000 
0.500000 0.433167 0.380512 0.500000 0.380512 0.393370 0.406003 0.406003 0.500000 
0.500000 0.433167 0.380512 0.500000 0.380512 0.393370 0.406003 0.406003 0.500000 
0.500000 0.433167 0.380512 0.500000 0.380512 0.393370 0.406003 0.406003 0.500000 
0.500000 0.433167 0.380512 0.500000 0.380512 0.393370 0.406003 0.406003 0.500000 
0.500000 0.433167 0.380512 0.500000 0.380512 0.393370 0.406003 0.406003 0.500000 
0.500000 0.433167 0.380512 0.500000 0.380512 0.393370 0.406003 0.406003 0.500000 
0.500000 0.433167 0.380512 0.500000 0.380512 0.393370 0.406003 0.406003 0.500000 
0.500000 0.433167 0.380512 0.500000 0.380512 0.393370 0.406003 0.406003 0.500000 
0.500000 0.433167 0.380512 0.500000 0.380512 0.393370 0.406003 0.406003 0.500000 
0.500000 0.433167 0.380512 0.500000 0.380512 0.393370 0.406003 0.406003 0.500000 
0.500000 0.433167 0.380512 0.500000 0.380512 0.393370 0.406003 0.406003 0.500000 
0.500000 0.433167 0.380512 0.500000 0.380512 0.393370 0.406003 0.406003 0.500000 
0.500000 0.433167 0.380512 0.500000 0.380512 0.393370 0.406003 0.406003 0.500000 
0.500000 0.433167 0.380512 0.500000 0.380512 0.393370 0.406003 0.406003 0.500000 
0.500000 0.433167 0.380512 0.500000 0.380512 0.393370 0.406003 0.406003 0.500000 
0.500000 0.433167 0.380512 0.500000 0.380512 0.393370 0.406003 0.406003 0.500000 
0.500000 0.433167 0.380512 0.500000 0.380512 0.393370 0.406003 0.406003 0.500000 
0.500000 0.433167 0.380512 0.500000 0.380512 0.393370 0.406003 0.406003 0.500000 
0.500000 0.433167 0.380512 0.500000 0.380512 0.393370 0.406003 0.406003 0.500000 
0.500000 0.433167 0.380512 0.500000 0.380512 0.393370 0.406003 0.406003 0.500000 
0.500000 0.433167 0.380512 0.500000 0.380512 0.393370 0.406003 0.406003 0.500000 
0.500000 0.433167 0.380512 0.500000 0.380512 0.393370 0.406003 0.406003 0.500000 
0.500000 0.433167 0.380512 0.500000 0.380512 0.393370 0.406003 0.406003 0.500000 
0.500000 0.433167 0.380512 0.500000 0.380512 0.393370 0.406003 0.406003 0.500000 
0.500000 0.433167 0.380512 0.500000 0.380512 0.393370 0.406003 0.406003 0.500000 
0.500000 0.433167 0.380512 0.500000 0.380512 0.393370 0.406003 0.406003 0.500000 
0.500000 0.433167 0.380512 0.500000 0.380512 0.393370 0.406003 0.406003 0.500000 
0.500000 0.433167 0.380512 0.500000 0.380512 0.393370 0.406003 0.406003 0.500000 
0.500000 0.433167 0.380512 0.500000 0.380512 0.393370 0.406003 0.406003 0.500000 
0.500000 0.433167 0.380512 0.500000 0.380512 0.393370 0.406003 0.406003 0.500000 
0.500000 0.433167 0.380512 0.500000 0.380512 0.393370 0.406003 0.406003 0.500000 
0.500000 0.433167 0.380512 0.500000 0.380512 0.393370 0.406003 0.406003 0.500000 
0.500000 0.433167 0.380512 0.500000 0.380512 0.393370 0.406003 0.406003 0.500000 
0.500000 0.433167 0.380512 0.500000 0.380512 0.393370 0.406003 0.406003 0.500000 
0.500000 0.433167 0.380512 0.500000 0.380512 0.393370 0.406003 0.406003 0.500000 
0.500000 0.433167 0.380512 0.500000 0.380512 0.393370 0.406003 0.406003 0.500000 
0.500000 0.433167 0.380512 0.500000 0.380512 0.393370 0.406003 0.406003 0.500000 
0.500000 0.433167 0.380512 0.500000 0.380512 0.393370 0.406003 0.406003 0.500000 
