0.440679 0.268941 0.268941 0.500000 0.500000 
0.440679 0.292886 0.329889 0.368680 0.500000 
0.440679 0.254439 0.388299 0.340790 0.323582 
0.440679 0.230611 0.434649 0.315053 0.335909 
0.440679 0.213572 0.463652 0.295401 0.347486 
0.440679 0.201382 0.479761 0.283472 0.356451 
0.440679 0.193464 0.488282 0.276974 0.361942 
0.440679 0.188699 0.492787 0.273574 0.364949 
0.440679 0.500000 0.495241 0.271787 0.366526 
0.440679 0.500000 0.491931 0.270817 0.367356 
0.440679 0.500000 0.487754 0.272126 0.367808 
0.440679 0.500000 0.482912 0.273784 0.367199 
0.440679 0.500000 0.477686 0.275714 0.366429 
0.440679 0.500000 0.472343 0.277806 0.365533 
0.440679 0.500000 0.467101 0.279955 0.364563 
0.440679 0.500000 0.462113 0.282073 0.363568 
0.440679 0.500000 0.457475 0.284098 0.362589 
0.440679 0.188195 0.453236 0.285988 0.361653 
0.440679 0.189066 0.477568 0.287722 0.360781 
0.440679 0.189884 0.487728 0.277853 0.359981 
0.440679 0.500000 0.492601 0.273794 0.364542 
0.440679 0.500000 0.488500 0.271861 0.366424 
0.440679 0.500000 0.483751 0.273487 0.367322 
0.440679 0.500000 0.478569 0.275379 0.366567 
0.440679 0.500000 0.473229 0.277452 0.365689 
0.440679 0.500000 0.467958 0.279598 0.364728 
0.440679 0.500000 0.462919 0.281726 0.363734 
0.440679 0.500000 0.458218 0.283770 0.362749 
0.440679 0.500000 0.453912 0.285684 0.361805 
0.440679 0.188926 0.450020 0.287445 0.360921 
0.440679 0.189752 0.476135 0.289042 0.360109 
0.440679 0.190517 0.487024 0.278429 0.359373 
0.440679 0.500000 0.492232 0.274074 0.364275 
0.440679 0.500000 0.488041 0.272007 0.366294 
0.440679 0.500000 0.483234 0.273670 0.367254 
0.440679 0.500000 0.478024 0.275585 0.366482 
0.440679 0.500000 0.472682 0.277670 0.365593 
0.440679 0.500000 0.467428 0.279818 0.364626 
0.440679 0.500000 0.462420 0.281941 0.363632 
0.440679 0.500000 0.457758 0.283973 0.362650 
0.440679 0.500000 0.453493 0.285872 0.361711 
0.440679 0.189014 0.449644 0.287617 0.360834 
0.440679 0.189834 0.475967 0.289197 0.360030 
0.440679 0.190592 0.486941 0.278496 0.359302 
0.440679 0.500000 0.492189 0.274107 0.364244 
0.440679 0.500000 0.487987 0.272024 0.366279 
0.440679 0.500000 0.483174 0.273691 0.367246 
0.440679 0.500000 0.477961 0.275609 0.366472 
0.440679 0.500000 0.472619 0.277695 0.365582 
0.440679 0.500000 0.467367 0.279844 0.364615 
0.440679 0.500000 0.462363 0.281965 0.363620 
0.440679 0.500000 0.457705 0.283996 0.362638 
0.440679 0.188152 0.453445 0.285894 0.361700 
0.440679 0.189024 0.477660 0.287637 0.360824 
0.440679 0.189844 0.487774 0.277816 0.360021 
0.440679 0.500000 0.492625 0.273776 0.364559 
0.440679 0.500000 0.488530 0.271851 0.366432 
0.440679 0.500000 0.483784 0.273476 0.367327 
0.440679 0.500000 0.478604 0.275365 0.366572 
0.440679 0.500000 0.473265 0.277437 0.365695 
0.440679 0.500000 0.467992 0.279583 0.364734 
0.440679 0.500000 0.462952 0.281712 0.363740 
0.440679 0.500000 0.458249 0.283756 0.362756 
0.440679 0.500000 0.453939 0.285672 0.361811 
0.440679 0.188920 0.450044 0.287434 0.360927 
0.440679 0.189747 0.476146 0.289032 0.360114 
0.440679 0.190512 0.487029 0.278424 0.359378 
0.440679 0.500000 0.492235 0.274072 0.364277 
0.440679 0.500000 0.488045 0.272006 0.366295 
0.440679 0.500000 0.483238 0.273668 0.367255 
0.440679 0.500000 0.478028 0.275583 0.366482 
0.440679 0.500000 0.472686 0.277668 0.365594 
0.440679 0.500000 0.467432 0.279816 0.364627 
0.440679 0.500000 0.462424 0.281939 0.363632 
0.440679 0.500000 0.457761 0.283971 0.362651 
0.440679 0.500000 0.453496 0.285871 0.361712 
0.440679 0.189013 0.449647 0.287616 0.360835 
0.440679 0.189833 0.475968 0.289196 0.360031 
0.440679 0.190591 0.486942 0.278496 0.359303 
0.440679 0.500000 0.492189 0.274107 0.364244 
0.440679 0.500000 0.487988 0.272024 0.366279 
0.440679 0.500000 0.483175 0.273691 0.367246 
0.440679 0.500000 0.477962 0.275609 0.366472 
0.440679 0.500000 0.472619 0.277695 0.365582 
0.440679 0.500000 0.467367 0.279843 0.364615 
0.440679 0.500000 0.462363 0.281965 0.363620 
0.440679 0.500000 0.457705 0.283996 0.362639 
0.440679 0.188152 0.453445 0.285894 0.361700 
0.440679 0.189024 0.477660 0.287636 0.360824 
0.440679 0.189844 0.487774 0.277816 0.360021 
0.440679 0.500000 0.492625 0.273776 0.364559 
0.440679 0.500000 0.488530 0.271851 0.366432 
0.440679 0.500000 0.483784 0.273476 0.367327 
0.440679 0.500000 0.478604 0.275365 0.366572 
0.440679 0.500000 0.473265 0.277437 0.365695 
0.440679 0.500000 0.467993 0.279583 0.364734 
0.440679 0.500000 0.462952 0.281712 0.363740 
0.440679 0.500000 0.458249 0.283756 0.362756 
0.440679 0.500000 0.453939 0.285672 0.361811 
0.440679 0.188920 0.450044 0.287434 0.360927 
0.440679 0.268941 0.268941 0.500000 0.500000 
0.440679 0.292886 0.329889 0.368680 0.500000 
0.440679 0.254439 0.388299 0.340790 0.323582 
0.440679 0.230611 0.434649 0.315053 0.335909 
0.440679 0.213572 0.463652 0.295401 0.347486 
0.440679 0.201382 0.479761 0.283472 0.356451 
0.440679 0.193464 0.488282 0.276974 0.361942 
0.440679 0.188699 0.492787 0.273574 0.364949 
0.440679 0.500000 0.495241 0.271787 0.366526 
0.440679 0.500000 0.491931 0.270817 0.367356 
0.440679 0.500000 0.487754 0.272126 0.367808 
0.440679 0.500000 0.482912 0.273784 0.367199 
0.440679 0.500000 0.477686 0.275714 0.366429 
0.440679 0.500000 0.472343 0.277806 0.365533 
0.440679 0.500000 0.467101 0.279955 0.364563 
0.440679 0.500000 0.462113 0.282073 0.363568 
0.440679 0.500000 0.457475 0.284098 0.362589 
0.440679 0.188195 0.453236 0.285988 0.361653 
0.440679 0.189066 0.477568 0.287722 0.360781 
0.440679 0.189884 0.487728 0.277853 0.359981 
0.440679 0.500000 0.492601 0.273794 0.364542 
0.440679 0.500000 0.488500 0.271861 0.366424 
0.440679 0.500000 0.483751 0.273487 0.367322 
0.440679 0.500000 0.478569 0.275379 0.366567 
0.440679 0.500000 0.473229 0.277452 0.365689 
0.440679 0.500000 0.467958 0.279598 0.364728 
0.440679 0.500000 0.462919 0.281726 0.363734 
0.440679 0.500000 0.458218 0.283770 0.362749 
0.440679 0.500000 0.453912 0.285684 0.361805 
0.440679 0.188926 0.450020 0.287445 0.360921 
0.440679 0.189752 0.476135 0.289042 0.360109 
0.440679 0.190517 0.487024 0.278429 0.359373 
0.440679 0.500000 0.492232 0.274074 0.364275 
0.440679 0.500000 0.488041 0.272007 0.366294 
0.440679 0.500000 0.483234 0.273670 0.367254 
0.440679 0.500000 0.478024 0.275585 0.366482 
0.440679 0.500000 0.472682 0.277670 0.365593 
0.440679 0.500000 0.467428 0.279818 0.364626 
0.440679 0.500000 0.462420 0.281941 0.363632 
0.440679 0.500000 0.457758 0.283973 0.362650 
0.440679 0.500000 0.453493 0.285872 0.361711 
0.440679 0.189014 0.449644 0.287617 0.360834 
0.440679 0.189834 0.475967 0.289197 0.360030 
0.440679 0.190592 0.486941 0.278496 0.359302 
0.440679 0.500000 0.492189 0.274107 0.364244 
0.440679 0.500000 0.487987 0.272024 0.366279 
0.440679 0.500000 0.483174 0.273691 0.367246 
0.440679 0.500000 0.477961 0.275609 0.366472 
0.440679 0.500000 0.472619 0.277695 0.365582 
0.440679 0.500000 0.467367 0.279844 0.364615 
0.440679 0.500000 0.462363 0.281965 0.363620 
0.440679 0.500000 0.457705 0.283996 0.362638 
0.440679 0.188152 0.453445 0.285894 0.361700 
0.440679 0.189024 0.477660 0.287637 0.360824 
0.440679 0.189844 0.487774 0.277816 0.360021 
0.440679 0.500000 0.492625 0.273776 0.364559 
0.440679 0.500000 0.488530 0.271851 0.366432 
0.440679 0.500000 0.483784 0.273476 0.367327 
0.440679 0.500000 0.478604 0.275365 0.366572 
0.440679 0.500000 0.473265 0.277437 0.365695 
0.440679 0.500000 0.467992 0.279583 0.364734 
0.440679 0.500000 0.462952 0.281712 0.363740 
0.440679 0.500000 0.458249 0.283756 0.362756 
0.440679 0.500000 0.453939 0.285672 0.361811 
0.440679 0.188920 0.450044 0.287434 0.360927 
0.440679 0.189747 0.476146 0.289032 0.360114 
0.440679 0.190512 0.487029 0.278424 0.359378 
0.440679 0.500000 0.492235 0.274072 0.364277 
0.440679 0.500000 0.488045 0.272006 0.366295 
0.440679 0.500000 0.483238 0.273668 0.367255 
0.440679 0.500000 0.478028 0.275583 0.366482 
0.440679 0.500000 0.472686 0.277668 0.365594 
0.440679 0.500000 0.467432 0.279816 0.364627 
0.440679 0.500000 0.462424 0.281939 0.363632 
0.440679 0.500000 0.457761 0.283971 0.362651 
0.440679 0.500000 0.453496 0.285871 0.361712 
0.440679 0.189013 0.449647 0.287616 0.360835 
0.440679 0.189833 0.475968 0.289196 0.360031 
0.440679 0.190591 0.486942 0.278496 0.359303 
0.440679 0.500000 0.492189 0.274107 0.364244 
0.440679 0.500000 0.487988 0.272024 0.366279 
0.440679 0.500000 0.483175 0.273691 0.367246 
0.440679 0.500000 0.477962 0.275609 0.366472 
0.440679 0.500000 0.472619 0.277695 0.365582 
0.440679 0.500000 0.467367 0.279843 0.364615 
0.440679 0.500000 0.462363 0.281965 0.363620 
0.440679 0.500000 0.457705 0.283996 0.362639 
0.440679 0.188152 0.453445 0.285894 0.361700 
0.440679 0.189024 0.477660 0.287636 0.360824 
0.440679 0.189844 0.487774 0.277816 0.360021 
0.440679 0.500000 0.492625 0.273776 0.364559 
0.440679 0.500000 0.488530 0.271851 0.366432 
0.440679 0.500000 0.483784 0.273476 0.367327 
0.440679 0.500000 0.478604 0.275365 0.366572 
0.440679 0.500000 0.473265 0.277437 0.365695 
0.440679 0.500000 0.467993 0.279583 0.364734 
0.440679 0.500000 0.462952 0.281712 0.363740 
0.440679 0.500000 0.458249 0.283756 0.362756 
0.440679 0.500000 0.453939 0.285672 0.361811 
0.440679 0.188920 0.450044 0.287434 0.360927 
