0.500000 0.440679 0.500000 0.268941 0.500000 0.500000 0.500000 0.500000 0.500000 
0.500000 0.440679 0.500000 0.257399 0.500000 0.500000 0.500000 0.500000 0.500000 
0.500000 0.440679 0.500000 0.247356 0.377653 0.500000 0.500000 0.500000 0.500000 
0.500000 0.440679 0.500000 0.238644 0.418529 0.500000 0.500000 0.319666 0.500000 
0.500000 0.440679 0.500000 0.231094 0.447197 0.500000 0.500000 0.302155 0.500000 
0.500000 0.440679 0.500000 0.224551 0.466042 0.500000 0.500000 0.290204 0.500000 
0.500000 0.440679 0.500000 0.218876 0.478049 0.500000 0.500000 0.282502 0.500000 
0.500000 0.440679 0.500000 0.213947 0.485626 0.500000 0.500000 0.277660 0.500000 
0.500000 0.440679 0.500000 0.209658 0.490421 0.500000 0.500000 0.274631 0.500000 
0.500000 0.440679 0.500000 0.205919 0.493489 0.500000 0.500000 0.272725 0.500000 
0.500000 0.440679 0.500000 0.202651 0.495479 0.500000 0.500000 0.271510 0.500000 
0.500000 0.440679 0.500000 0.199790 0.496794 0.500000 0.500000 0.270723 0.500000 
0.500000 0.440679 0.500000 0.197280 0.497677 0.500000 0.500000 0.270204 0.500000 
0.500000 0.440679 0.500000 0.195073 0.498281 0.500000 0.500000 0.269856 0.500000 
0.500000 0.440679 0.500000 0.193128 0.498703 0.500000 0.500000 0.269618 0.500000 
0.500000 0.440679 0.500000 0.191412 0.499002 0.500000 0.500000 0.269452 0.500000 
0.500000 0.440679 0.429715 0.189895 0.499218 0.500000 0.500000 0.269334 0.500000 
0.500000 0.440679 0.433054 0.203321 0.499301 0.500000 0.297458 0.269249 0.500000 
0.500000 0.440679 0.435952 0.216110 0.499334 0.500000 0.296065 0.269216 0.500000 
0.500000 0.440679 0.438473 0.227916 0.499330 0.500000 0.294858 0.269203 0.500000 
0.500000 0.440679 0.440670 0.238549 0.499296 0.500000 0.293811 0.269205 0.500000 
0.500000 0.440679 0.442589 0.247939 0.499236 0.500000 0.292900 0.269218 0.500000 
0.500000 0.440679 0.444266 0.256106 0.499150 0.500000 0.292106 0.269242 0.500000 
0.500000 0.440679 0.445735 0.263121 0.499038 0.500000 0.291413 0.269276 0.500000 
0.500000 0.440679 0.447022 0.269085 0.498900 0.500000 0.290806 0.269320 0.500000 
0.500000 0.440679 0.448151 0.274110 0.498735 0.500000 0.290276 0.269374 0.500000 
0.500000 0.440679 0.449139 0.278311 0.498542 0.500000 0.289811 0.269439 0.500000 
0.500000 0.440679 0.450004 0.281796 0.498321 0.500000 0.289405 0.269515 0.500000 
0.500000 0.440679 0.450760 0.284666 0.498075 0.500000 0.289049 0.269602 0.500000 
0.500000 0.440679 0.451419 0.287010 0.497803 0.500000 0.288738 0.269699 0.500000 
0.500000 0.440679 0.451991 0.288909 0.497508 0.500000 0.288468 0.269806 0.500000 
0.500000 0.440679 0.452486 0.290433 0.497194 0.500000 0.288233 0.269922 0.500000 
0.500000 0.440679 0.452912 0.291644 0.496865 0.500000 0.288030 0.270046 0.500000 
0.500000 0.440679 0.453275 0.292594 0.496524 0.500000 0.287855 0.270176 0.500000 
0.500000 0.440679 0.453583 0.293330 0.496175 0.500000 0.287706 0.270311 0.500000 
0.500000 0.440679 0.453841 0.293892 0.495824 0.500000 0.287580 0.270448 0.500000 
0.500000 0.440679 0.454055 0.294312 0.495474 0.500000 0.287474 0.270587 0.500000 
0.500000 0.440679 0.454229 0.294620 0.495129 0.500000 0.287387 0.270725 0.500000 
0.500000 0.440679 0.454368 0.294839 0.494792 0.500000 0.287315 0.270861 0.500000 
0.500000 0.440679 0.454477 0.294991 0.494467 0.500000 0.287258 0.270994 0.500000 
0.500000 0.440679 0.454558 0.295092 0.494155 0.500000 0.287214 0.271123 0.500000 
0.500000 0.440679 0.454616 0.295156 0.493858 0.500000 0.287181 0.271246 0.500000 
0.500000 0.440679 0.454653 0.295194 0.493578 0.500000 0.287157 0.271363 0.500000 
0.500000 0.440679 0.454673 0.295216 0.493314 0.500000 0.287142 0.271474 0.500000 
0.500000 0.440679 0.454678 0.295230 0.493067 0.500000 0.287134 0.271579 0.500000 
0.500000 0.440679 0.454670 0.295241 0.492837 0.500000 0.287132 0.271676 0.500000 
0.500000 0.440679 0.454652 0.295253 0.492624 0.500000 0.287135 0.271767 0.500000 
0.500000 0.440679 0.454625 0.295270 0.492425 0.500000 0.287142 0.271852 0.500000 
0.500000 0.440679 0.454590 0.295294 0.492242 0.500000 0.287154 0.271930 0.500000 
0.500000 0.440679 0.454551 0.295327 0.492071 0.500000 0.287168 0.272003 0.500000 
0.500000 0.440679 0.454506 0.295370 0.491914 0.500000 0.287184 0.272071 0.500000 
0.500000 0.440679 0.454459 0.295423 0.491768 0.500000 0.287202 0.272133 0.500000 
0.500000 0.440679 0.454409 0.295486 0.491632 0.500000 0.287221 0.272191 0.500000 
0.500000 0.440679 0.454357 0.295560 0.491505 0.500000 0.287242 0.272245 0.500000 
0.500000 0.440679 0.454304 0.295644 0.491386 0.500000 0.287263 0.272295 0.500000 
0.500000 0.440679 0.454250 0.295736 0.491275 0.500000 0.287285 0.272342 0.500000 
0.500000 0.440679 0.454196 0.295837 0.491171 0.500000 0.287307 0.272386 0.500000 
0.500000 0.440679 0.454143 0.295946 0.491072 0.500000 0.287329 0.272428 0.500000 
0.500000 0.440679 0.454089 0.296062 0.490977 0.500000 0.287351 0.272467 0.500000 
0.500000 0.440679 0.454037 0.296184 0.490888 0.500000 0.287373 0.272504 0.500000 
0.500000 0.440679 0.453985 0.296311 0.490802 0.500000 0.287394 0.272540 0.500000 
0.500000 0.440679 0.453933 0.296442 0.490719 0.500000 0.287416 0.272574 0.500000 
0.500000 0.440679 0.453883 0.296577 0.490639 0.500000 0.287437 0.272606 0.500000 
0.500000 0.440679 0.453834 0.296715 0.490562 0.500000 0.287457 0.272638 0.500000 
0.500000 0.440679 0.453786 0.296856 0.490487 0.500000 0.287477 0.272669 0.500000 
0.500000 0.440679 0.453739 0.296999 0.490413 0.500000 0.287497 0.272699 0.500000 
0.500000 0.440679 0.453693 0.297143 0.490342 0.500000 0.287516 0.272728 0.500000 
0.500000 0.440679 0.453647 0.297287 0.490271 0.500000 0.287535 0.272756 0.500000 
0.500000 0.440679 0.453603 0.297433 0.490202 0.500000 0.287554 0.272784 0.500000 
0.500000 0.440679 0.453560 0.297578 0.490134 0.500000 0.287572 0.272812 0.500000 
0.500000 0.440679 0.453517 0.297723 0.490067 0.500000 0.287590 0.272839 0.500000 
0.500000 0.440679 0.453476 0.297868 0.490001 0.500000 0.287607 0.272865 0.500000 
0.500000 0.440679 0.453435 0.298012 0.489936 0.500000 0.287624 0.272891 0.500000 
0.500000 0.440679 0.453395 0.298155 0.489871 0.500000 0.287641 0.272917 0.500000 
0.500000 0.440679 0.453356 0.298297 0.489807 0.500000 0.287657 0.272943 0.500000 
0.500000 0.440679 0.453317 0.298438 0.489744 0.500000 0.287673 0.272968 0.500000 
0.500000 0.440679 0.453279 0.298577 0.489681 0.500000 0.287689 0.272993 0.500000 
0.500000 0.440679 0.453242 0.298715 0.489619 0.500000 0.287705 0.273018 0.500000 
0.500000 0.440679 0.453205 0.298852 0.489558 0.500000 0.287720 0.273043 0.500000 
0.500000 0.440679 0.453169 0.298987 0.489497 0.500000 0.287735 0.273067 0.500000 
0.500000 0.440679 0.453133 0.299121 0.489436 0.500000 0.287750 0.273091 0.500000 
0.500000 0.440679 0.453098 0.299253 0.489377 0.500000 0.287765 0.273115 0.500000 
0.500000 0.440679 0.453063 0.299384 0.489317 0.500000 0.287779 0.273139 0.500000 
0.500000 0.440679 0.453029 0.299513 0.489258 0.500000 0.287793 0.273163 0.500000 
0.500000 0.440679 0.452995 0.299640 0.489200 0.500000 0.287807 0.273186 0.500000 
0.500000 0.440679 0.452961 0.299767 0.489142 0.500000 0.287821 0.273209 0.500000 
0.500000 0.440679 0.452928 0.299891 0.489084 0.500000 0.287835 0.273232 0.500000 
0.500000 0.440679 0.452895 0.300014 0.489027 0.500000 0.287849 0.273255 0.500000 
0.500000 0.440679 0.452863 0.300136 0.488971 0.500000 0.287862 0.273278 0.500000 
0.500000 0.440679 0.452831 0.300256 0.488915 0.500000 0.287875 0.273300 0.500000 
0.500000 0.440679 0.452799 0.300375 0.488859 0.500000 0.287888 0.273323 0.500000 
0.500000 0.440679 0.452768 0.300492 0.488804 0.500000 0.287901 0.273345 0.500000 
0.500000 0.440679 0.452736 0.300608 0.488749 0.500000 0.287914 0.273367 0.500000 
0.500000 0.440679 0.452706 0.300723 0.488695 0.500000 0.287927 0.273389 0.500000 
0.500000 0.440679 0.452675 0.300837 0.488641 0.500000 0.287940 0.273410 0.500000 
0.500000 0.440679 0.452645 0.300949 0.488587 0.500000 0.287952 0.273432 0.500000 
0.500000 0.440679 0.452615 0.301060 0.488534 0.500000 0.287965 0.273453 0.500000 
0.500000 0.440679 0.452585 0.301170 0.488481 0.500000 0.287977 0.273474 0.500000 
0.500000 0.440679 0.452556 0.301279 0.488429 0.500000 0.287989 0.273495 0.500000 
0.500000 0.440679 0.452527 0.301386 0.488377 0.500000 0.288001 0.273516 0.500000 
