0.500000 0.440679 0.500000 0.500000 0.500000 0.500000 0.500000 0.500000 0.500000 
0.500000 0.440679 0.292896 0.292896 0.292896 0.292896 0.500000 0.500000 0.500000 
0.500000 0.440679 0.500000 0.388162 0.370762 0.292896 0.357601 0.357601 0.500000 
0.500000 0.440679 0.500000 0.387655 0.334732 0.292896 0.500000 0.322671 0.500000 
0.500000 0.440679 0.500000 0.387248 0.334921 0.292896 0.500000 0.338617 0.500000 
0.500000 0.440679 0.500000 0.386922 0.335076 0.292896 0.500000 0.338532 0.500000 
0.500000 0.440679 0.500000 0.386661 0.335200 0.292896 0.500000 0.338463 0.500000 
0.500000 0.440679 0.500000 0.386452 0.335300 0.292896 0.500000 0.338407 0.500000 
0.500000 0.440679 0.500000 0.386284 0.335379 0.292896 0.500000 0.338363 0.500000 
0.500000 0.440679 0.500000 0.386150 0.335443 0.292896 0.500000 0.338327 0.500000 
0.500000 0.440679 0.500000 0.386043 0.335494 0.292896 0.500000 0.338298 0.500000 
0.500000 0.440679 0.500000 0.385957 0.335535 0.292896 0.500000 0.338275 0.500000 
0.500000 0.440679 0.500000 0.385888 0.335568 0.292896 0.500000 0.338257 0.500000 
0.500000 0.440679 0.500000 0.385833 0.335594 0.292896 0.500000 0.338243 0.500000 
0.500000 0.440679 0.500000 0.385789 0.335615 0.292896 0.500000 0.338231 0.500000 
0.500000 0.440679 0.500000 0.385754 0.335632 0.292896 0.500000 0.338221 0.500000 
0.500000 0.440679 0.500000 0.385725 0.335645 0.292896 0.500000 0.338214 0.500000 
0.500000 0.440679 0.500000 0.385703 0.335656 0.292896 0.500000 0.338208 0.500000 
0.500000 0.440679 0.500000 0.385685 0.335665 0.292896 0.500000 0.338203 0.500000 
0.500000 0.440679 0.500000 0.385670 0.335672 0.292896 0.500000 0.338199 0.500000 
0.500000 0.440679 0.500000 0.385659 0.335677 0.292896 0.500000 0.338196 0.500000 
0.500000 0.440679 0.500000 0.385650 0.335682 0.292896 0.500000 0.338194 0.500000 
0.500000 0.440679 0.500000 0.385642 0.335685 0.292896 0.500000 0.338192 0.500000 
0.500000 0.440679 0.500000 0.385636 0.335688 0.292896 0.500000 0.338190 0.500000 
0.500000 0.440679 0.500000 0.385632 0.335690 0.292896 0.500000 0.338189 0.500000 
0.500000 0.440679 0.500000 0.385628 0.335692 0.292896 0.500000 0.338188 0.500000 
0.500000 0.440679 0.500000 0.385625 0.335693 0.292896 0.500000 0.338187 0.500000 
0.500000 0.440679 0.500000 0.385622 0.335695 0.292896 0.500000 0.338186 0.500000 
0.500000 0.440679 0.500000 0.385620 0.335695 0.292896 0.500000 0.338186 0.500000 
0.500000 0.440679 0.500000 0.385619 0.335696 0.292896 0.500000 0.338185 0.500000 
0.500000 0.440679 0.500000 0.385618 0.335697 0.292896 0.500000 0.338185 0.500000 
0.500000 0.440679 0.500000 0.385617 0.335697 0.292896 0.500000 0.338185 0.500000 
0.500000 0.440679 0.500000 0.385616 0.335698 0.292896 0.500000 0.338185 0.500000 
0.500000 0.440679 0.500000 0.385615 0.335698 0.292896 0.500000 0.338184 0.500000 
0.500000 0.440679 0.500000 0.385615 0.335698 0.292896 0.500000 0.338184 0.500000 
0.500000 0.440679 0.500000 0.385614 0.335698 0.292896 0.500000 0.338184 0.500000 
0.500000 0.440679 0.500000 0.385614 0.335699 0.292896 0.500000 0.338184 0.500000 
0.500000 0.440679 0.500000 0.385614 0.335699 0.292896 0.500000 0.338184 0.500000 
0.500000 0.440679 0.500000 0.385613 0.335699 0.292896 0.500000 0.338184 0.500000 
0.500000 0.440679 0.500000 0.385613 0.335699 0.292896 0.500000 0.338184 0.500000 
0.500000 0.440679 0.500000 0.385613 0.335699 0.292896 0.500000 0.338184 0.500000 
0.500000 0.440679 0.500000 0.385613 0.335699 0.292896 0.500000 0.338184 0.500000 
0.500000 0.440679 0.500000 0.385613 0.335699 0.292896 0.500000 0.338184 0.500000 
0.500000 0.440679 0.500000 0.385613 0.335699 0.292896 0.500000 0.338184 0.500000 
0.500000 0.440679 0.500000 0.385613 0.335699 0.292896 0.500000 0.338184 0.500000 
0.500000 0.440679 0.500000 0.385613 0.335699 0.292896 0.500000 0.338184 0.500000 
0.500000 0.440679 0.500000 0.385613 0.335699 0.292896 0.500000 0.338184 0.500000 
0.500000 0.440679 0.500000 0.385613 0.335699 0.292896 0.500000 0.338184 0.500000 
0.500000 0.440679 0.500000 0.385613 0.335699 0.292896 0.500000 0.338184 0.500000 
0.500000 0.440679 0.500000 0.385613 0.335699 0.292896 0.500000 0.338184 0.500000 
0.500000 0.440679 0.500000 0.385613 0.335699 0.292896 0.500000 0.338184 0.500000 
0.500000 0.440679 0.500000 0.385613 0.335699 0.292896 0.500000 0.338184 0.500000 
0.500000 0.440679 0.500000 0.385613 0.335699 0.292896 0.500000 0.338184 0.500000 
0.500000 0.440679 0.500000 0.385613 0.335699 0.292896 0.500000 0.338184 0.500000 
0.500000 0.440679 0.500000 0.385613 0.335699 0.292896 0.500000 0.338184 0.500000 
0.500000 0.440679 0.500000 0.385613 0.335699 0.292896 0.500000 0.338184 0.500000 
0.500000 0.440679 0.500000 0.385613 0.335699 0.292896 0.500000 0.338184 0.500000 
0.500000 0.440679 0.500000 0.385613 0.335699 0.292896 0.500000 0.338184 0.500000 
0.500000 0.440679 0.500000 0.385613 0.335699 0.292896 0.500000 0.338184 0.500000 
0.500000 0.440679 0.500000 0.385613 0.335699 0.292896 0.500000 0.338184 0.500000 
0.500000 0.440679 0.500000 0.385613 0.335699 0.292896 0.500000 0.338184 0.500000 
0.500000 0.440679 0.500000 0.385613 0.335699 0.292896 0.500000 0.338184 0.500000 
0.500000 0.440679 0.500000 0.385613 0.335699 0.292896 0.500000 0.338184 0.500000 
0.500000 0.440679 0.500000 0.385613 0.335699 0.292896 0.500000 0.338184 0.500000 
0.500000 0.440679 0.500000 0.385613 0.335699 0.292896 0.500000 0.338184 0.500000 
0.500000 0.440679 0.500000 0.385613 0.335699 0.292896 0.500000 0.338184 0.500000 
0.500000 0.440679 0.500000 0.385613 0.335699 0.292896 0.500000 0.338184 0.500000 
0.500000 0.440679 0.500000 0.385613 0.335699 0.292896 0.500000 0.338184 0.500000 
0.500000 0.440679 0.500000 0.385613 0.335699 0.292896 0.500000 0.338184 0.500000 
0.500000 0.440679 0.500000 0.385613 0.335699 0.292896 0.500000 0.338184 0.500000 
0.500000 0.440679 0.500000 0.385613 0.335699 0.292896 0.500000 0.338184 0.500000 
0.500000 0.440679 0.500000 0.385613 0.335699 0.292896 0.500000 0.338184 0.500000 
0.500000 0.440679 0.500000 0.385613 0.335699 0.292896 0.500000 0.338184 0.500000 
0.500000 0.440679 0.500000 0.385613 0.335699 0.292896 0.500000 0.338184 0.500000 
0.500000 0.440679 0.500000 0.385613 0.335699 0.292896 0.500000 0.338184 0.500000 
0.500000 0.440679 0.500000 0.385613 0.335699 0.292896 0.500000 0.338184 0.500000 
0.500000 0.440679 0.500000 0.385613 0.335699 0.292896 0.500000 0.338184 0.500000 
0.500000 0.440679 0.500000 0.385613 0.335699 0.292896 0.500000 0.338184 0.500000 
0.500000 0.440679 0.500000 0.385613 0.335699 0.292896 0.500000 0.338184 0.500000 
0.500000 0.440679 0.500000 0.385613 0.335699 0.292896 0.500000 0.338184 0.500000 
0.500000 0.440679 0.500000 0.385613 0.335699 0.292896 0.500000 0.338184 0.500000 
0.500000 0.440679 0.500000 0.385613 0.335699 0.292896 0.500000 0.338184 0.500000 
0.500000 0.440679 0.500000 0.385613 0.335699 0.292896 0.500000 0.338184 0.500000 
0.500000 0.440679 0.500000 0.385613 0.335699 0.292896 0.500000 0.338184 0.500000 
0.500000 0.440679 0.500000 0.385613 0.335699 0.292896 0.500000 0.338184 0.500000 
0.500000 0.440679 0.500000 0.385613 0.335699 0.292896 0.500000 0.338184 0.500000 
0.500000 0.440679 0.500000 0.385613 0.335699 0.292896 0.500000 0.338184 0.500000 
0.500000 0.440679 0.500000 0.385613 0.335699 0.292896 0.500000 0.338184 0.500000 
0.500000 0.440679 0.500000 0.385613 0.335699 0.292896 0.500000 0.338184 0.500000 
0.500000 0.440679 0.500000 0.385613 0.335699 0.292896 0.500000 0.338184 0.500000 
0.500000 0.440679 0.500000 0.385613 0.335699 0.292896 0.500000 0.338184 0.500000 
0.500000 0.440679 0.500000 0.385613 0.335699 0.292896 0.500000 0.338184 0.500000 
0.500000 0.440679 0.500000 0.385613 0.335699 0.292896 0.500000 0.338184 0.500000 
0.500000 0.440679 0.500000 0.385613 0.335699 0.292896 0.500000 0.338184 0.500000 
0.500000 0.440679 0.500000 0.385613 0.335699 0.292896 0.500000 0.338184 0.500000 
0.500000 0.440679 0.500000 0.385613 0.335699 0.292896 0.500000 0.338184 0.500000 
0.500000 0.440679 0.500000 0.385613 0.335699 0.292896 0.500000 0.338184 0.500000 
0.500000 0.440679 0.500000 0.385613 0.335699 0.292896 0.500000 0.338184 0.500000 
0.500000 0.440679 0.500000 0.385613 0.335699 0.292896 0.500000 0.338184 0.500000 
0.500000 0.440679 0.500000 0.385613 0.335699 0.292896 0.500000 0.338184 0.500000 
