0.500000 0.470235 0.500000 0.454520 0.500000 0.500000 0.470235 0.500000 0.500000 
0.500000 0.470235 0.438769 0.458765 0.446730 0.438769 0.500000 0.500000 0.500000 
0.500000 0.470235 0.436581 0.466418 0.447170 0.438769 0.444390 0.442996 0.500000 
0.500000 0.470235 0.435511 0.472951 0.445924 0.438769 0.444769 0.442918 0.500000 
0.500000 0.470235 0.434851 0.478388 0.444081 0.438769 0.444955 0.443138 0.500000 
0.500000 0.470235 0.434342 0.482840 0.442131 0.438769 0.445069 0.443462 0.500000 
0.500000 0.470235 0.433898 0.486444 0.440295 0.438769 0.445157 0.443803 0.500000 
0.500000 0.470235 0.433495 0.489336 0.438663 0.438769 0.445233 0.444124 0.500000 
0.500000 0.470235 0.500000 0.491640 0.437263 0.438769 0.445303 0.444408 0.500000 
0.500000 0.470235 0.500000 0.492551 0.442208 0.438769 0.500000 0.444651 0.500000 
0.500000 0.470235 0.500000 0.493366 0.444424 0.438769 0.500000 0.443790 0.500000 
0.500000 0.470235 0.433520 0.494093 0.445371 0.438769 0.500000 0.443401 0.500000 
0.500000 0.470235 0.433801 0.495389 0.439881 0.438769 0.445299 0.443235 0.500000 
0.500000 0.470235 0.433406 0.496403 0.436789 0.438769 0.445250 0.444196 0.500000 
0.500000 0.470235 0.500000 0.497198 0.434975 0.438769 0.445318 0.444733 0.500000 
0.500000 0.470235 0.500000 0.497510 0.440134 0.438769 0.500000 0.445047 0.500000 
0.500000 0.470235 0.500000 0.497787 0.442555 0.438769 0.500000 0.444152 0.500000 
0.500000 0.470235 0.500000 0.498034 0.443693 0.438769 0.500000 0.443729 0.500000 
0.500000 0.470235 0.433454 0.498253 0.444213 0.438769 0.500000 0.443530 0.500000 
0.500000 0.470235 0.433655 0.498642 0.438500 0.438769 0.445310 0.443438 0.500000 
0.500000 0.470235 0.433198 0.498944 0.435451 0.438769 0.445275 0.444436 0.500000 
0.500000 0.470235 0.500000 0.499180 0.433789 0.438769 0.445354 0.444965 0.500000 
0.500000 0.470235 0.500000 0.499272 0.439213 0.438769 0.500000 0.445252 0.500000 
0.500000 0.470235 0.500000 0.499353 0.441798 0.438769 0.500000 0.444312 0.500000 
0.500000 0.470235 0.500000 0.499426 0.443048 0.438769 0.500000 0.443861 0.500000 
0.500000 0.470235 0.433302 0.499490 0.443653 0.438769 0.500000 0.443643 0.500000 
0.500000 0.470235 0.433525 0.499604 0.437960 0.438769 0.445336 0.443537 0.500000 
0.500000 0.470235 0.500000 0.499692 0.434978 0.438769 0.445298 0.444530 0.500000 
0.500000 0.470235 0.500000 0.499727 0.439685 0.438769 0.500000 0.445047 0.500000 
0.500000 0.470235 0.500000 0.499758 0.441947 0.438769 0.500000 0.444230 0.500000 
0.500000 0.470235 0.500000 0.499785 0.443051 0.438769 0.500000 0.443835 0.500000 
0.500000 0.470235 0.433361 0.499809 0.443593 0.438769 0.500000 0.443642 0.500000 
0.500000 0.470235 0.433549 0.499852 0.437874 0.438769 0.445326 0.443547 0.500000 
0.500000 0.470235 0.500000 0.499885 0.434889 0.438769 0.445294 0.444545 0.500000 
0.500000 0.470235 0.500000 0.499898 0.439608 0.438769 0.500000 0.445062 0.500000 
0.500000 0.470235 0.500000 0.499909 0.441879 0.438769 0.500000 0.444244 0.500000 
0.500000 0.470235 0.500000 0.499919 0.442991 0.438769 0.500000 0.443847 0.500000 
0.500000 0.470235 0.433349 0.499928 0.443540 0.438769 0.500000 0.443653 0.500000 
0.500000 0.470235 0.433538 0.499944 0.437823 0.438769 0.445328 0.443557 0.500000 
0.500000 0.470235 0.500000 0.499957 0.434844 0.438769 0.445296 0.444554 0.500000 
0.500000 0.470235 0.500000 0.499962 0.439573 0.438769 0.500000 0.445070 0.500000 
0.500000 0.470235 0.500000 0.499966 0.441851 0.438769 0.500000 0.444250 0.500000 
0.500000 0.470235 0.500000 0.499970 0.442967 0.438769 0.500000 0.443852 0.500000 
0.500000 0.470235 0.433344 0.499973 0.443519 0.438769 0.500000 0.443657 0.500000 
0.500000 0.470235 0.433533 0.499979 0.437803 0.438769 0.445329 0.443560 0.500000 
0.500000 0.470235 0.500000 0.499984 0.434827 0.438769 0.445296 0.444557 0.500000 
0.500000 0.470235 0.500000 0.499986 0.439560 0.438769 0.500000 0.445073 0.500000 
0.500000 0.470235 0.500000 0.499987 0.441840 0.438769 0.500000 0.444252 0.500000 
0.500000 0.470235 0.500000 0.499989 0.442958 0.438769 0.500000 0.443854 0.500000 
0.500000 0.470235 0.433341 0.499990 0.443511 0.438769 0.500000 0.443658 0.500000 
0.500000 0.470235 0.433531 0.499992 0.437796 0.438769 0.445329 0.443561 0.500000 
0.500000 0.470235 0.500000 0.499994 0.434820 0.438769 0.445297 0.444559 0.500000 
0.500000 0.470235 0.500000 0.499995 0.439555 0.438769 0.500000 0.445074 0.500000 
0.500000 0.470235 0.500000 0.499995 0.441836 0.438769 0.500000 0.444253 0.500000 
0.500000 0.470235 0.500000 0.499996 0.442955 0.438769 0.500000 0.443855 0.500000 
0.500000 0.470235 0.433341 0.499996 0.443508 0.438769 0.500000 0.443659 0.500000 
0.500000 0.470235 0.433530 0.499997 0.437793 0.438769 0.445330 0.443562 0.500000 
0.500000 0.470235 0.500000 0.499998 0.434818 0.438769 0.445297 0.444559 0.500000 
0.500000 0.470235 0.500000 0.499998 0.439553 0.438769 0.500000 0.445075 0.500000 
0.500000 0.470235 0.500000 0.499998 0.441835 0.438769 0.500000 0.444253 0.500000 
0.500000 0.470235 0.500000 0.499998 0.442954 0.438769 0.500000 0.443855 0.500000 
0.500000 0.470235 0.433340 0.499999 0.443507 0.438769 0.500000 0.443659 0.500000 
0.500000 0.470235 0.433530 0.499999 0.437792 0.438769 0.445330 0.443562 0.500000 
0.500000 0.470235 0.500000 0.499999 0.434817 0.438769 0.445297 0.444559 0.500000 
0.500000 0.470235 0.500000 0.499999 0.439553 0.438769 0.500000 0.445075 0.500000 
0.500000 0.470235 0.500000 0.499999 0.441834 0.438769 0.500000 0.444253 0.500000 
0.500000 0.470235 0.500000 0.499999 0.442953 0.438769 0.500000 0.443855 0.500000 
0.500000 0.470235 0.433340 0.499999 0.443507 0.438769 0.500000 0.443659 0.500000 
0.500000 0.470235 0.433530 0.500000 0.437791 0.438769 0.445330 0.443562 0.500000 
0.500000 0.470235 0.500000 0.500000 0.434817 0.438769 0.445297 0.444559 0.500000 
0.500000 0.470235 0.500000 0.500000 0.439553 0.438769 0.500000 0.445075 0.500000 
0.500000 0.470235 0.500000 0.500000 0.441834 0.438769 0.500000 0.444253 0.500000 
0.500000 0.470235 0.500000 0.500000 0.442953 0.438769 0.500000 0.443855 0.500000 
0.500000 0.470235 0.433340 0.500000 0.443507 0.438769 0.500000 0.443659 0.500000 
0.500000 0.470235 0.433530 0.500000 0.437791 0.438769 0.445330 0.443562 0.500000 
0.500000 0.470235 0.500000 0.500000 0.434817 0.438769 0.445297 0.444560 0.500000 
0.500000 0.470235 0.500000 0.500000 0.439552 0.438769 0.500000 0.445075 0.500000 
0.500000 0.470235 0.500000 0.500000 0.441834 0.438769 0.500000 0.444253 0.500000 
0.500000 0.470235 0.500000 0.500000 0.442953 0.438769 0.500000 0.443855 0.500000 
0.500000 0.470235 0.433340 0.500000 0.443507 0.438769 0.500000 0.443659 0.500000 
0.500000 0.470235 0.433530 0.500000 0.437791 0.438769 0.445330 0.443562 0.500000 
0.500000 0.470235 0.500000 0.500000 0.434816 0.438769 0.445297 0.444560 0.500000 
0.500000 0.470235 0.500000 0.500000 0.439552 0.438769 0.500000 0.445075 0.500000 
0.500000 0.470235 0.500000 0.500000 0.441834 0.438769 0.500000 0.444253 0.500000 
0.500000 0.470235 0.500000 0.500000 0.442953 0.438769 0.500000 0.443855 0.500000 
0.500000 0.470235 0.433340 0.500000 0.443507 0.438769 0.500000 0.443659 0.500000 
0.500000 0.470235 0.433530 0.500000 0.437791 0.438769 0.445330 0.443562 0.500000 
0.500000 0.470235 0.500000 0.500000 0.434816 0.438769 0.445297 0.444560 0.500000 
0.500000 0.470235 0.500000 0.500000 0.439552 0.438769 0.500000 0.445075 0.500000 
0.500000 0.470235 0.500000 0.500000 0.441834 0.438769 0.500000 0.444253 0.500000 
0.500000 0.470235 0.500000 0.500000 0.442953 0.438769 0.500000 0.443855 0.500000 
0.500000 0.470235 0.433340 0.500000 0.443507 0.438769 0.500000 0.443659 0.500000 
0.500000 0.470235 0.433530 0.500000 0.437791 0.438769 0.445330 0.443562 0.500000 
0.500000 0.470235 0.500000 0.500000 0.434816 0.438769 0.445297 0.444560 0.500000 
0.500000 0.470235 0.500000 0.500000 0.439552 0.438769 0.500000 0.445075 0.500000 
0.500000 0.470235 0.500000 0.500000 0.441834 0.438769 0.500000 0.444253 0.500000 
0.500000 0.470235 0.500000 0.500000 0.442953 0.438769 0.500000 0.443855 0.500000 
0.500000 0.470235 0.433340 0.500000 0.443507 0.438769 0.500000 0.443659 0.500000 
0.500000 0.470235 0.433530 0.500000 0.437791 0.438769 0.445330 0.443562 0.500000 
0.500000 0.470235 0.500000 0.500000 0.434816 0.438769 0.445297 0.444560 0.500000 
