0.500000 0.440679 0.500000 0.405382 0.500000 0.500000 0.429546 0.429546 0.500000 
0.500000 0.440679 0.500000 0.384319 0.500000 0.292896 0.500000 0.500000 0.500000 
0.500000 0.440679 0.270475 0.363123 0.500000 0.292896 0.500000 0.500000 0.500000 
0.500000 0.440679 0.294328 0.411255 0.500000 0.292896 0.367967 0.500000 0.500000 
0.500000 0.440679 0.316193 0.437979 0.500000 0.292896 0.356943 0.500000 0.500000 
0.500000 0.440679 0.335674 0.452545 0.500000 0.292896 0.346970 0.500000 0.500000 
0.500000 0.440679 0.352687 0.460491 0.500000 0.292896 0.338195 0.500000 0.500000 
0.500000 0.440679 0.367349 0.464668 0.500000 0.292896 0.330622 0.500000 0.500000 
0.500000 0.440679 0.379884 0.466527 0.500000 0.292896 0.324165 0.500000 0.500000 
0.500000 0.440679 0.390555 0.466822 0.500000 0.292896 0.318697 0.500000 0.500000 
0.500000 0.440679 0.399627 0.465964 0.500000 0.292896 0.314081 0.500000 0.500000 
0.500000 0.440679 0.407342 0.464181 0.500000 0.292896 0.310185 0.500000 0.500000 
0.500000 0.440679 0.413915 0.461607 0.500000 0.292896 0.306893 0.500000 0.500000 
0.500000 0.440679 0.419528 0.458330 0.500000 0.292896 0.304104 0.500000 0.500000 
0.500000 0.440679 0.424336 0.454413 0.500000 0.292896 0.301734 0.500000 0.500000 
0.500000 0.440679 0.428467 0.449910 0.500000 0.292896 0.299712 0.500000 0.500000 
0.500000 0.440679 0.432029 0.444875 0.500000 0.292896 0.297980 0.500000 0.500000 
0.500000 0.440679 0.435110 0.439369 0.500000 0.292896 0.296492 0.500000 0.500000 
0.500000 0.440679 0.437784 0.433455 0.500000 0.292896 0.295208 0.500000 0.500000 
0.500000 0.440679 0.440111 0.427205 0.500000 0.292896 0.294097 0.500000 0.500000 
0.500000 0.440679 0.442142 0.420694 0.500000 0.292896 0.293132 0.500000 0.500000 
0.500000 0.440679 0.443920 0.413999 0.500000 0.292896 0.292291 0.500000 0.500000 
0.500000 0.440679 0.445480 0.407198 0.500000 0.292896 0.291556 0.500000 0.500000 
0.500000 0.440679 0.446852 0.400365 0.500000 0.292896 0.290912 0.500000 0.500000 
0.500000 0.440679 0.448061 0.393568 0.500000 0.292896 0.290346 0.500000 0.500000 
0.500000 0.440679 0.449128 0.386869 0.500000 0.292896 0.289848 0.500000 0.500000 
0.500000 0.440679 0.450073 0.380322 0.500000 0.292896 0.289409 0.500000 0.500000 
0.500000 0.440679 0.450910 0.373972 0.500000 0.292896 0.289021 0.500000 0.500000 
0.500000 0.440679 0.451652 0.367854 0.500000 0.292896 0.288677 0.500000 0.500000 
0.500000 0.440679 0.452312 0.361997 0.276425 0.292896 0.288372 0.500000 0.500000 
0.500000 0.440679 0.439185 0.356419 0.293577 0.292896 0.288101 0.365204 0.500000 
0.500000 0.440679 0.426467 0.355413 0.308786 0.292896 0.293516 0.357288 0.500000 
0.500000 0.440679 0.414803 0.358461 0.320658 0.292896 0.298818 0.350334 0.500000 
0.500000 0.440679 0.404414 0.364760 0.328374 0.292896 0.303729 0.344949 0.500000 
0.500000 0.440679 0.395177 0.373414 0.331605 0.292896 0.308140 0.341471 0.500000 
0.500000 0.440679 0.386744 0.383591 0.330325 0.292896 0.312093 0.340019 0.500000 
0.500000 0.440679 0.378654 0.394611 0.324659 0.292896 0.315725 0.340593 0.500000 
0.500000 0.440679 0.370397 0.405975 0.314806 0.292896 0.319231 0.343143 0.500000 
0.500000 0.440679 0.361446 0.417358 0.301049 0.292896 0.322830 0.347599 0.500000 
0.500000 0.440679 0.351278 0.428563 0.283820 0.292896 0.326756 0.353864 0.500000 
0.500000 0.440679 0.339399 0.439467 0.500000 0.292896 0.331246 0.361782 0.500000 
0.500000 0.440679 0.355911 0.449963 0.500000 0.292896 0.336530 0.500000 0.500000 
0.500000 0.440679 0.370112 0.455731 0.500000 0.292896 0.329196 0.500000 0.500000 
0.500000 0.440679 0.382239 0.458587 0.500000 0.292896 0.322955 0.500000 0.500000 
0.500000 0.440679 0.392558 0.459509 0.500000 0.292896 0.317675 0.500000 0.500000 
0.500000 0.440679 0.401329 0.459039 0.500000 0.292896 0.313219 0.500000 0.500000 
0.500000 0.440679 0.408791 0.457491 0.500000 0.292896 0.309457 0.500000 0.500000 
0.500000 0.440679 0.415151 0.455056 0.500000 0.292896 0.306277 0.500000 0.500000 
0.500000 0.440679 0.420585 0.451859 0.500000 0.292896 0.303581 0.500000 0.500000 
0.500000 0.440679 0.425243 0.447991 0.500000 0.292896 0.301288 0.500000 0.500000 
0.500000 0.440679 0.429249 0.443529 0.500000 0.292896 0.299331 0.500000 0.500000 
0.500000 0.440679 0.432704 0.438542 0.500000 0.292896 0.297653 0.500000 0.500000 
0.500000 0.440679 0.435695 0.433101 0.500000 0.292896 0.296211 0.500000 0.500000 
0.500000 0.440679 0.438293 0.427279 0.500000 0.292896 0.294965 0.500000 0.500000 
0.500000 0.440679 0.440554 0.421151 0.500000 0.292896 0.293886 0.500000 0.500000 
0.500000 0.440679 0.442530 0.414794 0.500000 0.292896 0.292948 0.500000 0.500000 
0.500000 0.440679 0.444260 0.408284 0.500000 0.292896 0.292130 0.500000 0.500000 
0.500000 0.440679 0.445778 0.401696 0.500000 0.292896 0.291415 0.500000 0.500000 
0.500000 0.440679 0.447115 0.395099 0.500000 0.292896 0.290789 0.500000 0.500000 
0.500000 0.440679 0.448293 0.388558 0.500000 0.292896 0.290238 0.500000 0.500000 
0.500000 0.440679 0.449333 0.382129 0.500000 0.292896 0.289753 0.500000 0.500000 
0.500000 0.440679 0.450254 0.375860 0.500000 0.292896 0.289325 0.500000 0.500000 
0.500000 0.440679 0.451071 0.369791 0.500000 0.292896 0.288946 0.500000 0.500000 
0.500000 0.440679 0.451795 0.363953 0.281612 0.292896 0.288611 0.500000 0.500000 
0.500000 0.440679 0.439023 0.358371 0.297647 0.292896 0.288313 0.362802 0.500000 
0.500000 0.440679 0.426659 0.357226 0.311824 0.292896 0.293583 0.355421 0.500000 
0.500000 0.440679 0.415290 0.360019 0.322843 0.292896 0.298737 0.348952 0.500000 
0.500000 0.440679 0.405116 0.365984 0.329926 0.292896 0.303523 0.343962 0.500000 
0.500000 0.440679 0.396017 0.374271 0.332741 0.292896 0.307841 0.340773 0.500000 
0.500000 0.440679 0.387668 0.384086 0.331233 0.292896 0.311732 0.339509 0.500000 
0.500000 0.440679 0.379629 0.394779 0.325492 0.292896 0.315326 0.340186 0.500000 
0.500000 0.440679 0.371410 0.405869 0.315680 0.292896 0.318808 0.342768 0.500000 
0.500000 0.440679 0.362503 0.417036 0.302046 0.292896 0.322388 0.347202 0.500000 
0.500000 0.440679 0.352397 0.428083 0.284984 0.292896 0.326292 0.353408 0.500000 
0.500000 0.440679 0.340605 0.438882 0.500000 0.292896 0.330750 0.361244 0.500000 
0.500000 0.440679 0.356952 0.449322 0.500000 0.292896 0.335991 0.500000 0.500000 
0.500000 0.440679 0.371003 0.455066 0.500000 0.292896 0.328737 0.500000 0.500000 
0.500000 0.440679 0.382998 0.457906 0.500000 0.292896 0.322565 0.500000 0.500000 
0.500000 0.440679 0.393203 0.458812 0.500000 0.292896 0.317346 0.500000 0.500000 
0.500000 0.440679 0.401878 0.458324 0.500000 0.292896 0.312941 0.500000 0.500000 
0.500000 0.440679 0.409259 0.456755 0.500000 0.292896 0.309223 0.500000 0.500000 
0.500000 0.440679 0.415550 0.454296 0.500000 0.292896 0.306078 0.500000 0.500000 
0.500000 0.440679 0.420927 0.451075 0.500000 0.292896 0.303413 0.500000 0.500000 
0.500000 0.440679 0.425537 0.447184 0.500000 0.292896 0.301145 0.500000 0.500000 
0.500000 0.440679 0.429501 0.442702 0.500000 0.292896 0.299208 0.500000 0.500000 
0.500000 0.440679 0.432923 0.437699 0.500000 0.292896 0.297548 0.500000 0.500000 
0.500000 0.440679 0.435885 0.432246 0.500000 0.292896 0.296120 0.500000 0.500000 
0.500000 0.440679 0.438457 0.426419 0.500000 0.292896 0.294886 0.500000 0.500000 
0.500000 0.440679 0.440698 0.420291 0.500000 0.292896 0.293818 0.500000 0.500000 
0.500000 0.440679 0.442655 0.413941 0.500000 0.292896 0.292889 0.500000 0.500000 
0.500000 0.440679 0.444370 0.407444 0.500000 0.292896 0.292078 0.500000 0.500000 
0.500000 0.440679 0.445875 0.400875 0.500000 0.292896 0.291370 0.500000 0.500000 
0.500000 0.440679 0.447200 0.394302 0.500000 0.292896 0.290749 0.500000 0.500000 
0.500000 0.440679 0.448368 0.387790 0.500000 0.292896 0.290203 0.500000 0.500000 
0.500000 0.440679 0.449400 0.381392 0.500000 0.292896 0.289722 0.500000 0.500000 
0.500000 0.440679 0.450313 0.375158 0.500000 0.292896 0.289297 0.500000 0.500000 
0.500000 0.440679 0.451123 0.369125 0.500000 0.292896 0.288922 0.500000 0.500000 
0.500000 0.440679 0.451842 0.363326 0.284083 0.292896 0.288589 0.500000 0.500000 
0.500000 0.440679 0.439267 0.357782 0.300108 0.292896 0.288294 0.361660 0.500000 
0.500000 0.440679 0.427131 0.356618 0.314265 0.292896 0.293482 0.354294 0.500000 
