0.500000 0.268941 0.268941 0.500000 0.500000 
0.500000 0.329889 0.194364 0.368680 0.500000 
0.500000 0.312446 0.500000 0.404024 0.323582 
0.500000 0.500000 0.500000 0.500000 0.308307 
0.500000 0.265935 0.500000 0.500000 0.500000 
0.500000 0.268640 0.500000 0.500000 0.500000 
0.500000 0.268911 0.500000 0.500000 0.500000 
0.500000 0.268938 0.500000 0.500000 0.500000 
0.500000 0.268941 0.500000 0.500000 0.500000 
0.500000 0.268941 0.500000 0.500000 0.500000 
0.440679 0.268941 0.500000 0.500000 0.500000 
0.500000 0.292896 0.500000 0.500000 0.500000 
0.500000 0.271291 0.500000 0.500000 0.500000 
0.500000 0.269176 0.500000 0.500000 0.500000 
0.500000 0.268965 0.500000 0.500000 0.500000 
0.500000 0.268944 0.500000 0.500000 0.500000 
0.500000 0.268942 0.500000 0.500000 0.500000 
0.500000 0.268941 0.500000 0.500000 0.500000 
0.500000 0.268941 0.500000 0.500000 0.500000 
0.500000 0.268941 0.500000 0.500000 0.500000 
0.440679 0.268941 0.500000 0.500000 0.500000 
0.500000 0.292896 0.500000 0.500000 0.500000 
0.500000 0.271291 0.500000 0.500000 0.500000 
0.500000 0.269176 0.500000 0.500000 0.500000 
0.500000 0.268965 0.500000 0.500000 0.500000 
0.500000 0.268944 0.500000 0.500000 0.500000 
0.500000 0.268942 0.500000 0.500000 0.500000 
0.500000 0.268941 0.500000 0.500000 0.500000 
0.500000 0.268941 0.500000 0.500000 0.500000 
0.500000 0.268941 0.500000 0.500000 0.500000 
0.440679 0.268941 0.500000 0.500000 0.500000 
0.500000 0.292896 0.500000 0.500000 0.500000 
0.500000 0.271291 0.500000 0.500000 0.500000 
0.500000 0.269176 0.500000 0.500000 0.500000 
0.500000 0.268965 0.500000 0.500000 0.500000 
0.500000 0.268944 0.500000 0.500000 0.500000 
0.500000 0.268942 0.500000 0.500000 0.500000 
0.500000 0.268941 0.500000 0.500000 0.500000 
0.500000 0.268941 0.500000 0.500000 0.500000 
0.500000 0.268941 0.500000 0.500000 0.500000 
0.440679 0.268941 0.500000 0.500000 0.500000 
0.500000 0.292896 0.500000 0.500000 0.500000 
0.500000 0.271291 0.500000 0.500000 0.500000 
0.500000 0.269176 0.500000 0.500000 0.500000 
0.500000 0.268965 0.500000 0.500000 0.500000 
0.500000 0.268944 0.500000 0.500000 0.500000 
0.500000 0.268942 0.500000 0.500000 0.500000 
0.500000 0.268941 0.500000 0.500000 0.500000 
0.500000 0.268941 0.500000 0.500000 0.500000 
0.500000 0.268941 0.500000 0.500000 0.500000 
0.440679 0.268941 0.500000 0.500000 0.500000 
0.500000 0.292896 0.500000 0.500000 0.500000 
0.500000 0.271291 0.500000 0.500000 0.500000 
0.500000 0.269176 0.500000 0.500000 0.500000 
0.500000 0.268965 0.500000 0.500000 0.500000 
0.500000 0.268944 0.500000 0.500000 0.500000 
0.500000 0.268942 0.500000 0.500000 0.500000 
0.500000 0.268941 0.500000 0.500000 0.500000 
0.500000 0.268941 0.500000 0.500000 0.500000 
0.500000 0.268941 0.500000 0.500000 0.500000 
0.440679 0.268941 0.500000 0.500000 0.500000 
0.500000 0.292896 0.500000 0.500000 0.500000 
0.500000 0.271291 0.500000 0.500000 0.500000 
0.500000 0.269176 0.500000 0.500000 0.500000 
0.500000 0.268965 0.500000 0.500000 0.500000 
0.500000 0.268944 0.500000 0.500000 0.500000 
0.500000 0.268942 0.500000 0.500000 0.500000 
0.500000 0.268941 0.500000 0.500000 0.500000 
0.500000 0.268941 0.500000 0.500000 0.500000 
0.500000 0.268941 0.500000 0.500000 0.500000 
0.440679 0.268941 0.500000 0.500000 0.500000 
0.500000 0.292896 0.500000 0.500000 0.500000 
0.500000 0.271291 0.500000 0.500000 0.500000 
0.500000 0.269176 0.500000 0.500000 0.500000 
0.500000 0.268965 0.500000 0.500000 0.500000 
0.500000 0.268944 0.500000 0.500000 0.500000 
0.500000 0.268942 0.500000 0.500000 0.500000 
0.500000 0.268941 0.500000 0.500000 0.500000 
0.500000 0.268941 0.500000 0.500000 0.500000 
0.500000 0.268941 0.500000 0.500000 0.500000 
0.440679 0.268941 0.500000 0.500000 0.500000 
0.500000 0.292896 0.500000 0.500000 0.500000 
0.500000 0.271291 0.500000 0.500000 0.500000 
0.500000 0.269176 0.500000 0.500000 0.500000 
0.500000 0.268965 0.500000 0.500000 0.500000 
0.500000 0.268944 0.500000 0.500000 0.500000 
0.500000 0.268942 0.500000 0.500000 0.500000 
0.500000 0.268941 0.500000 0.500000 0.500000 
0.500000 0.268941 0.500000 0.500000 0.500000 
0.500000 0.268941 0.500000 0.500000 0.500000 
0.440679 0.268941 0.500000 0.500000 0.500000 
0.500000 0.292896 0.500000 0.500000 0.500000 
0.500000 0.271291 0.500000 0.500000 0.500000 
0.500000 0.269176 0.500000 0.500000 0.500000 
0.500000 0.268965 0.500000 0.500000 0.500000 
0.500000 0.268944 0.500000 0.500000 0.500000 
0.500000 0.268942 0.500000 0.500000 0.500000 
0.500000 0.268941 0.500000 0.500000 0.500000 
0.500000 0.268941 0.500000 0.500000 0.500000 
0.500000 0.268941 0.500000 0.500000 0.500000 
0.500000 0.268941 0.268941 0.500000 0.500000 
0.500000 0.329889 0.194364 0.368680 0.500000 
0.500000 0.312446 0.500000 0.404024 0.323582 
0.500000 0.500000 0.500000 0.500000 0.308307 
0.500000 0.265935 0.500000 0.500000 0.500000 
0.500000 0.268640 0.500000 0.500000 0.500000 
0.500000 0.268911 0.500000 0.500000 0.500000 
0.500000 0.268938 0.500000 0.500000 0.500000 
0.500000 0.268941 0.500000 0.500000 0.500000 
0.500000 0.268941 0.500000 0.500000 0.500000 
0.440679 0.268941 0.500000 0.500000 0.500000 
0.500000 0.292896 0.500000 0.500000 0.500000 
0.500000 0.271291 0.500000 0.500000 0.500000 
0.500000 0.269176 0.500000 0.500000 0.500000 
0.500000 0.268965 0.500000 0.500000 0.500000 
0.500000 0.268944 0.500000 0.500000 0.500000 
0.500000 0.268942 0.500000 0.500000 0.500000 
0.500000 0.268941 0.500000 0.500000 0.500000 
0.500000 0.268941 0.500000 0.500000 0.500000 
0.500000 0.268941 0.500000 0.500000 0.500000 
0.440679 0.268941 0.500000 0.500000 0.500000 
0.500000 0.292896 0.500000 0.500000 0.500000 
0.500000 0.271291 0.500000 0.500000 0.500000 
0.500000 0.269176 0.500000 0.500000 0.500000 
0.500000 0.268965 0.500000 0.500000 0.500000 
0.500000 0.268944 0.500000 0.500000 0.500000 
0.500000 0.268942 0.500000 0.500000 0.500000 
0.500000 0.268941 0.500000 0.500000 0.500000 
0.500000 0.268941 0.500000 0.500000 0.500000 
0.500000 0.268941 0.500000 0.500000 0.500000 
0.440679 0.268941 0.500000 0.500000 0.500000 
0.500000 0.292896 0.500000 0.500000 0.500000 
0.500000 0.271291 0.500000 0.500000 0.500000 
0.500000 0.269176 0.500000 0.500000 0.500000 
0.500000 0.268965 0.500000 0.500000 0.500000 
0.500000 0.268944 0.500000 0.500000 0.500000 
0.500000 0.268942 0.500000 0.500000 0.500000 
0.500000 0.268941 0.500000 0.500000 0.500000 
0.500000 0.268941 0.500000 0.500000 0.500000 
0.500000 0.268941 0.500000 0.500000 0.500000 
0.440679 0.268941 0.500000 0.500000 0.500000 
0.500000 0.292896 0.500000 0.500000 0.500000 
0.500000 0.271291 0.500000 0.500000 0.500000 
0.500000 0.269176 0.500000 0.500000 0.500000 
0.500000 0.268965 0.500000 0.500000 0.500000 
0.500000 0.268944 0.500000 0.500000 0.500000 
0.500000 0.268942 0.500000 0.500000 0.500000 
0.500000 0.268941 0.500000 0.500000 0.500000 
0.500000 0.268941 0.500000 0.500000 0.500000 
0.500000 0.268941 0.500000 0.500000 0.500000 
0.440679 0.268941 0.500000 0.500000 0.500000 
0.500000 0.292896 0.500000 0.500000 0.500000 
0.500000 0.271291 0.500000 0.500000 0.500000 
0.500000 0.269176 0.500000 0.500000 0.500000 
0.500000 0.268965 0.500000 0.500000 0.500000 
0.500000 0.268944 0.500000 0.500000 0.500000 
0.500000 0.268942 0.500000 0.500000 0.500000 
0.500000 0.268941 0.500000 0.500000 0.500000 
0.500000 0.268941 0.500000 0.500000 0.500000 
0.500000 0.268941 0.500000 0.500000 0.500000 
0.440679 0.268941 0.500000 0.500000 0.500000 
0.500000 0.292896 0.500000 0.500000 0.500000 
0.500000 0.271291 0.500000 0.500000 0.500000 
0.500000 0.269176 0.500000 0.500000 0.500000 
0.500000 0.268965 0.500000 0.500000 0.500000 
0.500000 0.268944 0.500000 0.500000 0.500000 
0.500000 0.268942 0.500000 0.500000 0.500000 
0.500000 0.268941 0.500000 0.500000 0.500000 
0.500000 0.268941 0.500000 0.500000 0.500000 
0.500000 0.268941 0.500000 0.500000 0.500000 
0.440679 0.268941 0.500000 0.500000 0.500000 
0.500000 0.292896 0.500000 0.500000 0.500000 
0.500000 0.271291 0.500000 0.500000 0.500000 
0.500000 0.269176 0.500000 0.500000 0.500000 
0.500000 0.268965 0.500000 0.500000 0.500000 
0.500000 0.268944 0.500000 0.500000 0.500000 
0.500000 0.268942 0.500000 0.500000 0.500000 
0.500000 0.268941 0.500000 0.500000 0.500000 
0.500000 0.268941 0.500000 0.500000 0.500000 
0.500000 0.268941 0.500000 0.500000 0.500000 
0.440679 0.268941 0.500000 0.500000 0.500000 
0.500000 0.292896 0.500000 0.500000 0.500000 
0.500000 0.271291 0.500000 0.500000 0.500000 
0.500000 0.269176 0.500000 0.500000 0.500000 
0.500000 0.268965 0.500000 0.500000 0.500000 
0.500000 0.268944 0.500000 0.500000 0.500000 
0.500000 0.268942 0.500000 0.500000 0.500000 
0.500000 0.268941 0.500000 0.500000 0.500000 
0.500000 0.268941 0.500000 0.500000 0.500000 
0.500000 0.268941 0.500000 0.500000 0.500000 
0.440679 0.268941 0.500000 0.500000 0.500000 
0.500000 0.292896 0.500000 0.500000 0.500000 
0.500000 0.271291 0.500000 0.500000 0.500000 
0.500000 0.269176 0.500000 0.500000 0.500000 
0.500000 0.268965 0.500000 0.500000 0.500000 
0.500000 0.268944 0.500000 0.500000 0.500000 
0.500000 0.268942 0.500000 0.500000 0.500000 
0.500000 0.268941 0.500000 0.500000 0.500000 
0.500000 0.268941 0.500000 0.500000 0.500000 
0.500000 0.268941 0.500000 0.500000 0.500000 
