0.440679 0.268941 0.268941 0.500000 0.500000 
0.440679 0.226745 0.240693 0.368680 0.500000 
0.440679 0.190705 0.234607 0.381925 0.323582 
0.440679 0.500000 0.221544 0.384803 0.317811 
0.440679 0.500000 0.246300 0.391005 0.316565 
0.440679 0.500000 0.269664 0.379281 0.313887 
0.440679 0.500000 0.294378 0.368344 0.318958 
0.440679 0.500000 0.319437 0.356920 0.323729 
0.440679 0.500000 0.344080 0.345501 0.328751 
0.440679 0.192193 0.367504 0.334442 0.333810 
0.440679 0.199980 0.349944 0.324097 0.338747 
0.440679 0.199436 0.337252 0.331837 0.343397 
0.440679 0.197235 0.323682 0.337489 0.339915 
0.440679 0.193863 0.309581 0.343584 0.337383 
0.440679 0.189894 0.294814 0.349972 0.334663 
0.440679 0.500000 0.279461 0.356720 0.331825 
0.440679 0.500000 0.308443 0.363797 0.328839 
0.440679 0.500000 0.332969 0.350490 0.325723 
0.440679 0.190516 0.357081 0.339407 0.331595 
0.440679 0.197402 0.338659 0.328680 0.336526 
0.440679 0.196242 0.325309 0.336860 0.341333 
0.440679 0.193660 0.311009 0.342850 0.337664 
0.440679 0.190023 0.296221 0.349323 0.334990 
0.440679 0.500000 0.280874 0.356075 0.332113 
0.440679 0.500000 0.309887 0.363143 0.329124 
0.440679 0.500000 0.334384 0.349833 0.326010 
0.440679 0.190960 0.358423 0.338773 0.331886 
0.440679 0.197855 0.340150 0.328088 0.336809 
0.440679 0.196720 0.326902 0.336194 0.341599 
0.440679 0.194161 0.312703 0.342133 0.337962 
0.440679 0.190545 0.298004 0.348553 0.335310 
0.440679 0.500000 0.282726 0.355258 0.332454 
0.440679 0.500000 0.311768 0.362287 0.329485 
0.440679 0.500000 0.336224 0.348978 0.326387 
0.440679 0.191560 0.360163 0.337949 0.332266 
0.440679 0.198458 0.342091 0.327321 0.337178 
0.440679 0.197348 0.328979 0.335328 0.341944 
0.440679 0.194817 0.314915 0.341199 0.338350 
0.440679 0.191229 0.300335 0.347549 0.335726 
0.440679 0.500000 0.285153 0.354191 0.332900 
0.440679 0.500000 0.314224 0.361166 0.329957 
0.440679 0.500000 0.338620 0.347863 0.326880 
0.440679 0.192347 0.362423 0.336878 0.332761 
0.440679 0.199244 0.344615 0.326327 0.337657 
0.440679 0.198169 0.331681 0.334204 0.342392 
0.440679 0.195674 0.317796 0.339985 0.338853 
0.440679 0.192123 0.303378 0.346243 0.336268 
0.440679 0.500000 0.288329 0.352800 0.333480 
0.440679 0.500000 0.317423 0.359702 0.330572 
0.440679 0.500000 0.341730 0.346413 0.327524 
0.440679 0.193373 0.365343 0.335490 0.333405 
0.440679 0.200268 0.347883 0.325044 0.338278 
0.440679 0.199237 0.335183 0.332752 0.342970 
0.440679 0.196790 0.321539 0.338415 0.339504 
0.440679 0.193290 0.307339 0.344551 0.336969 
0.440679 0.189249 0.292475 0.350993 0.334233 
0.440679 0.500000 0.277046 0.357794 0.331372 
0.440679 0.500000 0.305975 0.364916 0.328365 
0.440679 0.500000 0.330543 0.351614 0.325232 
0.440679 0.189733 0.354776 0.340496 0.331097 
0.440679 0.196611 0.336095 0.329698 0.336040 
0.440679 0.195417 0.322571 0.338006 0.340875 
0.440679 0.192800 0.308099 0.344085 0.337152 
0.440679 0.189128 0.293165 0.350646 0.334440 
0.440679 0.500000 0.277707 0.357478 0.331526 
0.440679 0.500000 0.306656 0.364609 0.328505 
0.440679 0.500000 0.331213 0.351304 0.325366 
0.440679 0.189930 0.355413 0.340195 0.331234 
0.440679 0.196819 0.336800 0.329416 0.336174 
0.440679 0.195639 0.323321 0.337691 0.341002 
0.440679 0.193034 0.308896 0.343746 0.337293 
0.440679 0.189372 0.294000 0.350284 0.334591 
0.440679 0.500000 0.278571 0.357094 0.331686 
0.440679 0.500000 0.307540 0.364209 0.328674 
0.440679 0.500000 0.332081 0.350901 0.325542 
0.440679 0.190211 0.356239 0.339805 0.331413 
0.440679 0.197102 0.337718 0.329052 0.336348 
0.440679 0.195935 0.324303 0.337280 0.341166 
0.440679 0.193342 0.309938 0.343304 0.337476 
0.440679 0.189692 0.295095 0.349810 0.334788 
0.440679 0.500000 0.279706 0.356591 0.331897 
0.440679 0.500000 0.308698 0.363683 0.328896 
0.440679 0.500000 0.333218 0.350374 0.325773 
0.440679 0.190580 0.357318 0.339295 0.331646 
0.440679 0.197474 0.338919 0.328575 0.336576 
0.440679 0.196322 0.325586 0.336744 0.341380 
0.440679 0.193746 0.311302 0.342726 0.337716 
0.440679 0.190113 0.296530 0.349189 0.335046 
0.440679 0.500000 0.281194 0.355933 0.332172 
0.440679 0.500000 0.310213 0.362995 0.329187 
0.440679 0.500000 0.334703 0.349685 0.326075 
0.440679 0.191064 0.358725 0.338630 0.331952 
0.440679 0.197960 0.340487 0.327955 0.336873 
0.440679 0.196828 0.327262 0.336044 0.341659 
0.440679 0.194274 0.313086 0.341971 0.338029 
0.440679 0.190663 0.298407 0.348379 0.335382 
0.440679 0.500000 0.283146 0.355073 0.332531 
0.440679 0.500000 0.312194 0.362093 0.329567 
0.440679 0.500000 0.336640 0.348784 0.326472 
0.440679 0.191696 0.360556 0.337763 0.332352 
