0.440679 0.268941 0.268941 0.500000 0.500000 
0.500000 0.244151 0.329889 0.368680 0.500000 
0.500000 0.224798 0.282703 0.340790 0.500000 
0.500000 0.500000 0.331760 0.362297 0.500000 
0.500000 0.500000 0.219024 0.339949 0.500000 
0.500000 0.500000 0.319818 0.392206 0.500000 
0.500000 0.500000 0.227636 0.345329 0.500000 
0.500000 0.500000 0.310061 0.388108 0.500000 
0.500000 0.500000 0.234942 0.349754 0.500000 
0.500000 0.500000 0.302144 0.384644 0.500000 
0.440679 0.500000 0.241065 0.353363 0.500000 
0.500000 0.500000 0.295743 0.381749 0.500000 
0.500000 0.500000 0.246152 0.356294 0.500000 
0.500000 0.500000 0.290577 0.379351 0.500000 
0.500000 0.500000 0.250350 0.358667 0.500000 
0.500000 0.500000 0.286412 0.377376 0.500000 
0.500000 0.500000 0.253800 0.360586 0.500000 
0.500000 0.500000 0.283053 0.375756 0.500000 
0.500000 0.500000 0.256624 0.362136 0.500000 
0.500000 0.500000 0.280344 0.374432 0.500000 
0.440679 0.500000 0.258931 0.363388 0.500000 
0.500000 0.500000 0.278158 0.373352 0.500000 
0.500000 0.500000 0.260812 0.364400 0.500000 
0.500000 0.500000 0.276394 0.372473 0.500000 
0.500000 0.500000 0.262343 0.365218 0.500000 
0.500000 0.500000 0.274969 0.371757 0.500000 
0.500000 0.500000 0.263588 0.365879 0.500000 
0.500000 0.500000 0.273818 0.371176 0.500000 
0.500000 0.500000 0.264599 0.366413 0.500000 
0.500000 0.500000 0.272888 0.370704 0.500000 
0.440679 0.500000 0.265421 0.366845 0.500000 
0.500000 0.500000 0.272135 0.370321 0.500000 
0.500000 0.500000 0.266087 0.367195 0.500000 
0.500000 0.500000 0.271527 0.370010 0.500000 
0.500000 0.500000 0.266628 0.367478 0.500000 
0.500000 0.500000 0.271034 0.369758 0.500000 
0.500000 0.500000 0.267067 0.367707 0.500000 
0.500000 0.500000 0.270636 0.369553 0.500000 
0.500000 0.500000 0.267422 0.367892 0.500000 
0.500000 0.500000 0.270313 0.369388 0.500000 
0.440679 0.500000 0.267710 0.368042 0.500000 
0.500000 0.500000 0.270052 0.369253 0.500000 
0.500000 0.500000 0.267944 0.368163 0.500000 
0.500000 0.500000 0.269841 0.369145 0.500000 
0.500000 0.500000 0.268133 0.368262 0.500000 
0.500000 0.500000 0.269670 0.369056 0.500000 
0.500000 0.500000 0.268287 0.368341 0.500000 
0.500000 0.500000 0.269531 0.368985 0.500000 
0.500000 0.500000 0.268411 0.368406 0.500000 
0.500000 0.500000 0.269419 0.368927 0.500000 
0.440679 0.500000 0.268512 0.368458 0.500000 
0.500000 0.500000 0.269328 0.368880 0.500000 
0.500000 0.500000 0.268593 0.368500 0.500000 
0.500000 0.500000 0.269255 0.368842 0.500000 
0.500000 0.500000 0.268659 0.368534 0.500000 
0.500000 0.500000 0.269195 0.368811 0.500000 
0.500000 0.500000 0.268713 0.368562 0.500000 
0.500000 0.500000 0.269147 0.368787 0.500000 
0.500000 0.500000 0.268756 0.368584 0.500000 
0.500000 0.500000 0.269108 0.368766 0.500000 
0.440679 0.500000 0.268792 0.368603 0.500000 
0.500000 0.500000 0.269076 0.368750 0.500000 
0.500000 0.500000 0.268820 0.368617 0.500000 
0.500000 0.500000 0.269051 0.368737 0.500000 
0.500000 0.500000 0.268843 0.368629 0.500000 
0.500000 0.500000 0.269030 0.368726 0.500000 
0.500000 0.500000 0.268862 0.368639 0.500000 
0.500000 0.500000 0.269013 0.368717 0.500000 
0.500000 0.500000 0.268877 0.368647 0.500000 
0.500000 0.500000 0.268999 0.368710 0.500000 
0.440679 0.500000 0.268889 0.368653 0.500000 
0.500000 0.500000 0.268988 0.368705 0.500000 
0.500000 0.500000 0.268899 0.368658 0.500000 
0.500000 0.500000 0.268980 0.368700 0.500000 
0.500000 0.500000 0.268907 0.368662 0.500000 
0.500000 0.500000 0.268972 0.368696 0.500000 
0.500000 0.500000 0.268914 0.368666 0.500000 
0.500000 0.500000 0.268966 0.368693 0.500000 
0.500000 0.500000 0.268919 0.368669 0.500000 
0.500000 0.500000 0.268962 0.368691 0.500000 
0.440679 0.500000 0.268923 0.368671 0.500000 
0.500000 0.500000 0.268958 0.368689 0.500000 
0.500000 0.500000 0.268927 0.368673 0.500000 
0.500000 0.500000 0.268955 0.368687 0.500000 
0.500000 0.500000 0.268929 0.368674 0.500000 
0.500000 0.500000 0.268952 0.368686 0.500000 
0.500000 0.500000 0.268932 0.368675 0.500000 
0.500000 0.500000 0.268950 0.368685 0.500000 
0.500000 0.500000 0.268934 0.368676 0.500000 
0.500000 0.500000 0.268948 0.368684 0.500000 
0.440679 0.500000 0.268935 0.368677 0.500000 
0.500000 0.500000 0.268947 0.368683 0.500000 
0.500000 0.500000 0.268936 0.368678 0.500000 
0.500000 0.500000 0.268946 0.368683 0.500000 
0.500000 0.500000 0.268937 0.368678 0.500000 
0.500000 0.500000 0.268945 0.368682 0.500000 
0.500000 0.500000 0.268938 0.368678 0.500000 
0.500000 0.500000 0.268944 0.368682 0.500000 
0.500000 0.500000 0.268939 0.368679 0.500000 
0.500000 0.500000 0.268944 0.368681 0.500000 
0.440679 0.268941 0.268941 0.500000 0.500000 
0.500000 0.262931 0.329889 0.368680 0.500000 
0.500000 0.245806 0.276721 0.340790 0.500000 
0.500000 0.231094 0.330095 0.365066 0.500000 
0.500000 0.230468 0.286895 0.340697 0.500000 
0.500000 0.225073 0.326025 0.360363 0.500000 
0.500000 0.226980 0.292661 0.342528 0.500000 
0.500000 0.224061 0.322041 0.357709 0.500000 
0.500000 0.226015 0.296617 0.344324 0.500000 
0.500000 0.224052 0.318821 0.355893 0.500000 
0.440679 0.225644 0.299527 0.345780 0.500000 
0.500000 0.244850 0.316334 0.354560 0.500000 
0.500000 0.235559 0.294642 0.346906 0.500000 
0.500000 0.228469 0.317297 0.356799 0.500000 
0.500000 0.227683 0.299348 0.346469 0.500000 
0.500000 0.225197 0.315780 0.354642 0.500000 
0.500000 0.225872 0.301864 0.347157 0.500000 
0.500000 0.224597 0.314153 0.353491 0.500000 
0.500000 0.225384 0.303542 0.347895 0.500000 
0.500000 0.224550 0.312815 0.352724 0.500000 
0.440679 0.225206 0.304764 0.348502 0.500000 
0.500000 0.245287 0.311778 0.352167 0.500000 
0.500000 0.235215 0.298590 0.348973 0.500000 
0.500000 0.228781 0.313857 0.354989 0.500000 
0.500000 0.227438 0.302338 0.348029 0.500000 
0.500000 0.225428 0.313176 0.353274 0.500000 
0.500000 0.225688 0.304129 0.348338 0.500000 
0.500000 0.224770 0.312180 0.352457 0.500000 
0.500000 0.225244 0.305258 0.348791 0.500000 
0.500000 0.224680 0.311321 0.351941 0.500000 
0.440679 0.225100 0.306064 0.349181 0.500000 
0.500000 0.245395 0.310647 0.351574 0.500000 
0.500000 0.235129 0.299571 0.349487 0.500000 
0.500000 0.228857 0.313003 0.354540 0.500000 
0.500000 0.227377 0.303081 0.348417 0.500000 
0.500000 0.225485 0.312529 0.352935 0.500000 
0.500000 0.225642 0.304691 0.348632 0.500000 
0.500000 0.224812 0.311691 0.352200 0.500000 
0.500000 0.225208 0.305684 0.349013 0.500000 
0.500000 0.224712 0.310950 0.351747 0.500000 
0.440679 0.225073 0.306386 0.349349 0.500000 
0.500000 0.245422 0.310366 0.351427 0.500000 
0.500000 0.235108 0.299814 0.349615 0.500000 
0.500000 0.228876 0.312792 0.354429 0.500000 
0.500000 0.227362 0.303265 0.348513 0.500000 
0.500000 0.225499 0.312369 0.352851 0.500000 
0.500000 0.225630 0.304830 0.348705 0.500000 
0.500000 0.224823 0.311569 0.352137 0.500000 
0.500000 0.225200 0.305789 0.349068 0.500000 
0.500000 0.224720 0.310858 0.351699 0.500000 
0.440679 0.225066 0.306466 0.349391 0.500000 
0.500000 0.245429 0.310297 0.351391 0.500000 
0.500000 0.235102 0.299875 0.349647 0.500000 
0.500000 0.228881 0.312739 0.354401 0.500000 
0.500000 0.227358 0.303310 0.348537 0.500000 
0.500000 0.225502 0.312329 0.352830 0.500000 
0.500000 0.225628 0.304865 0.348723 0.500000 
0.500000 0.224825 0.311539 0.352121 0.500000 
0.500000 0.225198 0.305816 0.349082 0.500000 
0.500000 0.224722 0.310835 0.351687 0.500000 
0.440679 0.225065 0.306486 0.349402 0.500000 
0.500000 0.245430 0.310279 0.351382 0.500000 
0.500000 0.235101 0.299890 0.349654 0.500000 
0.500000 0.228882 0.312726 0.354394 0.500000 
0.500000 0.227357 0.303322 0.348542 0.500000 
0.500000 0.225503 0.312320 0.352825 0.500000 
0.500000 0.225627 0.304873 0.348727 0.500000 
0.500000 0.224826 0.311532 0.352117 0.500000 
0.500000 0.225197 0.305822 0.349085 0.500000 
0.500000 0.224722 0.310830 0.351684 0.500000 
0.440679 0.225064 0.306491 0.349404 0.500000 
0.500000 0.245431 0.310275 0.351379 0.500000 
0.500000 0.235101 0.299893 0.349656 0.500000 
0.500000 0.228882 0.312723 0.354392 0.500000 
0.500000 0.227357 0.303325 0.348544 0.500000 
0.500000 0.225503 0.312317 0.352824 0.500000 
0.500000 0.225627 0.304876 0.348728 0.500000 
0.500000 0.224826 0.311530 0.352116 0.500000 
0.500000 0.225197 0.305824 0.349086 0.500000 
0.500000 0.224722 0.310828 0.351683 0.500000 
0.440679 0.225064 0.306492 0.349405 0.500000 
0.500000 0.245431 0.310274 0.351379 0.500000 
0.500000 0.235100 0.299894 0.349657 0.500000 
0.500000 0.228882 0.312722 0.354392 0.500000 
0.500000 0.227357 0.303325 0.348544 0.500000 
0.500000 0.225503 0.312316 0.352824 0.500000 
0.500000 0.225627 0.304876 0.348728 0.500000 
0.500000 0.224826 0.311529 0.352116 0.500000 
0.500000 0.225197 0.305824 0.349086 0.500000 
0.500000 0.224722 0.310828 0.351683 0.500000 
0.440679 0.225064 0.306492 0.349405 0.500000 
0.500000 0.245431 0.310274 0.351379 0.500000 
0.500000 0.235100 0.299895 0.349657 0.500000 
0.500000 0.228882 0.312722 0.354392 0.500000 
0.500000 0.227356 0.303325 0.348544 0.500000 
0.500000 0.225503 0.312316 0.352824 0.500000 
0.500000 0.225627 0.304876 0.348729 0.500000 
0.500000 0.224826 0.311529 0.352116 0.500000 
0.500000 0.225197 0.305824 0.349086 0.500000 
0.500000 0.224722 0.310828 0.351683 0.500000 
