0.500000 0.440679 0.319715 0.368680 0.349770 0.500000 0.440679 0.500000 0.500000 
0.500000 0.440679 0.286786 0.417869 0.349648 0.292896 0.345375 0.331914 0.500000 
0.500000 0.440679 0.270646 0.454968 0.321124 0.292896 0.360413 0.331968 0.500000 
0.500000 0.440679 0.500000 0.477276 0.286975 0.292896 0.367887 0.344739 0.500000 
0.500000 0.440679 0.500000 0.481917 0.311465 0.292896 0.500000 0.360326 0.500000 
0.500000 0.440679 0.500000 0.485640 0.321810 0.292896 0.500000 0.349115 0.500000 
0.500000 0.440679 0.500000 0.488616 0.325438 0.292896 0.500000 0.344429 0.500000 
0.500000 0.440679 0.500000 0.490986 0.326037 0.292896 0.500000 0.342792 0.500000 
0.500000 0.440679 0.500000 0.492871 0.325372 0.292896 0.500000 0.342522 0.500000 
0.500000 0.440679 0.500000 0.494366 0.324272 0.292896 0.500000 0.342822 0.500000 
0.500000 0.440679 0.500000 0.495550 0.323112 0.292896 0.500000 0.343318 0.500000 
0.500000 0.440679 0.500000 0.496487 0.322048 0.292896 0.500000 0.343841 0.500000 
0.500000 0.440679 0.500000 0.497228 0.321133 0.292896 0.500000 0.344321 0.500000 
0.500000 0.440679 0.500000 0.497814 0.320372 0.292896 0.500000 0.344735 0.500000 
0.500000 0.440679 0.500000 0.498276 0.319753 0.292896 0.500000 0.345078 0.500000 
0.500000 0.440679 0.500000 0.498641 0.319254 0.292896 0.500000 0.345358 0.500000 
0.500000 0.440679 0.500000 0.498928 0.318855 0.292896 0.500000 0.345584 0.500000 
0.500000 0.440679 0.500000 0.499155 0.318538 0.292896 0.500000 0.345764 0.500000 
0.500000 0.440679 0.500000 0.499334 0.318286 0.292896 0.500000 0.345908 0.500000 
0.500000 0.440679 0.500000 0.499475 0.318087 0.292896 0.500000 0.346022 0.500000 
0.500000 0.440679 0.500000 0.499586 0.317930 0.292896 0.500000 0.346112 0.500000 
0.500000 0.440679 0.500000 0.499674 0.317806 0.292896 0.500000 0.346183 0.500000 
0.500000 0.440679 0.500000 0.499743 0.317708 0.292896 0.500000 0.346239 0.500000 
0.500000 0.440679 0.500000 0.499798 0.317630 0.292896 0.500000 0.346284 0.500000 
0.500000 0.440679 0.500000 0.499841 0.317569 0.292896 0.500000 0.346319 0.500000 
0.500000 0.440679 0.500000 0.499874 0.317521 0.292896 0.500000 0.346346 0.500000 
0.500000 0.440679 0.500000 0.499901 0.317483 0.292896 0.500000 0.346368 0.500000 
0.500000 0.440679 0.500000 0.499922 0.317454 0.292896 0.500000 0.346385 0.500000 
0.500000 0.440679 0.500000 0.499939 0.317430 0.292896 0.500000 0.346399 0.500000 
0.500000 0.440679 0.500000 0.499952 0.317412 0.292896 0.500000 0.346409 0.500000 
0.500000 0.440679 0.500000 0.499962 0.317397 0.292896 0.500000 0.346418 0.500000 
0.500000 0.440679 0.500000 0.499970 0.317385 0.292896 0.500000 0.346424 0.500000 
0.500000 0.440679 0.500000 0.499976 0.317376 0.292896 0.500000 0.346430 0.500000 
0.500000 0.440679 0.500000 0.499981 0.317369 0.292896 0.500000 0.346434 0.500000 
0.500000 0.440679 0.500000 0.499985 0.317364 0.292896 0.500000 0.346437 0.500000 
0.500000 0.440679 0.500000 0.499988 0.317359 0.292896 0.500000 0.346439 0.500000 
0.500000 0.440679 0.500000 0.499991 0.317356 0.292896 0.500000 0.346441 0.500000 
0.500000 0.440679 0.500000 0.499993 0.317353 0.292896 0.500000 0.346443 0.500000 
0.500000 0.440679 0.500000 0.499994 0.317351 0.292896 0.500000 0.346444 0.500000 
0.500000 0.440679 0.500000 0.499996 0.317349 0.292896 0.500000 0.346445 0.500000 
0.500000 0.440679 0.500000 0.499996 0.317348 0.292896 0.500000 0.346446 0.500000 
0.500000 0.440679 0.500000 0.499997 0.317347 0.292896 0.500000 0.346447 0.500000 
0.500000 0.440679 0.500000 0.499998 0.317346 0.292896 0.500000 0.346447 0.500000 
0.500000 0.440679 0.500000 0.499998 0.317345 0.292896 0.500000 0.346447 0.500000 
0.500000 0.440679 0.500000 0.499999 0.317345 0.292896 0.500000 0.346448 0.500000 
0.500000 0.440679 0.500000 0.499999 0.317344 0.292896 0.500000 0.346448 0.500000 
0.500000 0.440679 0.500000 0.499999 0.317344 0.292896 0.500000 0.346448 0.500000 
0.500000 0.440679 0.500000 0.499999 0.317344 0.292896 0.500000 0.346448 0.500000 
0.500000 0.440679 0.500000 0.499999 0.317343 0.292896 0.500000 0.346448 0.500000 
0.500000 0.440679 0.500000 0.500000 0.317343 0.292896 0.500000 0.346449 0.500000 
0.500000 0.440679 0.500000 0.500000 0.317343 0.292896 0.500000 0.346449 0.500000 
0.500000 0.440679 0.500000 0.500000 0.317343 0.292896 0.500000 0.346449 0.500000 
0.500000 0.440679 0.500000 0.500000 0.317343 0.292896 0.500000 0.346449 0.500000 
0.500000 0.440679 0.500000 0.500000 0.317343 0.292896 0.500000 0.346449 0.500000 
0.500000 0.440679 0.500000 0.500000 0.317343 0.292896 0.500000 0.346449 0.500000 
0.500000 0.440679 0.500000 0.500000 0.317343 0.292896 0.500000 0.346449 0.500000 
0.500000 0.440679 0.500000 0.500000 0.317343 0.292896 0.500000 0.346449 0.500000 
0.500000 0.440679 0.500000 0.500000 0.317343 0.292896 0.500000 0.346449 0.500000 
0.500000 0.440679 0.500000 0.500000 0.317343 0.292896 0.500000 0.346449 0.500000 
0.500000 0.440679 0.500000 0.500000 0.317343 0.292896 0.500000 0.346449 0.500000 
0.500000 0.440679 0.500000 0.500000 0.317343 0.292896 0.500000 0.346449 0.500000 
0.500000 0.440679 0.500000 0.500000 0.317343 0.292896 0.500000 0.346449 0.500000 
0.500000 0.440679 0.500000 0.500000 0.317343 0.292896 0.500000 0.346449 0.500000 
0.500000 0.440679 0.500000 0.500000 0.317343 0.292896 0.500000 0.346449 0.500000 
0.500000 0.440679 0.500000 0.500000 0.317343 0.292896 0.500000 0.346449 0.500000 
0.500000 0.440679 0.500000 0.500000 0.317343 0.292896 0.500000 0.346449 0.500000 
0.500000 0.440679 0.500000 0.500000 0.317343 0.292896 0.500000 0.346449 0.500000 
0.500000 0.440679 0.500000 0.500000 0.317343 0.292896 0.500000 0.346449 0.500000 
0.500000 0.440679 0.500000 0.500000 0.317343 0.292896 0.500000 0.346449 0.500000 
0.500000 0.440679 0.500000 0.500000 0.317343 0.292896 0.500000 0.346449 0.500000 
0.500000 0.440679 0.500000 0.500000 0.317343 0.292896 0.500000 0.346449 0.500000 
0.500000 0.440679 0.500000 0.500000 0.317343 0.292896 0.500000 0.346449 0.500000 
0.500000 0.440679 0.500000 0.500000 0.317343 0.292896 0.500000 0.346449 0.500000 
0.500000 0.440679 0.500000 0.500000 0.317343 0.292896 0.500000 0.346449 0.500000 
0.500000 0.440679 0.500000 0.500000 0.317343 0.292896 0.500000 0.346449 0.500000 
0.500000 0.440679 0.500000 0.500000 0.317343 0.292896 0.500000 0.346449 0.500000 
0.500000 0.440679 0.500000 0.500000 0.317343 0.292896 0.500000 0.346449 0.500000 
0.500000 0.440679 0.500000 0.500000 0.317343 0.292896 0.500000 0.346449 0.500000 
0.500000 0.440679 0.500000 0.500000 0.317343 0.292896 0.500000 0.346449 0.500000 
0.500000 0.440679 0.500000 0.500000 0.317343 0.292896 0.500000 0.346449 0.500000 
0.500000 0.440679 0.500000 0.500000 0.317343 0.292896 0.500000 0.346449 0.500000 
0.500000 0.440679 0.500000 0.500000 0.317343 0.292896 0.500000 0.346449 0.500000 
0.500000 0.440679 0.500000 0.500000 0.317343 0.292896 0.500000 0.346449 0.500000 
0.500000 0.440679 0.500000 0.500000 0.317343 0.292896 0.500000 0.346449 0.500000 
0.500000 0.440679 0.500000 0.500000 0.317343 0.292896 0.500000 0.346449 0.500000 
0.500000 0.440679 0.500000 0.500000 0.317343 0.292896 0.500000 0.346449 0.500000 
0.500000 0.440679 0.500000 0.500000 0.317343 0.292896 0.500000 0.346449 0.500000 
0.500000 0.440679 0.500000 0.500000 0.317343 0.292896 0.500000 0.346449 0.500000 
0.500000 0.440679 0.500000 0.500000 0.317343 0.292896 0.500000 0.346449 0.500000 
0.500000 0.440679 0.500000 0.500000 0.317343 0.292896 0.500000 0.346449 0.500000 
0.500000 0.440679 0.500000 0.500000 0.317343 0.292896 0.500000 0.346449 0.500000 
0.500000 0.440679 0.500000 0.500000 0.317343 0.292896 0.500000 0.346449 0.500000 
0.500000 0.440679 0.500000 0.500000 0.317343 0.292896 0.500000 0.346449 0.500000 
0.500000 0.440679 0.500000 0.500000 0.317343 0.292896 0.500000 0.346449 0.500000 
0.500000 0.440679 0.500000 0.500000 0.317343 0.292896 0.500000 0.346449 0.500000 
0.500000 0.440679 0.500000 0.500000 0.317343 0.292896 0.500000 0.346449 0.500000 
0.500000 0.440679 0.500000 0.500000 0.317343 0.292896 0.500000 0.346449 0.500000 
0.500000 0.440679 0.500000 0.500000 0.317343 0.292896 0.500000 0.346449 0.500000 
0.500000 0.440679 0.500000 0.500000 0.317343 0.292896 0.500000 0.346449 0.500000 
0.500000 0.440679 0.500000 0.500000 0.317343 0.292896 0.500000 0.346449 0.500000 
