0.500000 0.433167 0.500000 0.406720 0.389321 0.500000 0.433167 0.406720 0.500000 
0.500000 0.433167 0.500000 0.421478 0.420289 0.393370 0.500000 0.403881 0.500000 
0.500000 0.433167 0.381517 0.434981 0.431165 0.393370 0.500000 0.396448 0.500000 
0.500000 0.433167 0.387212 0.456282 0.421449 0.393370 0.405761 0.393848 0.500000 
0.500000 0.433167 0.388887 0.471438 0.412270 0.393370 0.404389 0.396170 0.500000 
0.500000 0.433167 0.388612 0.481763 0.404259 0.393370 0.403985 0.398368 0.500000 
0.500000 0.433167 0.387499 0.488560 0.397737 0.393370 0.404051 0.400289 0.500000 
0.500000 0.433167 0.386141 0.492918 0.392709 0.393370 0.404320 0.401856 0.500000 
0.500000 0.433167 0.384842 0.495659 0.388987 0.393370 0.404647 0.403065 0.500000 
0.500000 0.433167 0.383732 0.497358 0.386314 0.393370 0.404960 0.403961 0.500000 
0.500000 0.433167 0.382845 0.498400 0.384437 0.393370 0.405227 0.404605 0.500000 
0.500000 0.433167 0.382168 0.499035 0.383143 0.393370 0.405441 0.405057 0.500000 
0.500000 0.433167 0.381668 0.499419 0.382261 0.393370 0.405604 0.405369 0.500000 
0.500000 0.433167 0.381308 0.499651 0.381668 0.393370 0.405725 0.405582 0.500000 
0.500000 0.433167 0.381054 0.499790 0.381272 0.393370 0.405811 0.405725 0.500000 
0.500000 0.433167 0.380878 0.499874 0.381009 0.393370 0.405873 0.405820 0.500000 
0.500000 0.433167 0.380757 0.499925 0.380836 0.393370 0.405915 0.405884 0.500000 
0.500000 0.433167 0.380675 0.499955 0.380722 0.393370 0.405944 0.405925 0.500000 
0.500000 0.433167 0.380620 0.499973 0.380648 0.393370 0.405964 0.405953 0.500000 
0.500000 0.433167 0.380583 0.499984 0.380600 0.393370 0.405977 0.405971 0.500000 
0.500000 0.433167 0.380558 0.499990 0.380569 0.393370 0.405986 0.405982 0.500000 
0.500000 0.433167 0.380542 0.499994 0.380548 0.393370 0.405992 0.405990 0.500000 
0.500000 0.433167 0.380532 0.499997 0.380535 0.393370 0.405996 0.405995 0.500000 
0.500000 0.433167 0.380525 0.499998 0.380527 0.393370 0.405999 0.405998 0.500000 
0.500000 0.433167 0.380520 0.499999 0.380521 0.393370 0.406000 0.406000 0.500000 
0.500000 0.433167 0.380517 0.499999 0.380518 0.393370 0.406001 0.406001 0.500000 
0.500000 0.433167 0.380515 0.500000 0.380516 0.393370 0.406002 0.406002 0.500000 
0.500000 0.433167 0.380514 0.500000 0.380514 0.393370 0.406003 0.406002 0.500000 
0.500000 0.433167 0.380513 0.500000 0.380513 0.393370 0.406003 0.406003 0.500000 
0.500000 0.433167 0.380513 0.500000 0.380513 0.393370 0.406003 0.406003 0.500000 
0.500000 0.433167 0.380512 0.500000 0.380513 0.393370 0.406003 0.406003 0.500000 
0.500000 0.433167 0.380512 0.500000 0.380512 0.393370 0.406003 0.406003 0.500000 
0.500000 0.433167 0.380512 0.500000 0.380512 0.393370 0.406003 0.406003 0.500000 
0.500000 0.433167 0.380512 0.500000 0.380512 0.393370 0.406003 0.406003 0.500000 
0.500000 0.433167 0.380512 0.500000 0.380512 0.393370 0.406003 0.406003 0.500000 
0.500000 0.433167 0.380512 0.500000 0.380512 0.393370 0.406003 0.406003 0.500000 
0.500000 0.433167 0.380512 0.500000 0.380512 0.393370 0.406003 0.406003 0.500000 
0.500000 0.433167 0.380512 0.500000 0.380512 0.393370 0.406003 0.406003 0.500000 
0.500000 0.433167 0.380512 0.500000 0.380512 0.393370 0.406003 0.406003 0.500000 
0.500000 0.433167 0.380512 0.500000 0.380512 0.393370 0.406003 0.406003 0.500000 
0.500000 0.433167 0.380512 0.500000 0.380512 0.393370 0.406003 0.406003 0.500000 
0.500000 0.433167 0.380512 0.500000 0.380512 0.393370 0.406003 0.406003 0.500000 
0.500000 0.433167 0.380512 0.500000 0.380512 0.393370 0.406003 0.406003 0.500000 
0.500000 0.433167 0.380512 0.500000 0.380512 0.393370 0.406003 0.406003 0.500000 
0.500000 0.433167 0.380512 0.500000 0.380512 0.393370 0.406003 0.406003 0.500000 
0.500000 0.433167 0.380512 0.500000 0.380512 0.393370 0.406003 0.406003 0.500000 
0.500000 0.433167 0.380512 0.500000 0.380512 0.393370 0.406003 0.406003 0.500000 
0.500000 0.433167 0.380512 0.500000 0.380512 0.393370 0.406003 0.406003 0.500000 
0.500000 0.433167 0.380512 0.500000 0.380512 0.393370 0.406003 0.406003 0.500000 
0.500000 0.433167 0.380512 0.500000 0.380512 0.393370 0.406003 0.406003 0.500000 
0.500000 0.433167 0.380512 0.500000 0.380512 0.393370 0.406003 0.406003 0.500000 
0.500000 0.433167 0.380512 0.500000 0.380512 0.393370 0.406003 0.406003 0.500000 
0.500000 0.433167 0.380512 0.500000 0.380512 0.393370 0.406003 0.406003 0.500000 
0.500000 0.433167 0.380512 0.500000 0.380512 0.393370 0.406003 0.406003 0.500000 
0.500000 0.433167 0.380512 0.500000 0.380512 0.393370 0.406003 0.406003 0.500000 
0.500000 0.433167 0.380512 0.500000 0.380512 0.393370 0.406003 0.406003 0.500000 
0.500000 0.433167 0.380512 0.500000 0.380512 0.393370 0.406003 0.406003 0.500000 
0.500000 0.433167 0.380512 0.500000 0.380512 0.393370 0.406003 0.406003 0.500000 
0.500000 0.433167 0.380512 0.500000 0.380512 0.393370 0.406003 0.406003 0.500000 
0.500000 0.433167 0.380512 0.500000 0.380512 0.393370 0.406003 0.406003 0.500000 
0.500000 0.433167 0.380512 0.500000 0.380512 0.393370 0.406003 0.406003 0.500000 
0.500000 0.433167 0.380512 0.500000 0.380512 0.393370 0.406003 0.406003 0.500000 
0.500000 0.433167 0.380512 0.500000 0.380512 0.393370 0.406003 0.406003 0.500000 
0.500000 0.433167 0.380512 0.500000 0.380512 0.393370 0.406003 0.406003 0.500000 
0.500000 0.433167 0.380512 0.500000 0.380512 0.393370 0.406003 0.406003 0.500000 
0.500000 0.433167 0.380512 0.500000 0.380512 0.393370 0.406003 0.406003 0.500000 
0.500000 0.433167 0.380512 0.500000 0.380512 0.393370 0.406003 0.406003 0.500000 
0.500000 0.433167 0.380512 0.500000 0.380512 0.393370 0.406003 0.406003 0.500000 
0.500000 0.433167 0.380512 0.500000 0.380512 0.393370 0.406003 0.406003 0.500000 
0.500000 0.433167 0.380512 0.500000 0.380512 0.393370 0.406003 0.406003 0.500000 
0.500000 0.433167 0.380512 0.500000 0.380512 0.393370 0.406003 0.406003 0.500000 
0.500000 0.433167 0.380512 0.500000 0.380512 0.393370 0.406003 0.406003 0.500000 
0.500000 0.433167 0.380512 0.500000 0.380512 0.393370 0.406003 0.406003 0.500000 
0.500000 0.433167 0.380512 0.500000 0.380512 0.393370 0.406003 0.406003 0.500000 
0.500000 0.433167 0.380512 0.500000 0.380512 0.393370 0.406003 0.406003 0.500000 
0.500000 0.433167 0.380512 0.500000 0.380512 0.393370 0.406003 0.406003 0.500000 
0.500000 0.433167 0.380512 0.500000 0.380512 0.393370 0.406003 0.406003 0.500000 
0.500000 0.433167 0.380512 0.500000 0.380512 0.393370 0.406003 0.406003 0.500000 
0.500000 0.433167 0.380512 0.500000 0.380512 0.393370 0.406003 0.406003 0.500000 
0.500000 0.433167 0.380512 0.500000 0.380512 0.393370 0.406003 0.406003 0.500000 
0.500000 0.433167 0.380512 0.500000 0.380512 0.393370 0.406003 0.406003 0.500000 
0.500000 0.433167 0.380512 0.500000 0.380512 0.393370 0.406003 0.406003 0.500000 
0.500000 0.433167 0.380512 0.500000 0.380512 0.393370 0.406003 0.406003 0.500000 
0.500000 0.433167 0.380512 0.500000 0.380512 0.393370 0.406003 0.406003 0.500000 
0.500000 0.433167 0.380512 0.500000 0.380512 0.393370 0.406003 0.406003 0.500000 
0.500000 0.433167 0.380512 0.500000 0.380512 0.393370 0.406003 0.406003 0.500000 
0.500000 0.433167 0.380512 0.500000 0.380512 0.393370 0.406003 0.406003 0.500000 
0.500000 0.433167 0.380512 0.500000 0.380512 0.393370 0.406003 0.406003 0.500000 
0.500000 0.433167 0.380512 0.500000 0.380512 0.393370 0.406003 0.406003 0.500000 
0.500000 0.433167 0.380512 0.500000 0.380512 0.393370 0.406003 0.406003 0.500000 
0.500000 0.433167 0.380512 0.500000 0.380512 0.393370 0.406003 0.406003 0.500000 
0.500000 0.433167 0.380512 0.500000 0.380512 0.393370 0.406003 0.406003 0.500000 
0.500000 0.433167 0.380512 0.500000 0.380512 0.393370 0.406003 0.406003 0.500000 
0.500000 0.433167 0.380512 0.500000 0.380512 0.393370 0.406003 0.406003 0.500000 
0.500000 0.433167 0.380512 0.500000 0.380512 0.393370 0.406003 0.406003 0.500000 
0.500000 0.433167 0.380512 0.500000 0.380512 0.393370 0.406003 0.406003 0.500000 
0.500000 0.433167 0.380512 0.500000 0.380512 0.393370 0.406003 0.406003 0.500000 
0.500000 0.433167 0.380512 0.500000 0.380512 0.393370 0.406003 0.406003 0.500000 
0.500000 0.433167 0.380512 0.500000 0.380512 0.393370 0.406003 0.406003 0.500000 
0.500000 0.433167 0.380512 0.500000 0.380512 0.393370 0.406003 0.406003 0.500000 
