0.440679 0.268941 0.268941 0.500000 0.500000 
0.440679 0.292886 0.364064 0.368680 0.500000 
0.440679 0.256696 0.422886 0.325606 0.323582 
0.440679 0.225202 0.463283 0.300321 0.342717 
0.440679 0.203595 0.484675 0.283622 0.354197 
0.440679 0.189538 0.493960 0.275010 0.361873 
0.440679 0.500000 0.497623 0.271323 0.365860 
0.440679 0.500000 0.495958 0.269877 0.367572 
0.440679 0.500000 0.493494 0.270534 0.368245 
0.440679 0.500000 0.490040 0.271508 0.367939 
0.440679 0.500000 0.485436 0.272876 0.367486 
0.440679 0.500000 0.479576 0.274707 0.366851 
0.440679 0.500000 0.472429 0.277048 0.366001 
0.440679 0.500000 0.464051 0.279920 0.364915 
0.440679 0.500000 0.454582 0.283310 0.363584 
0.440679 0.500000 0.444229 0.287171 0.362017 
0.440679 0.500000 0.433244 0.291428 0.360236 
0.440679 0.500000 0.421899 0.295985 0.358276 
0.440679 0.500000 0.410456 0.300735 0.356183 
0.440679 0.500000 0.399150 0.305570 0.354007 
0.440679 0.500000 0.388178 0.310389 0.351799 
0.440679 0.500000 0.377688 0.315106 0.349604 
0.440679 0.190541 0.367787 0.319651 0.347463 
0.440679 0.192971 0.453124 0.323973 0.345404 
0.440679 0.195365 0.483829 0.287768 0.343453 
0.440679 0.500000 0.493954 0.275348 0.359960 
0.440679 0.500000 0.490673 0.271325 0.365703 
0.440679 0.500000 0.486264 0.272625 0.367571 
0.440679 0.500000 0.480611 0.274377 0.366967 
0.440679 0.500000 0.473671 0.276634 0.366154 
0.440679 0.500000 0.465485 0.279420 0.365107 
0.440679 0.500000 0.456180 0.282728 0.363816 
0.440679 0.500000 0.445953 0.286517 0.362286 
0.440679 0.500000 0.435053 0.290717 0.360537 
0.440679 0.500000 0.423748 0.295232 0.358603 
0.440679 0.500000 0.412303 0.299959 0.356528 
0.440679 0.500000 0.400961 0.304787 0.354363 
0.440679 0.500000 0.389923 0.309615 0.352157 
0.440679 0.500000 0.379347 0.314353 0.349957 
0.440679 0.190148 0.369346 0.318930 0.347804 
0.440679 0.192580 0.453867 0.323290 0.345731 
0.440679 0.194982 0.484113 0.287464 0.343760 
0.440679 0.500000 0.494066 0.275234 0.360101 
0.440679 0.500000 0.490827 0.271281 0.365756 
0.440679 0.500000 0.486466 0.272564 0.367592 
0.440679 0.500000 0.480865 0.274296 0.366996 
0.440679 0.500000 0.473977 0.276532 0.366191 
0.440679 0.500000 0.465839 0.279297 0.365154 
0.440679 0.500000 0.456576 0.282584 0.363873 
0.440679 0.500000 0.446382 0.286355 0.362352 
0.440679 0.500000 0.435504 0.290540 0.360612 
0.440679 0.500000 0.424210 0.295045 0.358684 
0.440679 0.500000 0.412766 0.299764 0.356614 
0.440679 0.500000 0.401416 0.304590 0.354451 
0.440679 0.500000 0.390362 0.309420 0.352246 
0.440679 0.500000 0.379765 0.314164 0.350045 
0.440679 0.190050 0.369739 0.318748 0.347890 
0.440679 0.192482 0.454054 0.323118 0.345813 
0.440679 0.194886 0.484185 0.287387 0.343838 
0.440679 0.500000 0.494094 0.275206 0.360136 
0.440679 0.500000 0.490865 0.271270 0.365769 
0.440679 0.500000 0.486517 0.272548 0.367597 
0.440679 0.500000 0.480929 0.274276 0.367003 
0.440679 0.500000 0.474053 0.276506 0.366200 
0.440679 0.500000 0.465928 0.279266 0.365166 
0.440679 0.500000 0.456676 0.282548 0.363887 
0.440679 0.500000 0.446490 0.286315 0.362369 
0.440679 0.500000 0.435618 0.290495 0.360630 
0.440679 0.500000 0.424326 0.294997 0.358705 
0.440679 0.500000 0.412883 0.299716 0.356636 
0.440679 0.500000 0.401530 0.304541 0.354474 
0.440679 0.500000 0.390473 0.309371 0.352269 
0.440679 0.500000 0.379871 0.314116 0.350068 
0.440679 0.190025 0.369838 0.318702 0.347912 
0.440679 0.192458 0.454101 0.323075 0.345833 
0.440679 0.194862 0.484202 0.287368 0.343858 
0.440679 0.500000 0.494101 0.275199 0.360145 
0.440679 0.500000 0.490875 0.271267 0.365772 
0.440679 0.500000 0.486530 0.272545 0.367598 
0.440679 0.500000 0.480945 0.274271 0.367004 
0.440679 0.500000 0.474073 0.276500 0.366203 
0.440679 0.500000 0.465951 0.279258 0.365169 
0.440679 0.500000 0.456701 0.282539 0.363891 
0.440679 0.500000 0.446518 0.286304 0.362373 
0.440679 0.500000 0.435646 0.290484 0.360635 
0.440679 0.500000 0.424356 0.294985 0.358710 
0.440679 0.500000 0.412912 0.299703 0.356642 
0.440679 0.500000 0.401559 0.304529 0.354479 
0.440679 0.500000 0.390501 0.309359 0.352274 
0.440679 0.500000 0.379897 0.314104 0.350073 
0.440679 0.190019 0.369863 0.318691 0.347917 
0.440679 0.192451 0.454113 0.323064 0.345839 
0.440679 0.194856 0.484207 0.287363 0.343863 
0.440679 0.500000 0.494102 0.275197 0.360147 
0.440679 0.500000 0.490878 0.271267 0.365773 
0.440679 0.500000 0.486533 0.272544 0.367598 
0.440679 0.500000 0.480949 0.274270 0.367005 
0.440679 0.500000 0.474078 0.276498 0.366203 
0.440679 0.500000 0.465956 0.279256 0.365169 
0.440679 0.500000 0.456707 0.282537 0.363892 
