0.500000 0.268941 0.268941 0.500000 0.500000 
0.500000 0.349770 0.208107 0.368680 0.500000 
0.500000 0.399182 0.218466 0.397423 0.323582 
0.500000 0.435845 0.231581 0.392472 0.311129 
0.500000 0.455728 0.254059 0.386236 0.313255 
0.500000 0.465065 0.281155 0.375635 0.315945 
0.500000 0.467744 0.310148 0.363013 0.320545 
0.500000 0.465330 0.338404 0.349714 0.326067 
0.500000 0.457581 0.363764 0.336974 0.331939 
0.500000 0.442918 0.384576 0.325737 0.337613 
0.440679 0.419055 0.399693 0.316663 0.342657 
0.500000 0.403789 0.408257 0.310157 0.346757 
0.500000 0.362602 0.413332 0.306504 0.349710 
0.500000 0.316426 0.409659 0.304351 0.351373 
0.500000 0.274087 0.396185 0.305908 0.352355 
0.500000 0.500000 0.371436 0.311660 0.351645 
0.500000 0.500000 0.406727 0.322377 0.349027 
0.500000 0.500000 0.427176 0.307155 0.344173 
0.500000 0.500000 0.443687 0.298521 0.351077 
0.500000 0.500000 0.455821 0.291652 0.355021 
0.440679 0.500000 0.464667 0.286664 0.358173 
0.500000 0.500000 0.471074 0.283060 0.360469 
0.500000 0.500000 0.475729 0.280467 0.362133 
0.500000 0.500000 0.479139 0.278592 0.363331 
0.500000 0.500000 0.481665 0.277223 0.364199 
0.500000 0.500000 0.483559 0.276212 0.364833 
0.500000 0.500000 0.484995 0.275456 0.365302 
0.500000 0.500000 0.486097 0.274882 0.365653 
0.500000 0.500000 0.486951 0.274443 0.365919 
0.500000 0.500000 0.487619 0.274103 0.366123 
0.440679 0.500000 0.488145 0.273838 0.366281 
0.500000 0.500000 0.488562 0.273629 0.366404 
0.500000 0.500000 0.488894 0.273463 0.366501 
0.500000 0.500000 0.489160 0.273331 0.366578 
0.500000 0.500000 0.489374 0.273225 0.366639 
0.500000 0.500000 0.489546 0.273140 0.366688 
0.500000 0.500000 0.489686 0.273072 0.366728 
0.500000 0.500000 0.489799 0.273016 0.366760 
0.500000 0.500000 0.489891 0.272972 0.366785 
0.500000 0.500000 0.489965 0.272935 0.366806 
0.440679 0.500000 0.490026 0.272906 0.366823 
0.500000 0.500000 0.490075 0.272881 0.366837 
0.500000 0.500000 0.490116 0.272862 0.366848 
0.500000 0.500000 0.490149 0.272846 0.366857 
0.500000 0.500000 0.490176 0.272833 0.366865 
0.500000 0.500000 0.490198 0.272822 0.366871 
0.500000 0.500000 0.490216 0.272813 0.366876 
0.500000 0.500000 0.490230 0.272806 0.366880 
0.500000 0.500000 0.490242 0.272800 0.366883 
0.500000 0.500000 0.490252 0.272796 0.366886 
0.440679 0.500000 0.490260 0.272792 0.366888 
0.500000 0.500000 0.490267 0.272789 0.366890 
0.500000 0.500000 0.490272 0.272786 0.366891 
0.500000 0.500000 0.490276 0.272784 0.366892 
0.500000 0.500000 0.490280 0.272782 0.366893 
0.500000 0.500000 0.490283 0.272781 0.366894 
0.500000 0.500000 0.490285 0.272779 0.366895 
0.500000 0.500000 0.490287 0.272779 0.366895 
0.500000 0.500000 0.490289 0.272778 0.366896 
0.500000 0.500000 0.490290 0.272777 0.366896 
0.440679 0.500000 0.490291 0.272777 0.366896 
0.500000 0.500000 0.490292 0.272776 0.366897 
0.500000 0.500000 0.490293 0.272776 0.366897 
0.500000 0.500000 0.490294 0.272776 0.366897 
0.500000 0.500000 0.490294 0.272775 0.366897 
0.500000 0.500000 0.490294 0.272775 0.366897 
0.500000 0.500000 0.490295 0.272775 0.366897 
0.500000 0.500000 0.490295 0.272775 0.366897 
0.500000 0.500000 0.490295 0.272775 0.366898 
0.500000 0.500000 0.490295 0.272775 0.366898 
0.440679 0.500000 0.490296 0.272775 0.366898 
0.500000 0.500000 0.490296 0.272774 0.366898 
0.500000 0.500000 0.490296 0.272774 0.366898 
0.500000 0.500000 0.490296 0.272774 0.366898 
0.500000 0.500000 0.490296 0.272774 0.366898 
0.500000 0.500000 0.490296 0.272774 0.366898 
0.500000 0.500000 0.490296 0.272774 0.366898 
0.500000 0.500000 0.490296 0.272774 0.366898 
0.500000 0.500000 0.490296 0.272774 0.366898 
0.500000 0.500000 0.490296 0.272774 0.366898 
0.440679 0.500000 0.490296 0.272774 0.366898 
0.500000 0.500000 0.490296 0.272774 0.366898 
0.500000 0.500000 0.490296 0.272774 0.366898 
0.500000 0.500000 0.490296 0.272774 0.366898 
0.500000 0.500000 0.490296 0.272774 0.366898 
0.500000 0.500000 0.490296 0.272774 0.366898 
0.500000 0.500000 0.490296 0.272774 0.366898 
0.500000 0.500000 0.490296 0.272774 0.366898 
0.500000 0.500000 0.490296 0.272774 0.366898 
0.500000 0.500000 0.490296 0.272774 0.366898 
0.440679 0.500000 0.490296 0.272774 0.366898 
0.500000 0.500000 0.490296 0.272774 0.366898 
0.500000 0.500000 0.490296 0.272774 0.366898 
0.500000 0.500000 0.490296 0.272774 0.366898 
0.500000 0.500000 0.490296 0.272774 0.366898 
0.500000 0.500000 0.490296 0.272774 0.366898 
0.500000 0.500000 0.490296 0.272774 0.366898 
0.500000 0.500000 0.490296 0.272774 0.366898 
0.500000 0.500000 0.490296 0.272774 0.366898 
0.500000 0.500000 0.490296 0.272774 0.366898 
0.500000 0.268941 0.268941 0.500000 0.500000 
0.500000 0.349770 0.208107 0.368680 0.500000 
0.500000 0.399182 0.218466 0.397423 0.323582 
0.500000 0.435845 0.231581 0.392472 0.311129 
0.500000 0.455728 0.254059 0.386236 0.313255 
0.500000 0.465065 0.281155 0.375635 0.315945 
0.500000 0.467744 0.310148 0.363013 0.320545 
0.500000 0.465330 0.338404 0.349714 0.326067 
0.500000 0.457581 0.363764 0.336974 0.331939 
0.500000 0.442918 0.384576 0.325737 0.337613 
0.440679 0.419055 0.399693 0.316663 0.342657 
0.500000 0.403789 0.408257 0.310157 0.346757 
0.500000 0.362602 0.413332 0.306504 0.349710 
0.500000 0.316426 0.409659 0.304351 0.351373 
0.500000 0.274087 0.396185 0.305908 0.352355 
0.500000 0.243253 0.371436 0.311660 0.351645 
0.500000 0.500000 0.336299 0.322377 0.349027 
0.500000 0.500000 0.379874 0.337915 0.344173 
0.500000 0.500000 0.405252 0.318701 0.337192 
0.500000 0.500000 0.427030 0.307783 0.345834 
0.440679 0.500000 0.443475 0.298582 0.350791 
0.500000 0.500000 0.455675 0.291740 0.354993 
0.500000 0.500000 0.464560 0.286724 0.358132 
0.500000 0.500000 0.470996 0.283103 0.360442 
0.500000 0.500000 0.475672 0.280498 0.362113 
0.500000 0.500000 0.479097 0.278614 0.363317 
0.500000 0.500000 0.481634 0.277240 0.364189 
0.500000 0.500000 0.483535 0.276224 0.364826 
0.500000 0.500000 0.484977 0.275465 0.365296 
0.500000 0.500000 0.486084 0.274890 0.365649 
0.440679 0.500000 0.486941 0.274449 0.365916 
0.500000 0.500000 0.487610 0.274108 0.366120 
0.500000 0.500000 0.488138 0.273841 0.366279 
0.500000 0.500000 0.488556 0.273631 0.366402 
0.500000 0.500000 0.488890 0.273465 0.366500 
0.500000 0.500000 0.489157 0.273333 0.366577 
0.500000 0.500000 0.489371 0.273227 0.366638 
0.500000 0.500000 0.489544 0.273141 0.366688 
0.500000 0.500000 0.489684 0.273073 0.366727 
0.500000 0.500000 0.489797 0.273017 0.366759 
0.440679 0.500000 0.489889 0.272972 0.366785 
0.500000 0.500000 0.489964 0.272936 0.366806 
0.500000 0.500000 0.490025 0.272906 0.366823 
0.500000 0.500000 0.490075 0.272882 0.366837 
0.500000 0.500000 0.490115 0.272862 0.366848 
0.500000 0.500000 0.490148 0.272846 0.366857 
0.500000 0.500000 0.490175 0.272833 0.366864 
0.500000 0.500000 0.490197 0.272822 0.366871 
0.500000 0.500000 0.490215 0.272813 0.366876 
0.500000 0.500000 0.490230 0.272806 0.366880 
0.440679 0.500000 0.490242 0.272800 0.366883 
0.500000 0.500000 0.490252 0.272796 0.366886 
0.500000 0.500000 0.490260 0.272792 0.366888 
0.500000 0.500000 0.490267 0.272789 0.366890 
0.500000 0.500000 0.490272 0.272786 0.366891 
0.500000 0.500000 0.490276 0.272784 0.366892 
0.500000 0.500000 0.490280 0.272782 0.366893 
0.500000 0.500000 0.490283 0.272781 0.366894 
0.500000 0.500000 0.490285 0.272780 0.366895 
0.500000 0.500000 0.490287 0.272779 0.366895 
0.440679 0.500000 0.490289 0.272778 0.366896 
0.500000 0.500000 0.490290 0.272777 0.366896 
0.500000 0.500000 0.490291 0.272777 0.366896 
0.500000 0.500000 0.490292 0.272776 0.366897 
0.500000 0.500000 0.490293 0.272776 0.366897 
0.500000 0.500000 0.490294 0.272776 0.366897 
0.500000 0.500000 0.490294 0.272775 0.366897 
0.500000 0.500000 0.490294 0.272775 0.366897 
0.500000 0.500000 0.490295 0.272775 0.366897 
0.500000 0.500000 0.490295 0.272775 0.366897 
0.440679 0.500000 0.490295 0.272775 0.366898 
0.500000 0.500000 0.490295 0.272775 0.366898 
0.500000 0.500000 0.490296 0.272775 0.366898 
0.500000 0.500000 0.490296 0.272774 0.366898 
0.500000 0.500000 0.490296 0.272774 0.366898 
0.500000 0.500000 0.490296 0.272774 0.366898 
0.500000 0.500000 0.490296 0.272774 0.366898 
0.500000 0.500000 0.490296 0.272774 0.366898 
0.500000 0.500000 0.490296 0.272774 0.366898 
0.500000 0.500000 0.490296 0.272774 0.366898 
0.440679 0.500000 0.490296 0.272774 0.366898 
0.500000 0.500000 0.490296 0.272774 0.366898 
0.500000 0.500000 0.490296 0.272774 0.366898 
0.500000 0.500000 0.490296 0.272774 0.366898 
0.500000 0.500000 0.490296 0.272774 0.366898 
0.500000 0.500000 0.490296 0.272774 0.366898 
0.500000 0.500000 0.490296 0.272774 0.366898 
0.500000 0.500000 0.490296 0.272774 0.366898 
0.500000 0.500000 0.490296 0.272774 0.366898 
0.500000 0.500000 0.490296 0.272774 0.366898 
0.440679 0.500000 0.490296 0.272774 0.366898 
0.500000 0.500000 0.490296 0.272774 0.366898 
0.500000 0.500000 0.490296 0.272774 0.366898 
0.500000 0.500000 0.490296 0.272774 0.366898 
0.500000 0.500000 0.490296 0.272774 0.366898 
0.500000 0.500000 0.490296 0.272774 0.366898 
0.500000 0.500000 0.490296 0.272774 0.366898 
0.500000 0.500000 0.490296 0.272774 0.366898 
0.500000 0.500000 0.490296 0.272774 0.366898 
0.500000 0.500000 0.490296 0.272774 0.366898 
0.500000 0.268941 0.268941 0.500000 0.500000 
0.500000 0.349770 0.208107 0.368680 0.500000 
0.500000 0.399182 0.218466 0.397423 0.323582 
0.500000 0.435845 0.231581 0.392472 0.311129 
0.500000 0.455728 0.254059 0.386236 0.313255 
0.500000 0.465065 0.281155 0.375635 0.315945 
0.500000 0.467744 0.310148 0.363013 0.320545 
0.500000 0.465330 0.338404 0.349714 0.326067 
0.500000 0.457581 0.363764 0.336974 0.331939 
0.500000 0.442918 0.384576 0.325737 0.337613 
0.440679 0.419055 0.399693 0.316663 0.342657 
0.500000 0.403789 0.408257 0.310157 0.346757 
0.500000 0.362602 0.413332 0.306504 0.349710 
0.500000 0.316426 0.409659 0.304351 0.351373 
0.500000 0.274087 0.396185 0.305908 0.352355 
0.500000 0.243253 0.371436 0.311660 0.351645 
0.500000 0.227094 0.336299 0.322377 0.349027 
0.500000 0.226703 0.295909 0.337915 0.344173 
0.500000 0.244252 0.258608 0.356218 0.337192 
0.500000 0.282366 0.231735 0.373504 0.329061 
0.440679 0.336561 0.218673 0.386163 0.321474 
0.500000 0.408773 0.219302 0.392373 0.315976 
0.500000 0.440851 0.236185 0.392074 0.313298 
0.500000 0.458170 0.259588 0.384056 0.313427 
0.500000 0.465886 0.287301 0.373045 0.316888 
0.500000 0.467444 0.316281 0.360175 0.321674 
0.500000 0.463969 0.344042 0.346930 0.327316 
0.500000 0.454909 0.368518 0.334459 0.333175 
0.500000 0.438471 0.388170 0.323653 0.338739 
0.500000 0.412396 0.401936 0.315109 0.343597 
0.440679 0.375873 0.408973 0.309198 0.347461 
0.500000 0.355721 0.408271 0.306200 0.350146 
0.500000 0.311316 0.404022 0.306498 0.351512 
0.500000 0.272295 0.389211 0.308308 0.351376 
0.500000 0.244718 0.363718 0.314660 0.350552 
0.500000 0.231503 0.328966 0.325758 0.347665 
0.500000 0.233984 0.290485 0.341204 0.342648 
0.500000 0.254426 0.256182 0.358709 0.335724 
0.500000 0.294330 0.232505 0.374640 0.327962 
0.500000 0.347102 0.222202 0.385798 0.320978 
0.440679 0.396578 0.224906 0.390692 0.316134 
0.500000 0.444006 0.238439 0.389406 0.314022 
0.500000 0.459573 0.263291 0.382990 0.314576 
0.500000 0.466348 0.291197 0.371314 0.317349 
0.500000 0.467203 0.320155 0.358382 0.322430 
0.500000 0.463038 0.347564 0.345177 0.328106 
0.500000 0.453103 0.371454 0.332893 0.333954 
0.500000 0.435483 0.390355 0.322368 0.339441 
0.500000 0.407978 0.403252 0.314167 0.344177 
0.500000 0.370194 0.409301 0.308636 0.347888 
0.440679 0.326159 0.407446 0.306060 0.350402 
0.500000 0.308442 0.396225 0.306849 0.351576 
0.500000 0.272505 0.381479 0.311643 0.351216 
0.500000 0.248428 0.355713 0.318004 0.349034 
0.500000 0.238160 0.322239 0.329284 0.346149 
0.500000 0.243389 0.286439 0.344235 0.341061 
0.500000 0.266160 0.255578 0.360573 0.334374 
0.500000 0.306528 0.235194 0.374923 0.327141 
0.500000 0.356396 0.227509 0.384525 0.320855 
0.500000 0.401096 0.231997 0.388169 0.316685 
0.440679 0.431829 0.246474 0.386039 0.315110 
0.500000 0.459115 0.267983 0.379199 0.316030 
0.500000 0.464971 0.296312 0.369127 0.318994 
0.500000 0.465126 0.324610 0.356033 0.323386 
0.500000 0.460071 0.351195 0.343165 0.329142 
0.500000 0.448914 0.374029 0.331282 0.334850 
0.500000 0.429698 0.391738 0.321245 0.340164 
0.500000 0.400507 0.403335 0.313571 0.344684 
0.500000 0.361703 0.407945 0.308600 0.348159 
0.500000 0.318173 0.404444 0.306637 0.350418 
0.440679 0.278205 0.391373 0.308127 0.351313 
0.500000 0.271752 0.367642 0.313728 0.350634 
0.500000 0.252912 0.342617 0.324036 0.348087 
0.500000 0.248238 0.310668 0.335094 0.343424 
0.500000 0.258678 0.279071 0.349478 0.338455 
0.500000 0.285629 0.253691 0.363977 0.332044 
0.500000 0.326541 0.238746 0.375807 0.325644 
0.500000 0.371594 0.235545 0.382844 0.320470 
0.500000 0.408963 0.243170 0.384358 0.317412 
0.500000 0.433692 0.259344 0.380756 0.316757 
0.440679 0.447303 0.281211 0.373159 0.318318 
0.500000 0.461979 0.305915 0.362987 0.321624 
0.500000 0.460410 0.333483 0.351642 0.326079 
0.500000 0.453344 0.358125 0.339177 0.331085 
0.500000 0.439469 0.378722 0.328219 0.336629 
0.500000 0.416934 0.393907 0.319201 0.341540 
0.500000 0.384650 0.402747 0.312638 0.345608 
0.500000 0.344638 0.404287 0.308851 0.348582 
0.500000 0.303153 0.397301 0.308195 0.350304 
0.500000 0.268078 0.380470 0.311182 0.350603 
0.440679 0.244881 0.353476 0.318442 0.349244 
0.500000 0.257752 0.318805 0.330273 0.345951 
0.500000 0.262882 0.290821 0.345787 0.340617 
0.500000 0.283623 0.265301 0.358555 0.333683 
0.500000 0.317873 0.248596 0.370376 0.328030 
0.500000 0.358820 0.242447 0.378201 0.322840 
0.500000 0.396004 0.246764 0.381097 0.319428 
0.500000 0.422830 0.259814 0.379063 0.318170 
0.500000 0.438847 0.279063 0.372939 0.319053 
0.500000 0.446247 0.301773 0.363981 0.321720 
0.500000 0.268941 0.268941 0.500000 0.500000 
0.500000 0.349770 0.208107 0.368680 0.500000 
0.500000 0.399182 0.218466 0.397423 0.323582 
0.500000 0.435845 0.231581 0.392472 0.311129 
0.500000 0.455728 0.254059 0.386236 0.313255 
0.500000 0.465065 0.281155 0.375635 0.315945 
0.500000 0.467744 0.310148 0.363013 0.320545 
0.500000 0.465330 0.338404 0.349714 0.326067 
0.500000 0.457581 0.363764 0.336974 0.331939 
0.500000 0.442918 0.384576 0.325737 0.337613 
0.440679 0.419055 0.399693 0.316663 0.342657 
0.500000 0.403789 0.408257 0.310157 0.346757 
0.500000 0.362602 0.413332 0.306504 0.349710 
0.500000 0.316426 0.409659 0.304351 0.351373 
0.500000 0.274087 0.396185 0.305908 0.352355 
0.500000 0.243253 0.371436 0.311660 0.351645 
0.500000 0.227094 0.336299 0.322377 0.349027 
0.500000 0.226703 0.295909 0.337915 0.344173 
0.500000 0.244252 0.258608 0.356218 0.337192 
0.500000 0.282366 0.231735 0.373504 0.329061 
0.440679 0.336561 0.218673 0.386163 0.321474 
0.500000 0.408773 0.219302 0.392373 0.315976 
0.500000 0.440851 0.236185 0.392074 0.313298 
0.500000 0.458170 0.259588 0.384056 0.313427 
0.500000 0.465886 0.287301 0.373045 0.316888 
0.500000 0.467444 0.316281 0.360175 0.321674 
0.500000 0.463969 0.344042 0.346930 0.327316 
0.500000 0.454909 0.368518 0.334459 0.333175 
0.500000 0.438471 0.388170 0.323653 0.338739 
0.500000 0.412396 0.401936 0.315109 0.343597 
0.440679 0.375873 0.408973 0.309198 0.347461 
0.500000 0.355721 0.408271 0.306200 0.350146 
0.500000 0.311316 0.404022 0.306498 0.351512 
0.500000 0.272295 0.389211 0.308308 0.351376 
0.500000 0.244718 0.363718 0.314660 0.350552 
0.500000 0.231503 0.328966 0.325758 0.347665 
0.500000 0.233984 0.290485 0.341204 0.342648 
0.500000 0.254426 0.256182 0.358709 0.335724 
0.500000 0.294330 0.232505 0.374640 0.327962 
0.500000 0.347102 0.222202 0.385798 0.320978 
0.440679 0.396578 0.224906 0.390692 0.316134 
0.500000 0.444006 0.238439 0.389406 0.314022 
0.500000 0.459573 0.263291 0.382990 0.314576 
0.500000 0.466348 0.291197 0.371314 0.317349 
0.500000 0.467203 0.320155 0.358382 0.322430 
0.500000 0.463038 0.347564 0.345177 0.328106 
0.500000 0.453103 0.371454 0.332893 0.333954 
0.500000 0.435483 0.390355 0.322368 0.339441 
0.500000 0.407978 0.403252 0.314167 0.344177 
0.500000 0.370194 0.409301 0.308636 0.347888 
0.440679 0.326159 0.407446 0.306060 0.350402 
0.500000 0.308442 0.396225 0.306849 0.351576 
0.500000 0.272505 0.381479 0.311643 0.351216 
0.500000 0.248428 0.355713 0.318004 0.349034 
0.500000 0.238160 0.322239 0.329284 0.346149 
0.500000 0.243389 0.286439 0.344235 0.341061 
0.500000 0.266160 0.255578 0.360573 0.334374 
0.500000 0.306528 0.235194 0.374923 0.327141 
0.500000 0.356396 0.227509 0.384525 0.320855 
0.500000 0.401096 0.231997 0.388169 0.316685 
0.440679 0.431829 0.246474 0.386039 0.315110 
0.500000 0.459115 0.267983 0.379199 0.316030 
0.500000 0.464971 0.296312 0.369127 0.318994 
0.500000 0.465126 0.324610 0.356033 0.323386 
0.500000 0.460071 0.351195 0.343165 0.329142 
0.500000 0.448914 0.374029 0.331282 0.334850 
0.500000 0.429698 0.391738 0.321245 0.340164 
0.500000 0.400507 0.403335 0.313571 0.344684 
0.500000 0.361703 0.407945 0.308600 0.348159 
0.500000 0.318173 0.404444 0.306637 0.350418 
0.440679 0.278205 0.391373 0.308127 0.351313 
0.500000 0.271752 0.367642 0.313728 0.350634 
0.500000 0.252912 0.342617 0.324036 0.348087 
0.500000 0.248238 0.310668 0.335094 0.343424 
0.500000 0.258678 0.279071 0.349478 0.338455 
0.500000 0.285629 0.253691 0.363977 0.332044 
0.500000 0.326541 0.238746 0.375807 0.325644 
0.500000 0.371594 0.235545 0.382844 0.320470 
0.500000 0.408963 0.243170 0.384358 0.317412 
0.500000 0.433692 0.259344 0.380756 0.316757 
0.440679 0.447303 0.281211 0.373159 0.318318 
0.500000 0.461979 0.305915 0.362987 0.321624 
0.500000 0.460410 0.333483 0.351642 0.326079 
0.500000 0.453344 0.358125 0.339177 0.331085 
0.500000 0.439469 0.378722 0.328219 0.336629 
0.500000 0.416934 0.393907 0.319201 0.341540 
0.500000 0.384650 0.402747 0.312638 0.345608 
0.500000 0.344638 0.404287 0.308851 0.348582 
0.500000 0.303153 0.397301 0.308195 0.350304 
0.500000 0.268078 0.380470 0.311182 0.350603 
0.440679 0.244881 0.353476 0.318442 0.349244 
0.500000 0.257752 0.318805 0.330273 0.345951 
0.500000 0.262882 0.290821 0.345787 0.340617 
0.500000 0.283623 0.265301 0.358555 0.333683 
0.500000 0.317873 0.248596 0.370376 0.328030 
0.500000 0.358820 0.242447 0.378201 0.322840 
0.500000 0.396004 0.246764 0.381097 0.319428 
0.500000 0.422830 0.259814 0.379063 0.318170 
0.500000 0.438847 0.279063 0.372939 0.319053 
0.500000 0.446247 0.301773 0.363981 0.321720 
0.500000 0.268941 0.268941 0.500000 0.500000 
0.500000 0.349770 0.500000 0.368680 0.500000 
0.500000 0.298143 0.500000 0.500000 0.323582 
0.500000 0.295177 0.500000 0.500000 0.500000 
0.500000 0.292513 0.500000 0.500000 0.500000 
0.500000 0.290121 0.500000 0.500000 0.500000 
0.500000 0.287973 0.500000 0.500000 0.500000 
0.500000 0.286044 0.500000 0.500000 0.500000 
0.500000 0.284312 0.500000 0.500000 0.500000 
0.500000 0.282756 0.500000 0.500000 0.500000 
0.440679 0.281359 0.500000 0.500000 0.500000 
0.500000 0.304395 0.500000 0.500000 0.500000 
0.500000 0.300796 0.500000 0.500000 0.500000 
0.500000 0.297561 0.500000 0.500000 0.500000 
0.500000 0.294655 0.500000 0.500000 0.500000 
0.500000 0.292044 0.500000 0.500000 0.500000 
0.500000 0.289700 0.500000 0.500000 0.500000 
0.500000 0.287594 0.500000 0.500000 0.500000 
0.500000 0.285704 0.500000 0.500000 0.500000 
0.500000 0.284007 0.500000 0.500000 0.500000 
0.440679 0.282482 0.500000 0.500000 0.500000 
0.500000 0.305425 0.500000 0.500000 0.500000 
0.500000 0.301722 0.500000 0.500000 0.500000 
0.500000 0.298393 0.500000 0.500000 0.500000 
0.500000 0.295402 0.500000 0.500000 0.500000 
0.500000 0.292715 0.500000 0.500000 0.500000 
0.500000 0.290302 0.500000 0.500000 0.500000 
0.500000 0.288136 0.500000 0.500000 0.500000 
0.500000 0.286190 0.500000 0.500000 0.500000 
0.500000 0.284443 0.500000 0.500000 0.500000 
0.440679 0.282874 0.500000 0.500000 0.500000 
0.500000 0.305784 0.500000 0.500000 0.500000 
0.500000 0.302045 0.500000 0.500000 0.500000 
0.500000 0.298684 0.500000 0.500000 0.500000 
0.500000 0.295663 0.500000 0.500000 0.500000 
0.500000 0.292950 0.500000 0.500000 0.500000 
0.500000 0.290513 0.500000 0.500000 0.500000 
0.500000 0.288324 0.500000 0.500000 0.500000 
0.500000 0.286360 0.500000 0.500000 0.500000 
0.500000 0.284595 0.500000 0.500000 0.500000 
0.440679 0.283011 0.500000 0.500000 0.500000 
0.500000 0.305909 0.500000 0.500000 0.500000 
0.500000 0.302158 0.500000 0.500000 0.500000 
0.500000 0.298785 0.500000 0.500000 0.500000 
0.500000 0.295754 0.500000 0.500000 0.500000 
0.500000 0.293031 0.500000 0.500000 0.500000 
0.500000 0.290586 0.500000 0.500000 0.500000 
0.500000 0.288390 0.500000 0.500000 0.500000 
0.500000 0.286419 0.500000 0.500000 0.500000 
0.500000 0.284648 0.500000 0.500000 0.500000 
0.440679 0.283059 0.500000 0.500000 0.500000 
0.500000 0.305953 0.500000 0.500000 0.500000 
0.500000 0.302197 0.500000 0.500000 0.500000 
0.500000 0.298820 0.500000 0.500000 0.500000 
0.500000 0.295786 0.500000 0.500000 0.500000 
0.500000 0.293060 0.500000 0.500000 0.500000 
0.500000 0.290612 0.500000 0.500000 0.500000 
0.500000 0.288413 0.500000 0.500000 0.500000 
0.500000 0.286439 0.500000 0.500000 0.500000 
0.500000 0.284667 0.500000 0.500000 0.500000 
0.440679 0.283075 0.500000 0.500000 0.500000 
0.500000 0.305968 0.500000 0.500000 0.500000 
0.500000 0.302211 0.500000 0.500000 0.500000 
0.500000 0.298832 0.500000 0.500000 0.500000 
0.500000 0.295797 0.500000 0.500000 0.500000 
0.500000 0.293070 0.500000 0.500000 0.500000 
0.500000 0.290621 0.500000 0.500000 0.500000 
0.500000 0.288421 0.500000 0.500000 0.500000 
0.500000 0.286447 0.500000 0.500000 0.500000 
0.500000 0.284673 0.500000 0.500000 0.500000 
0.440679 0.283081 0.500000 0.500000 0.500000 
0.500000 0.305973 0.500000 0.500000 0.500000 
0.500000 0.302215 0.500000 0.500000 0.500000 
0.500000 0.298837 0.500000 0.500000 0.500000 
0.500000 0.295800 0.500000 0.500000 0.500000 
0.500000 0.293073 0.500000 0.500000 0.500000 
0.500000 0.290624 0.500000 0.500000 0.500000 
0.500000 0.288424 0.500000 0.500000 0.500000 
0.500000 0.286449 0.500000 0.500000 0.500000 
0.500000 0.284676 0.500000 0.500000 0.500000 
0.440679 0.283083 0.500000 0.500000 0.500000 
0.500000 0.305975 0.500000 0.500000 0.500000 
0.500000 0.302217 0.500000 0.500000 0.500000 
0.500000 0.298838 0.500000 0.500000 0.500000 
0.500000 0.295802 0.500000 0.500000 0.500000 
0.500000 0.293074 0.500000 0.500000 0.500000 
0.500000 0.290625 0.500000 0.500000 0.500000 
0.500000 0.288425 0.500000 0.500000 0.500000 
0.500000 0.286450 0.500000 0.500000 0.500000 
0.500000 0.284676 0.500000 0.500000 0.500000 
0.440679 0.283084 0.500000 0.500000 0.500000 
0.500000 0.305976 0.500000 0.500000 0.500000 
0.500000 0.302218 0.500000 0.500000 0.500000 
0.500000 0.298839 0.500000 0.500000 0.500000 
0.500000 0.295802 0.500000 0.500000 0.500000 
0.500000 0.293075 0.500000 0.500000 0.500000 
0.500000 0.290625 0.500000 0.500000 0.500000 
0.500000 0.288425 0.500000 0.500000 0.500000 
0.500000 0.286450 0.500000 0.500000 0.500000 
0.500000 0.284677 0.500000 0.500000 0.500000 
0.500000 0.268941 0.268941 0.500000 0.500000 
0.500000 0.349770 0.208107 0.368680 0.500000 
0.500000 0.399182 0.218466 0.397423 0.323582 
0.500000 0.435845 0.231581 0.392472 0.311129 
0.500000 0.455728 0.254059 0.386236 0.313255 
0.500000 0.465065 0.281155 0.375635 0.315945 
0.500000 0.467744 0.310148 0.363013 0.320545 
0.500000 0.465330 0.338404 0.349714 0.326067 
0.500000 0.457581 0.363764 0.336974 0.331939 
0.500000 0.442918 0.384576 0.325737 0.337613 
0.440679 0.419055 0.399693 0.316663 0.342657 
0.500000 0.403789 0.408257 0.310157 0.346757 
0.500000 0.362602 0.413332 0.306504 0.349710 
0.500000 0.316426 0.409659 0.304351 0.351373 
0.500000 0.274087 0.396185 0.305908 0.352355 
0.500000 0.243253 0.371436 0.311660 0.351645 
0.500000 0.227094 0.336299 0.322377 0.349027 
0.500000 0.226703 0.295909 0.337915 0.344173 
0.500000 0.244252 0.258608 0.356218 0.337192 
0.500000 0.282366 0.231735 0.373504 0.329061 
0.440679 0.336561 0.218673 0.386163 0.321474 
0.500000 0.408773 0.219302 0.392373 0.315976 
0.500000 0.440851 0.236185 0.392074 0.313298 
0.500000 0.458170 0.259588 0.384056 0.313427 
0.500000 0.465886 0.287301 0.373045 0.316888 
0.500000 0.467444 0.316281 0.360175 0.321674 
0.500000 0.463969 0.344042 0.346930 0.327316 
0.500000 0.454909 0.368518 0.334459 0.333175 
0.500000 0.438471 0.388170 0.323653 0.338739 
0.500000 0.412396 0.401936 0.315109 0.343597 
0.440679 0.375873 0.408973 0.309198 0.347461 
0.500000 0.355721 0.408271 0.306200 0.350146 
0.500000 0.311316 0.404022 0.306498 0.351512 
0.500000 0.272295 0.389211 0.308308 0.351376 
0.500000 0.244718 0.363718 0.314660 0.350552 
0.500000 0.231503 0.328966 0.325758 0.347665 
0.500000 0.233984 0.290485 0.341204 0.342648 
0.500000 0.254426 0.256182 0.358709 0.335724 
0.500000 0.294330 0.232505 0.374640 0.327962 
0.500000 0.347102 0.222202 0.385798 0.320978 
0.440679 0.396578 0.224906 0.390692 0.316134 
0.500000 0.444006 0.238439 0.389406 0.314022 
0.500000 0.459573 0.263291 0.382990 0.314576 
0.500000 0.466348 0.291197 0.371314 0.317349 
0.500000 0.467203 0.320155 0.358382 0.322430 
0.500000 0.463038 0.347564 0.345177 0.328106 
0.500000 0.453103 0.371454 0.332893 0.333954 
0.500000 0.435483 0.390355 0.322368 0.339441 
0.500000 0.407978 0.403252 0.314167 0.344177 
0.500000 0.370194 0.409301 0.308636 0.347888 
0.440679 0.326159 0.407446 0.306060 0.350402 
0.500000 0.308442 0.396225 0.306849 0.351576 
0.500000 0.272505 0.381479 0.311643 0.351216 
0.500000 0.248428 0.355713 0.318004 0.349034 
0.500000 0.238160 0.322239 0.329284 0.346149 
0.500000 0.243389 0.286439 0.344235 0.341061 
0.500000 0.266160 0.255578 0.360573 0.334374 
0.500000 0.306528 0.235194 0.374923 0.327141 
0.500000 0.356396 0.227509 0.384525 0.320855 
0.500000 0.401096 0.231997 0.388169 0.316685 
0.440679 0.431829 0.246474 0.386039 0.315110 
0.500000 0.459115 0.267983 0.379199 0.316030 
0.500000 0.464971 0.296312 0.369127 0.318994 
0.500000 0.465126 0.324610 0.356033 0.323386 
0.500000 0.460071 0.351195 0.343165 0.329142 
0.500000 0.448914 0.374029 0.331282 0.334850 
0.500000 0.429698 0.391738 0.321245 0.340164 
0.500000 0.400507 0.403335 0.313571 0.344684 
0.500000 0.361703 0.407945 0.308600 0.348159 
0.500000 0.318173 0.404444 0.306637 0.350418 
0.440679 0.278205 0.391373 0.308127 0.351313 
0.500000 0.271752 0.367642 0.313728 0.350634 
0.500000 0.252912 0.342617 0.324036 0.348087 
0.500000 0.248238 0.310668 0.335094 0.343424 
0.500000 0.258678 0.279071 0.349478 0.338455 
0.500000 0.285629 0.253691 0.363977 0.332044 
0.500000 0.326541 0.238746 0.375807 0.325644 
0.500000 0.371594 0.235545 0.382844 0.320470 
0.500000 0.408963 0.243170 0.384358 0.317412 
0.500000 0.433692 0.259344 0.380756 0.316757 
0.440679 0.447303 0.281211 0.373159 0.318318 
0.500000 0.461979 0.305915 0.362987 0.321624 
0.500000 0.460410 0.333483 0.351642 0.326079 
0.500000 0.453344 0.358125 0.339177 0.331085 
0.500000 0.439469 0.378722 0.328219 0.336629 
0.500000 0.416934 0.393907 0.319201 0.341540 
0.500000 0.384650 0.402747 0.312638 0.345608 
0.500000 0.344638 0.404287 0.308851 0.348582 
0.500000 0.303153 0.397301 0.308195 0.350304 
0.500000 0.268078 0.380470 0.311182 0.350603 
0.440679 0.244881 0.353476 0.318442 0.349244 
0.500000 0.257752 0.318805 0.330273 0.345951 
0.500000 0.262882 0.290821 0.345787 0.340617 
0.500000 0.283623 0.265301 0.358555 0.333683 
0.500000 0.317873 0.248596 0.370376 0.328030 
0.500000 0.358820 0.242447 0.378201 0.322840 
0.500000 0.396004 0.246764 0.381097 0.319428 
0.500000 0.422830 0.259814 0.379063 0.318170 
0.500000 0.438847 0.279063 0.372939 0.319053 
0.500000 0.446247 0.301773 0.363981 0.321720 
0.500000 0.268941 0.268941 0.500000 0.500000 
0.500000 0.349770 0.208107 0.368680 0.500000 
0.500000 0.399182 0.218466 0.397423 0.323582 
0.500000 0.435845 0.231581 0.392472 0.311129 
0.500000 0.455728 0.254059 0.386236 0.313255 
0.500000 0.465065 0.281155 0.375635 0.315945 
0.500000 0.467744 0.310148 0.363013 0.320545 
0.500000 0.465330 0.338404 0.349714 0.326067 
0.500000 0.457581 0.363764 0.336974 0.331939 
0.500000 0.442918 0.384576 0.325737 0.337613 
0.440679 0.419055 0.399693 0.316663 0.342657 
0.500000 0.403789 0.408257 0.310157 0.346757 
0.500000 0.362602 0.413332 0.306504 0.349710 
0.500000 0.316426 0.409659 0.304351 0.351373 
0.500000 0.274087 0.396185 0.305908 0.352355 
0.500000 0.243253 0.371436 0.311660 0.351645 
0.500000 0.227094 0.336299 0.322377 0.349027 
0.500000 0.226703 0.295909 0.337915 0.344173 
0.500000 0.244252 0.258608 0.356218 0.337192 
0.500000 0.282366 0.231735 0.373504 0.329061 
0.440679 0.336561 0.218673 0.386163 0.321474 
0.500000 0.408773 0.219302 0.392373 0.315976 
0.500000 0.440851 0.236185 0.392074 0.313298 
0.500000 0.458170 0.259588 0.384056 0.313427 
0.500000 0.465886 0.287301 0.373045 0.316888 
0.500000 0.467444 0.316281 0.360175 0.321674 
0.500000 0.463969 0.344042 0.346930 0.327316 
0.500000 0.454909 0.368518 0.334459 0.333175 
0.500000 0.438471 0.388170 0.323653 0.338739 
0.500000 0.412396 0.401936 0.315109 0.343597 
0.440679 0.375873 0.408973 0.309198 0.347461 
0.500000 0.355721 0.408271 0.306200 0.350146 
0.500000 0.311316 0.404022 0.306498 0.351512 
0.500000 0.272295 0.389211 0.308308 0.351376 
0.500000 0.244718 0.363718 0.314660 0.350552 
0.500000 0.231503 0.328966 0.325758 0.347665 
0.500000 0.233984 0.290485 0.341204 0.342648 
0.500000 0.254426 0.256182 0.358709 0.335724 
0.500000 0.294330 0.232505 0.374640 0.327962 
0.500000 0.347102 0.222202 0.385798 0.320978 
0.440679 0.396578 0.224906 0.390692 0.316134 
0.500000 0.444006 0.238439 0.389406 0.314022 
0.500000 0.459573 0.263291 0.382990 0.314576 
0.500000 0.466348 0.291197 0.371314 0.317349 
0.500000 0.467203 0.320155 0.358382 0.322430 
0.500000 0.463038 0.347564 0.345177 0.328106 
0.500000 0.453103 0.371454 0.332893 0.333954 
0.500000 0.435483 0.390355 0.322368 0.339441 
0.500000 0.407978 0.403252 0.314167 0.344177 
0.500000 0.370194 0.409301 0.308636 0.347888 
0.440679 0.326159 0.407446 0.306060 0.350402 
0.500000 0.308442 0.396225 0.306849 0.351576 
0.500000 0.272505 0.381479 0.311643 0.351216 
0.500000 0.248428 0.355713 0.318004 0.349034 
0.500000 0.238160 0.322239 0.329284 0.346149 
0.500000 0.243389 0.286439 0.344235 0.341061 
0.500000 0.266160 0.255578 0.360573 0.334374 
0.500000 0.306528 0.235194 0.374923 0.327141 
0.500000 0.356396 0.227509 0.384525 0.320855 
0.500000 0.401096 0.231997 0.388169 0.316685 
0.440679 0.431829 0.246474 0.386039 0.315110 
0.500000 0.459115 0.267983 0.379199 0.316030 
0.500000 0.464971 0.296312 0.369127 0.318994 
0.500000 0.465126 0.324610 0.356033 0.323386 
0.500000 0.460071 0.351195 0.343165 0.329142 
0.500000 0.448914 0.374029 0.331282 0.334850 
0.500000 0.429698 0.391738 0.321245 0.340164 
0.500000 0.400507 0.403335 0.313571 0.344684 
0.500000 0.361703 0.407945 0.308600 0.348159 
0.500000 0.318173 0.404444 0.306637 0.350418 
0.440679 0.278205 0.391373 0.308127 0.351313 
0.500000 0.271752 0.367642 0.313728 0.350634 
0.500000 0.252912 0.342617 0.324036 0.348087 
0.500000 0.248238 0.310668 0.335094 0.343424 
0.500000 0.258678 0.279071 0.349478 0.338455 
0.500000 0.285629 0.253691 0.363977 0.332044 
0.500000 0.326541 0.238746 0.375807 0.325644 
0.500000 0.371594 0.235545 0.382844 0.320470 
0.500000 0.408963 0.243170 0.384358 0.317412 
0.500000 0.433692 0.259344 0.380756 0.316757 
0.440679 0.447303 0.281211 0.373159 0.318318 
0.500000 0.461979 0.305915 0.362987 0.321624 
0.500000 0.460410 0.333483 0.351642 0.326079 
0.500000 0.453344 0.358125 0.339177 0.331085 
0.500000 0.439469 0.378722 0.328219 0.336629 
0.500000 0.416934 0.393907 0.319201 0.341540 
0.500000 0.384650 0.402747 0.312638 0.345608 
0.500000 0.344638 0.404287 0.308851 0.348582 
0.500000 0.303153 0.397301 0.308195 0.350304 
0.500000 0.268078 0.380470 0.311182 0.350603 
0.440679 0.244881 0.353476 0.318442 0.349244 
0.500000 0.257752 0.318805 0.330273 0.345951 
0.500000 0.262882 0.290821 0.345787 0.340617 
0.500000 0.283623 0.265301 0.358555 0.333683 
0.500000 0.317873 0.248596 0.370376 0.328030 
0.500000 0.358820 0.242447 0.378201 0.322840 
0.500000 0.396004 0.246764 0.381097 0.319428 
0.500000 0.422830 0.259814 0.379063 0.318170 
0.500000 0.438847 0.279063 0.372939 0.319053 
0.500000 0.446247 0.301773 0.363981 0.321720 
0.500000 0.268941 0.268941 0.500000 0.500000 
0.500000 0.349770 0.208107 0.368680 0.500000 
0.500000 0.399182 0.218466 0.397423 0.323582 
0.500000 0.435845 0.231581 0.392472 0.311129 
0.500000 0.455728 0.254059 0.386236 0.313255 
0.500000 0.465065 0.281155 0.375635 0.315945 
0.500000 0.467744 0.310148 0.363013 0.320545 
0.500000 0.465330 0.338404 0.349714 0.326067 
0.500000 0.457581 0.363764 0.336974 0.331939 
0.500000 0.442918 0.384576 0.325737 0.337613 
0.440679 0.419055 0.399693 0.316663 0.342657 
0.500000 0.403789 0.408257 0.310157 0.346757 
0.500000 0.362602 0.413332 0.306504 0.349710 
0.500000 0.316426 0.409659 0.304351 0.351373 
0.500000 0.274087 0.396185 0.305908 0.352355 
0.500000 0.243253 0.371436 0.311660 0.351645 
0.500000 0.227094 0.336299 0.322377 0.349027 
0.500000 0.226703 0.295909 0.337915 0.344173 
0.500000 0.244252 0.258608 0.356218 0.337192 
0.500000 0.282366 0.231735 0.373504 0.329061 
0.440679 0.336561 0.218673 0.386163 0.321474 
0.500000 0.408773 0.219302 0.392373 0.315976 
0.500000 0.440851 0.236185 0.392074 0.313298 
0.500000 0.458170 0.259588 0.384056 0.313427 
0.500000 0.465886 0.287301 0.373045 0.316888 
0.500000 0.467444 0.316281 0.360175 0.321674 
0.500000 0.463969 0.344042 0.346930 0.327316 
0.500000 0.454909 0.368518 0.334459 0.333175 
0.500000 0.438471 0.388170 0.323653 0.338739 
0.500000 0.412396 0.401936 0.315109 0.343597 
0.440679 0.375873 0.408973 0.309198 0.347461 
0.500000 0.355721 0.408271 0.306200 0.350146 
0.500000 0.311316 0.404022 0.306498 0.351512 
0.500000 0.272295 0.389211 0.308308 0.351376 
0.500000 0.244718 0.363718 0.314660 0.350552 
0.500000 0.231503 0.328966 0.325758 0.347665 
0.500000 0.233984 0.290485 0.341204 0.342648 
0.500000 0.254426 0.256182 0.358709 0.335724 
0.500000 0.294330 0.232505 0.374640 0.327962 
0.500000 0.347102 0.222202 0.385798 0.320978 
0.440679 0.396578 0.224906 0.390692 0.316134 
0.500000 0.444006 0.238439 0.389406 0.314022 
0.500000 0.459573 0.263291 0.382990 0.314576 
0.500000 0.466348 0.291197 0.371314 0.317349 
0.500000 0.467203 0.320155 0.358382 0.322430 
0.500000 0.463038 0.347564 0.345177 0.328106 
0.500000 0.453103 0.371454 0.332893 0.333954 
0.500000 0.435483 0.390355 0.322368 0.339441 
0.500000 0.407978 0.403252 0.314167 0.344177 
0.500000 0.370194 0.409301 0.308636 0.347888 
0.440679 0.326159 0.407446 0.306060 0.350402 
0.500000 0.308442 0.396225 0.306849 0.351576 
0.500000 0.272505 0.381479 0.311643 0.351216 
0.500000 0.248428 0.355713 0.318004 0.349034 
0.500000 0.238160 0.322239 0.329284 0.346149 
0.500000 0.243389 0.286439 0.344235 0.341061 
0.500000 0.266160 0.255578 0.360573 0.334374 
0.500000 0.306528 0.235194 0.374923 0.327141 
0.500000 0.356396 0.227509 0.384525 0.320855 
0.500000 0.401096 0.231997 0.388169 0.316685 
0.440679 0.431829 0.246474 0.386039 0.315110 
0.500000 0.459115 0.267983 0.379199 0.316030 
0.500000 0.464971 0.296312 0.369127 0.318994 
0.500000 0.465126 0.324610 0.356033 0.323386 
0.500000 0.460071 0.351195 0.343165 0.329142 
0.500000 0.448914 0.374029 0.331282 0.334850 
0.500000 0.429698 0.391738 0.321245 0.340164 
0.500000 0.400507 0.403335 0.313571 0.344684 
0.500000 0.361703 0.407945 0.308600 0.348159 
0.500000 0.318173 0.404444 0.306637 0.350418 
0.440679 0.278205 0.391373 0.308127 0.351313 
0.500000 0.271752 0.367642 0.313728 0.350634 
0.500000 0.252912 0.342617 0.324036 0.348087 
0.500000 0.248238 0.310668 0.335094 0.343424 
0.500000 0.258678 0.279071 0.349478 0.338455 
0.500000 0.285629 0.253691 0.363977 0.332044 
0.500000 0.326541 0.238746 0.375807 0.325644 
0.500000 0.371594 0.235545 0.382844 0.320470 
0.500000 0.408963 0.243170 0.384358 0.317412 
0.500000 0.433692 0.259344 0.380756 0.316757 
0.440679 0.447303 0.281211 0.373159 0.318318 
0.500000 0.461979 0.305915 0.362987 0.321624 
0.500000 0.460410 0.333483 0.351642 0.326079 
0.500000 0.453344 0.358125 0.339177 0.331085 
0.500000 0.439469 0.378722 0.328219 0.336629 
0.500000 0.416934 0.393907 0.319201 0.341540 
0.500000 0.384650 0.402747 0.312638 0.345608 
0.500000 0.344638 0.404287 0.308851 0.348582 
0.500000 0.303153 0.397301 0.308195 0.350304 
0.500000 0.268078 0.380470 0.311182 0.350603 
0.440679 0.244881 0.353476 0.318442 0.349244 
0.500000 0.257752 0.318805 0.330273 0.345951 
0.500000 0.262882 0.290821 0.345787 0.340617 
0.500000 0.283623 0.265301 0.358555 0.333683 
0.500000 0.317873 0.248596 0.370376 0.328030 
0.500000 0.358820 0.242447 0.378201 0.322840 
0.500000 0.396004 0.246764 0.381097 0.319428 
0.500000 0.422830 0.259814 0.379063 0.318170 
0.500000 0.438847 0.279063 0.372939 0.319053 
0.500000 0.446247 0.301773 0.363981 0.321720 
0.500000 0.268941 0.268941 0.500000 0.500000 
0.500000 0.349770 0.208107 0.368680 0.500000 
0.500000 0.399182 0.218466 0.397423 0.323582 
0.500000 0.435845 0.231581 0.392472 0.311129 
0.500000 0.455728 0.254059 0.386236 0.313255 
0.500000 0.465065 0.281155 0.375635 0.315945 
0.500000 0.467744 0.310148 0.363013 0.320545 
0.500000 0.465330 0.338404 0.349714 0.326067 
0.500000 0.457581 0.363764 0.336974 0.331939 
0.500000 0.442918 0.384576 0.325737 0.337613 
0.440679 0.419055 0.399693 0.316663 0.342657 
0.500000 0.403789 0.408257 0.310157 0.346757 
0.500000 0.362602 0.413332 0.306504 0.349710 
0.500000 0.316426 0.409659 0.304351 0.351373 
0.500000 0.274087 0.396185 0.305908 0.352355 
0.500000 0.243253 0.371436 0.311660 0.351645 
0.500000 0.227094 0.336299 0.322377 0.349027 
0.500000 0.226703 0.295909 0.337915 0.344173 
0.500000 0.244252 0.258608 0.356218 0.337192 
0.500000 0.282366 0.231735 0.373504 0.329061 
0.440679 0.336561 0.218673 0.386163 0.321474 
0.500000 0.408773 0.219302 0.392373 0.315976 
0.500000 0.440851 0.236185 0.392074 0.313298 
0.500000 0.458170 0.259588 0.384056 0.313427 
0.500000 0.465886 0.287301 0.373045 0.316888 
0.500000 0.467444 0.316281 0.360175 0.321674 
0.500000 0.463969 0.344042 0.346930 0.327316 
0.500000 0.454909 0.368518 0.334459 0.333175 
0.500000 0.438471 0.388170 0.323653 0.338739 
0.500000 0.412396 0.401936 0.315109 0.343597 
0.440679 0.375873 0.408973 0.309198 0.347461 
0.500000 0.355721 0.408271 0.306200 0.350146 
0.500000 0.311316 0.404022 0.306498 0.351512 
0.500000 0.272295 0.389211 0.308308 0.351376 
0.500000 0.244718 0.363718 0.314660 0.350552 
0.500000 0.231503 0.328966 0.325758 0.347665 
0.500000 0.233984 0.290485 0.341204 0.342648 
0.500000 0.254426 0.256182 0.358709 0.335724 
0.500000 0.294330 0.232505 0.374640 0.327962 
0.500000 0.347102 0.222202 0.385798 0.320978 
0.440679 0.396578 0.224906 0.390692 0.316134 
0.500000 0.444006 0.238439 0.389406 0.314022 
0.500000 0.459573 0.263291 0.382990 0.314576 
0.500000 0.466348 0.291197 0.371314 0.317349 
0.500000 0.467203 0.320155 0.358382 0.322430 
0.500000 0.463038 0.347564 0.345177 0.328106 
0.500000 0.453103 0.371454 0.332893 0.333954 
0.500000 0.435483 0.390355 0.322368 0.339441 
0.500000 0.407978 0.403252 0.314167 0.344177 
0.500000 0.370194 0.409301 0.308636 0.347888 
0.440679 0.326159 0.407446 0.306060 0.350402 
0.500000 0.308442 0.396225 0.306849 0.351576 
0.500000 0.272505 0.381479 0.311643 0.351216 
0.500000 0.248428 0.355713 0.318004 0.349034 
0.500000 0.238160 0.322239 0.329284 0.346149 
0.500000 0.243389 0.286439 0.344235 0.341061 
0.500000 0.266160 0.255578 0.360573 0.334374 
0.500000 0.306528 0.235194 0.374923 0.327141 
0.500000 0.356396 0.227509 0.384525 0.320855 
0.500000 0.401096 0.231997 0.388169 0.316685 
0.440679 0.431829 0.246474 0.386039 0.315110 
0.500000 0.459115 0.267983 0.379199 0.316030 
0.500000 0.464971 0.296312 0.369127 0.318994 
0.500000 0.465126 0.324610 0.356033 0.323386 
0.500000 0.460071 0.351195 0.343165 0.329142 
0.500000 0.448914 0.374029 0.331282 0.334850 
0.500000 0.429698 0.391738 0.321245 0.340164 
0.500000 0.400507 0.403335 0.313571 0.344684 
0.500000 0.361703 0.407945 0.308600 0.348159 
0.500000 0.318173 0.404444 0.306637 0.350418 
0.440679 0.278205 0.391373 0.308127 0.351313 
0.500000 0.271752 0.367642 0.313728 0.350634 
0.500000 0.252912 0.342617 0.324036 0.348087 
0.500000 0.248238 0.310668 0.335094 0.343424 
0.500000 0.258678 0.279071 0.349478 0.338455 
0.500000 0.285629 0.253691 0.363977 0.332044 
0.500000 0.326541 0.238746 0.375807 0.325644 
0.500000 0.371594 0.235545 0.382844 0.320470 
0.500000 0.408963 0.243170 0.384358 0.317412 
0.500000 0.433692 0.259344 0.380756 0.316757 
0.440679 0.447303 0.281211 0.373159 0.318318 
0.500000 0.461979 0.305915 0.362987 0.321624 
0.500000 0.460410 0.333483 0.351642 0.326079 
0.500000 0.453344 0.358125 0.339177 0.331085 
0.500000 0.439469 0.378722 0.328219 0.336629 
0.500000 0.416934 0.393907 0.319201 0.341540 
0.500000 0.384650 0.402747 0.312638 0.345608 
0.500000 0.344638 0.404287 0.308851 0.348582 
0.500000 0.303153 0.397301 0.308195 0.350304 
0.500000 0.268078 0.380470 0.311182 0.350603 
0.440679 0.244881 0.353476 0.318442 0.349244 
0.500000 0.257752 0.318805 0.330273 0.345951 
0.500000 0.262882 0.290821 0.345787 0.340617 
0.500000 0.283623 0.265301 0.358555 0.333683 
0.500000 0.317873 0.248596 0.370376 0.328030 
0.500000 0.358820 0.242447 0.378201 0.322840 
0.500000 0.396004 0.246764 0.381097 0.319428 
0.500000 0.422830 0.259814 0.379063 0.318170 
0.500000 0.438847 0.279063 0.372939 0.319053 
0.500000 0.446247 0.301773 0.363981 0.321720 
0.500000 0.268941 0.268941 0.500000 0.500000 
0.500000 0.349770 0.500000 0.368680 0.500000 
0.500000 0.298143 0.500000 0.500000 0.323582 
0.500000 0.295177 0.500000 0.500000 0.500000 
0.500000 0.292513 0.500000 0.500000 0.500000 
0.500000 0.290121 0.500000 0.500000 0.500000 
0.500000 0.287973 0.500000 0.500000 0.500000 
0.500000 0.286044 0.500000 0.500000 0.500000 
0.500000 0.284312 0.500000 0.500000 0.500000 
0.500000 0.282756 0.500000 0.500000 0.500000 
0.440679 0.281359 0.500000 0.500000 0.500000 
0.500000 0.304395 0.500000 0.500000 0.500000 
0.500000 0.300796 0.500000 0.500000 0.500000 
0.500000 0.297561 0.500000 0.500000 0.500000 
0.500000 0.294655 0.500000 0.500000 0.500000 
0.500000 0.292044 0.500000 0.500000 0.500000 
0.500000 0.289700 0.500000 0.500000 0.500000 
0.500000 0.287594 0.500000 0.500000 0.500000 
0.500000 0.285704 0.500000 0.500000 0.500000 
0.500000 0.284007 0.500000 0.500000 0.500000 
0.440679 0.282482 0.500000 0.500000 0.500000 
0.500000 0.305425 0.500000 0.500000 0.500000 
0.500000 0.301722 0.500000 0.500000 0.500000 
0.500000 0.298393 0.500000 0.500000 0.500000 
0.500000 0.295402 0.500000 0.500000 0.500000 
0.500000 0.292715 0.500000 0.500000 0.500000 
0.500000 0.290302 0.500000 0.500000 0.500000 
0.500000 0.288136 0.500000 0.500000 0.500000 
0.500000 0.286190 0.500000 0.500000 0.500000 
0.500000 0.284443 0.500000 0.500000 0.500000 
0.440679 0.282874 0.500000 0.500000 0.500000 
0.500000 0.305784 0.500000 0.500000 0.500000 
0.500000 0.302045 0.500000 0.500000 0.500000 
0.500000 0.298684 0.500000 0.500000 0.500000 
0.500000 0.295663 0.500000 0.500000 0.500000 
0.500000 0.292950 0.500000 0.500000 0.500000 
0.500000 0.290513 0.500000 0.500000 0.500000 
0.500000 0.288324 0.500000 0.500000 0.500000 
0.500000 0.286360 0.500000 0.500000 0.500000 
0.500000 0.284595 0.500000 0.500000 0.500000 
0.440679 0.283011 0.500000 0.500000 0.500000 
0.500000 0.305909 0.500000 0.500000 0.500000 
0.500000 0.302158 0.500000 0.500000 0.500000 
0.500000 0.298785 0.500000 0.500000 0.500000 
0.500000 0.295754 0.500000 0.500000 0.500000 
0.500000 0.293031 0.500000 0.500000 0.500000 
0.500000 0.290586 0.500000 0.500000 0.500000 
0.500000 0.288390 0.500000 0.500000 0.500000 
0.500000 0.286419 0.500000 0.500000 0.500000 
0.500000 0.284648 0.500000 0.500000 0.500000 
0.440679 0.283059 0.500000 0.500000 0.500000 
0.500000 0.305953 0.500000 0.500000 0.500000 
0.500000 0.302197 0.500000 0.500000 0.500000 
0.500000 0.298820 0.500000 0.500000 0.500000 
0.500000 0.295786 0.500000 0.500000 0.500000 
0.500000 0.293060 0.500000 0.500000 0.500000 
0.500000 0.290612 0.500000 0.500000 0.500000 
0.500000 0.288413 0.500000 0.500000 0.500000 
0.500000 0.286439 0.500000 0.500000 0.500000 
0.500000 0.284667 0.500000 0.500000 0.500000 
0.440679 0.283075 0.500000 0.500000 0.500000 
0.500000 0.305968 0.500000 0.500000 0.500000 
0.500000 0.302211 0.500000 0.500000 0.500000 
0.500000 0.298832 0.500000 0.500000 0.500000 
0.500000 0.295797 0.500000 0.500000 0.500000 
0.500000 0.293070 0.500000 0.500000 0.500000 
0.500000 0.290621 0.500000 0.500000 0.500000 
0.500000 0.288421 0.500000 0.500000 0.500000 
0.500000 0.286447 0.500000 0.500000 0.500000 
0.500000 0.284673 0.500000 0.500000 0.500000 
0.440679 0.283081 0.500000 0.500000 0.500000 
0.500000 0.305973 0.500000 0.500000 0.500000 
0.500000 0.302215 0.500000 0.500000 0.500000 
0.500000 0.298837 0.500000 0.500000 0.500000 
0.500000 0.295800 0.500000 0.500000 0.500000 
0.500000 0.293073 0.500000 0.500000 0.500000 
0.500000 0.290624 0.500000 0.500000 0.500000 
0.500000 0.288424 0.500000 0.500000 0.500000 
0.500000 0.286449 0.500000 0.500000 0.500000 
0.500000 0.284676 0.500000 0.500000 0.500000 
0.440679 0.283083 0.500000 0.500000 0.500000 
0.500000 0.305975 0.500000 0.500000 0.500000 
0.500000 0.302217 0.500000 0.500000 0.500000 
0.500000 0.298838 0.500000 0.500000 0.500000 
0.500000 0.295802 0.500000 0.500000 0.500000 
0.500000 0.293074 0.500000 0.500000 0.500000 
0.500000 0.290625 0.500000 0.500000 0.500000 
0.500000 0.288425 0.500000 0.500000 0.500000 
0.500000 0.286450 0.500000 0.500000 0.500000 
0.500000 0.284676 0.500000 0.500000 0.500000 
0.440679 0.283084 0.500000 0.500000 0.500000 
0.500000 0.305976 0.500000 0.500000 0.500000 
0.500000 0.302218 0.500000 0.500000 0.500000 
0.500000 0.298839 0.500000 0.500000 0.500000 
0.500000 0.295802 0.500000 0.500000 0.500000 
0.500000 0.293075 0.500000 0.500000 0.500000 
0.500000 0.290625 0.500000 0.500000 0.500000 
0.500000 0.288425 0.500000 0.500000 0.500000 
0.500000 0.286450 0.500000 0.500000 0.500000 
0.500000 0.284677 0.500000 0.500000 0.500000 
0.500000 0.268941 0.268941 0.500000 0.500000 
0.500000 0.349770 0.208107 0.368680 0.500000 
0.500000 0.399182 0.218466 0.397423 0.323582 
0.500000 0.435845 0.231581 0.392472 0.311129 
0.500000 0.455728 0.254059 0.386236 0.313255 
0.500000 0.465065 0.281155 0.375635 0.315945 
0.500000 0.467744 0.310148 0.363013 0.320545 
0.500000 0.465330 0.338404 0.349714 0.326067 
0.500000 0.457581 0.363764 0.336974 0.331939 
0.500000 0.442918 0.384576 0.325737 0.337613 
0.440679 0.419055 0.399693 0.316663 0.342657 
0.500000 0.403789 0.408257 0.310157 0.346757 
0.500000 0.362602 0.413332 0.306504 0.349710 
0.500000 0.316426 0.409659 0.304351 0.351373 
0.500000 0.274087 0.396185 0.305908 0.352355 
0.500000 0.243253 0.371436 0.311660 0.351645 
0.500000 0.227094 0.336299 0.322377 0.349027 
0.500000 0.226703 0.295909 0.337915 0.344173 
0.500000 0.244252 0.258608 0.356218 0.337192 
0.500000 0.282366 0.231735 0.373504 0.329061 
0.440679 0.336561 0.218673 0.386163 0.321474 
0.500000 0.408773 0.219302 0.392373 0.315976 
0.500000 0.440851 0.236185 0.392074 0.313298 
0.500000 0.458170 0.259588 0.384056 0.313427 
0.500000 0.465886 0.287301 0.373045 0.316888 
0.500000 0.467444 0.316281 0.360175 0.321674 
0.500000 0.463969 0.344042 0.346930 0.327316 
0.500000 0.454909 0.368518 0.334459 0.333175 
0.500000 0.438471 0.388170 0.323653 0.338739 
0.500000 0.412396 0.401936 0.315109 0.343597 
0.440679 0.375873 0.408973 0.309198 0.347461 
0.500000 0.355721 0.408271 0.306200 0.350146 
0.500000 0.311316 0.404022 0.306498 0.351512 
0.500000 0.272295 0.389211 0.308308 0.351376 
0.500000 0.244718 0.363718 0.314660 0.350552 
0.500000 0.231503 0.328966 0.325758 0.347665 
0.500000 0.233984 0.290485 0.341204 0.342648 
0.500000 0.254426 0.256182 0.358709 0.335724 
0.500000 0.294330 0.232505 0.374640 0.327962 
0.500000 0.347102 0.222202 0.385798 0.320978 
0.440679 0.396578 0.224906 0.390692 0.316134 
0.500000 0.444006 0.238439 0.389406 0.314022 
0.500000 0.459573 0.263291 0.382990 0.314576 
0.500000 0.466348 0.291197 0.371314 0.317349 
0.500000 0.467203 0.320155 0.358382 0.322430 
0.500000 0.463038 0.347564 0.345177 0.328106 
0.500000 0.453103 0.371454 0.332893 0.333954 
0.500000 0.435483 0.390355 0.322368 0.339441 
0.500000 0.407978 0.403252 0.314167 0.344177 
0.500000 0.370194 0.409301 0.308636 0.347888 
0.440679 0.326159 0.407446 0.306060 0.350402 
0.500000 0.308442 0.396225 0.306849 0.351576 
0.500000 0.272505 0.381479 0.311643 0.351216 
0.500000 0.248428 0.355713 0.318004 0.349034 
0.500000 0.238160 0.322239 0.329284 0.346149 
0.500000 0.243389 0.286439 0.344235 0.341061 
0.500000 0.266160 0.255578 0.360573 0.334374 
0.500000 0.306528 0.235194 0.374923 0.327141 
0.500000 0.356396 0.227509 0.384525 0.320855 
0.500000 0.401096 0.231997 0.388169 0.316685 
0.440679 0.431829 0.246474 0.386039 0.315110 
0.500000 0.459115 0.267983 0.379199 0.316030 
0.500000 0.464971 0.296312 0.369127 0.318994 
0.500000 0.465126 0.324610 0.356033 0.323386 
0.500000 0.460071 0.351195 0.343165 0.329142 
0.500000 0.448914 0.374029 0.331282 0.334850 
0.500000 0.429698 0.391738 0.321245 0.340164 
0.500000 0.400507 0.403335 0.313571 0.344684 
0.500000 0.361703 0.407945 0.308600 0.348159 
0.500000 0.318173 0.404444 0.306637 0.350418 
0.440679 0.278205 0.391373 0.308127 0.351313 
0.500000 0.271752 0.367642 0.313728 0.350634 
0.500000 0.252912 0.342617 0.324036 0.348087 
0.500000 0.248238 0.310668 0.335094 0.343424 
0.500000 0.258678 0.279071 0.349478 0.338455 
0.500000 0.285629 0.253691 0.363977 0.332044 
0.500000 0.326541 0.238746 0.375807 0.325644 
0.500000 0.371594 0.235545 0.382844 0.320470 
0.500000 0.408963 0.243170 0.384358 0.317412 
0.500000 0.433692 0.259344 0.380756 0.316757 
0.440679 0.447303 0.281211 0.373159 0.318318 
0.500000 0.461979 0.305915 0.362987 0.321624 
0.500000 0.460410 0.333483 0.351642 0.326079 
0.500000 0.453344 0.358125 0.339177 0.331085 
0.500000 0.439469 0.378722 0.328219 0.336629 
0.500000 0.416934 0.393907 0.319201 0.341540 
0.500000 0.384650 0.402747 0.312638 0.345608 
0.500000 0.344638 0.404287 0.308851 0.348582 
0.500000 0.303153 0.397301 0.308195 0.350304 
0.500000 0.268078 0.380470 0.311182 0.350603 
0.440679 0.244881 0.353476 0.318442 0.349244 
0.500000 0.257752 0.318805 0.330273 0.345951 
0.500000 0.262882 0.290821 0.345787 0.340617 
0.500000 0.283623 0.265301 0.358555 0.333683 
0.500000 0.317873 0.248596 0.370376 0.328030 
0.500000 0.358820 0.242447 0.378201 0.322840 
0.500000 0.396004 0.246764 0.381097 0.319428 
0.500000 0.422830 0.259814 0.379063 0.318170 
0.500000 0.438847 0.279063 0.372939 0.319053 
0.500000 0.446247 0.301773 0.363981 0.321720 
