0.500000 0.440679 0.500000 0.405382 0.500000 0.500000 0.429546 0.368680 0.500000 
0.500000 0.440679 0.500000 0.384319 0.500000 0.292896 0.500000 0.500000 0.500000 
0.500000 0.440679 0.289997 0.363123 0.500000 0.292896 0.500000 0.500000 0.500000 
0.500000 0.440679 0.312275 0.405608 0.500000 0.292896 0.358934 0.500000 0.500000 
0.500000 0.440679 0.332216 0.430208 0.500000 0.292896 0.348747 0.500000 0.500000 
0.500000 0.440679 0.349687 0.444178 0.500000 0.292896 0.339745 0.500000 0.500000 
0.500000 0.440679 0.364774 0.452021 0.500000 0.292896 0.331951 0.500000 0.500000 
0.500000 0.440679 0.377688 0.456187 0.500000 0.292896 0.325294 0.500000 0.500000 
0.500000 0.440679 0.388688 0.457993 0.500000 0.292896 0.319651 0.500000 0.500000 
0.500000 0.440679 0.398039 0.458162 0.500000 0.292896 0.314886 0.500000 0.500000 
0.500000 0.440679 0.405991 0.457106 0.500000 0.292896 0.310865 0.500000 0.500000 
0.500000 0.440679 0.412763 0.455070 0.500000 0.292896 0.307468 0.500000 0.500000 
0.500000 0.440679 0.418543 0.452211 0.500000 0.292896 0.304592 0.500000 0.500000 
0.500000 0.440679 0.423491 0.448638 0.500000 0.292896 0.302149 0.500000 0.500000 
0.500000 0.440679 0.427740 0.444436 0.500000 0.292896 0.300066 0.500000 0.500000 
0.500000 0.440679 0.431402 0.439679 0.500000 0.292896 0.298284 0.500000 0.500000 
0.500000 0.440679 0.434567 0.434439 0.500000 0.292896 0.296754 0.500000 0.500000 
0.500000 0.440679 0.437311 0.428790 0.500000 0.292896 0.295435 0.500000 0.500000 
0.500000 0.440679 0.439699 0.422807 0.500000 0.292896 0.294293 0.500000 0.500000 
0.500000 0.440679 0.441782 0.416566 0.500000 0.292896 0.293302 0.500000 0.500000 
0.500000 0.440679 0.443605 0.410144 0.500000 0.292896 0.292440 0.500000 0.500000 
0.500000 0.440679 0.445203 0.403616 0.500000 0.292896 0.291686 0.500000 0.500000 
0.500000 0.440679 0.446608 0.397055 0.500000 0.292896 0.291026 0.500000 0.500000 
0.500000 0.440679 0.447846 0.390525 0.500000 0.292896 0.290447 0.500000 0.500000 
0.500000 0.440679 0.448938 0.384085 0.500000 0.292896 0.289937 0.500000 0.500000 
0.500000 0.440679 0.449905 0.377788 0.500000 0.292896 0.289487 0.500000 0.500000 
0.500000 0.440679 0.450761 0.371675 0.500000 0.292896 0.289090 0.500000 0.500000 
0.500000 0.440679 0.451520 0.365782 0.271789 0.292896 0.288738 0.500000 0.500000 
0.500000 0.440679 0.437932 0.360133 0.288004 0.292896 0.288426 0.367356 0.500000 
0.500000 0.440679 0.424643 0.359153 0.302361 0.292896 0.294036 0.359852 0.500000 
0.500000 0.440679 0.412327 0.362358 0.313419 0.292896 0.299583 0.353264 0.500000 
0.500000 0.440679 0.401226 0.368940 0.320277 0.292896 0.304777 0.348228 0.500000 
0.500000 0.440679 0.391221 0.377983 0.322523 0.292896 0.309501 0.345122 0.500000 
0.500000 0.440679 0.381946 0.388618 0.320074 0.292896 0.313794 0.344107 0.500000 
0.500000 0.440679 0.372908 0.400122 0.313035 0.292896 0.317802 0.345213 0.500000 
0.500000 0.440679 0.363556 0.411959 0.301643 0.292896 0.321734 0.348402 0.500000 
0.500000 0.440679 0.353319 0.423765 0.286294 0.292896 0.325829 0.353592 0.500000 
0.500000 0.440679 0.341650 0.435304 0.500000 0.292896 0.330342 0.360640 0.500000 
0.500000 0.440679 0.357855 0.446405 0.500000 0.292896 0.335525 0.500000 0.500000 
0.500000 0.440679 0.371776 0.452574 0.500000 0.292896 0.328338 0.500000 0.500000 
0.500000 0.440679 0.383656 0.455689 0.500000 0.292896 0.322228 0.500000 0.500000 
0.500000 0.440679 0.393762 0.456772 0.500000 0.292896 0.317061 0.500000 0.500000 
0.500000 0.440679 0.402354 0.456399 0.500000 0.292896 0.312700 0.500000 0.500000 
0.500000 0.440679 0.409663 0.454903 0.500000 0.292896 0.309019 0.500000 0.500000 
0.500000 0.440679 0.415895 0.452492 0.500000 0.292896 0.305907 0.500000 0.500000 
0.500000 0.440679 0.421223 0.449303 0.500000 0.292896 0.303267 0.500000 0.500000 
0.500000 0.440679 0.425791 0.445436 0.500000 0.292896 0.301020 0.500000 0.500000 
0.500000 0.440679 0.429720 0.440974 0.500000 0.292896 0.299101 0.500000 0.500000 
0.500000 0.440679 0.433112 0.435993 0.500000 0.292896 0.297456 0.500000 0.500000 
0.500000 0.440679 0.436049 0.430568 0.500000 0.292896 0.296041 0.500000 0.500000 
0.500000 0.440679 0.438600 0.424773 0.500000 0.292896 0.294818 0.500000 0.500000 
0.500000 0.440679 0.440823 0.418686 0.500000 0.292896 0.293758 0.500000 0.500000 
0.500000 0.440679 0.442764 0.412383 0.500000 0.292896 0.292837 0.500000 0.500000 
0.500000 0.440679 0.444465 0.405940 0.500000 0.292896 0.292033 0.500000 0.500000 
0.500000 0.440679 0.445959 0.399432 0.500000 0.292896 0.291330 0.500000 0.500000 
0.500000 0.440679 0.447274 0.392925 0.500000 0.292896 0.290714 0.500000 0.500000 
0.500000 0.440679 0.448433 0.386483 0.500000 0.292896 0.290172 0.500000 0.500000 
0.500000 0.440679 0.449458 0.380158 0.500000 0.292896 0.289695 0.500000 0.500000 
0.500000 0.440679 0.450365 0.373998 0.500000 0.292896 0.289273 0.500000 0.500000 
0.500000 0.440679 0.451169 0.368040 0.273266 0.292896 0.288901 0.500000 0.500000 
0.500000 0.440679 0.437662 0.362314 0.288618 0.292896 0.288570 0.366670 0.500000 
0.500000 0.440679 0.424415 0.361206 0.302194 0.292896 0.294148 0.359569 0.500000 
0.500000 0.440679 0.412080 0.364255 0.312591 0.292896 0.299678 0.353340 0.500000 
0.500000 0.440679 0.400896 0.370681 0.318905 0.292896 0.304881 0.348604 0.500000 
0.500000 0.440679 0.390748 0.379587 0.320701 0.292896 0.309643 0.345742 0.500000 
0.500000 0.440679 0.381282 0.390115 0.317862 0.292896 0.313998 0.344930 0.500000 
0.500000 0.440679 0.372009 0.401549 0.310469 0.292896 0.318090 0.346214 0.500000 
0.500000 0.440679 0.362381 0.413349 0.298751 0.292896 0.322126 0.349568 0.500000 
0.500000 0.440679 0.351828 0.425141 0.283114 0.292896 0.326345 0.354915 0.500000 
0.500000 0.440679 0.339804 0.436676 0.500000 0.292896 0.331002 0.362108 0.500000 
0.500000 0.440679 0.356261 0.447764 0.500000 0.292896 0.336349 0.500000 0.500000 
0.500000 0.440679 0.370412 0.453906 0.500000 0.292896 0.329042 0.500000 0.500000 
0.500000 0.440679 0.382494 0.457002 0.500000 0.292896 0.322824 0.500000 0.500000 
0.500000 0.440679 0.392775 0.458080 0.500000 0.292896 0.317564 0.500000 0.500000 
0.500000 0.440679 0.401514 0.457714 0.500000 0.292896 0.313125 0.500000 0.500000 
0.500000 0.440679 0.408948 0.456236 0.500000 0.292896 0.309378 0.500000 0.500000 
0.500000 0.440679 0.415285 0.453848 0.500000 0.292896 0.306210 0.500000 0.500000 
0.500000 0.440679 0.420700 0.450686 0.500000 0.292896 0.303525 0.500000 0.500000 
0.500000 0.440679 0.425342 0.446845 0.500000 0.292896 0.301240 0.500000 0.500000 
0.500000 0.440679 0.429334 0.442407 0.500000 0.292896 0.299289 0.500000 0.500000 
0.500000 0.440679 0.432778 0.437443 0.500000 0.292896 0.297618 0.500000 0.500000 
0.500000 0.440679 0.435759 0.432028 0.500000 0.292896 0.296180 0.500000 0.500000 
0.500000 0.440679 0.438348 0.426234 0.500000 0.292896 0.294939 0.500000 0.500000 
0.500000 0.440679 0.440603 0.420138 0.500000 0.292896 0.293863 0.500000 0.500000 
0.500000 0.440679 0.442572 0.413816 0.500000 0.292896 0.292928 0.500000 0.500000 
0.500000 0.440679 0.444297 0.407346 0.500000 0.292896 0.292113 0.500000 0.500000 
0.500000 0.440679 0.445811 0.400800 0.500000 0.292896 0.291400 0.500000 0.500000 
0.500000 0.440679 0.447143 0.394249 0.500000 0.292896 0.290775 0.500000 0.500000 
0.500000 0.440679 0.448318 0.387755 0.500000 0.292896 0.290226 0.500000 0.500000 
0.500000 0.440679 0.449356 0.381374 0.500000 0.292896 0.289742 0.500000 0.500000 
0.500000 0.440679 0.450274 0.375153 0.500000 0.292896 0.289315 0.500000 0.500000 
0.500000 0.440679 0.451088 0.369133 0.269005 0.292896 0.288938 0.500000 0.500000 
0.500000 0.440679 0.437222 0.363343 0.284334 0.292896 0.288603 0.368651 0.500000 
0.500000 0.440679 0.423554 0.362270 0.297904 0.292896 0.294330 0.361544 0.500000 
0.500000 0.440679 0.410773 0.365464 0.308249 0.292896 0.300040 0.355303 0.500000 
0.500000 0.440679 0.399142 0.372132 0.314412 0.292896 0.305436 0.350578 0.500000 
0.500000 0.440679 0.388548 0.381349 0.315916 0.292896 0.310393 0.347777 0.500000 
0.500000 0.440679 0.378621 0.392220 0.312632 0.292896 0.314946 0.347095 0.500000 
0.500000 0.440679 0.368851 0.403993 0.304655 0.292896 0.319245 0.348585 0.500000 
0.500000 0.440679 0.358661 0.416099 0.292257 0.292896 0.323507 0.352217 0.500000 
