0.500000 0.268941 0.268941 0.500000 0.500000 
0.500000 0.231942 0.208107 0.368680 0.500000 
0.500000 0.500000 0.190096 0.397423 0.323582 
0.500000 0.500000 0.228439 0.406080 0.311129 
0.500000 0.500000 0.264163 0.387727 0.307430 
0.500000 0.500000 0.301905 0.370908 0.315301 
0.500000 0.500000 0.338308 0.353472 0.322607 
0.500000 0.500000 0.371417 0.337017 0.330274 
0.500000 0.500000 0.399693 0.322385 0.337594 
0.500000 0.500000 0.422514 0.310157 0.344169 
0.440679 0.500000 0.440094 0.300477 0.349710 
0.500000 0.230027 0.453192 0.293139 0.354125 
0.500000 0.250611 0.421577 0.287741 0.357489 
0.500000 0.266318 0.394203 0.300871 0.359973 
0.500000 0.274578 0.368859 0.312511 0.353945 
0.500000 0.276171 0.345095 0.323503 0.348640 
0.500000 0.271971 0.321501 0.333991 0.343664 
0.500000 0.262693 0.296831 0.344568 0.338949 
0.500000 0.248901 0.270270 0.355795 0.334225 
0.500000 0.231263 0.241820 0.368062 0.329247 
0.440679 0.500000 0.212696 0.381393 0.323852 
0.500000 0.500000 0.256966 0.395227 0.318042 
0.500000 0.500000 0.293193 0.374272 0.312071 
0.500000 0.500000 0.330313 0.357465 0.321139 
0.500000 0.500000 0.364293 0.340599 0.328511 
0.500000 0.500000 0.393757 0.325505 0.335994 
0.500000 0.500000 0.417821 0.312703 0.342762 
0.500000 0.500000 0.436536 0.302453 0.348553 
0.500000 0.228923 0.450568 0.294615 0.353222 
0.500000 0.248928 0.417697 0.288817 0.356811 
0.440679 0.263954 0.389512 0.302506 0.359477 
0.500000 0.295444 0.363255 0.314530 0.353198 
0.500000 0.293693 0.346636 0.325961 0.347724 
0.500000 0.287559 0.327993 0.333306 0.342556 
0.500000 0.277721 0.307878 0.341642 0.339256 
0.500000 0.264288 0.285265 0.350747 0.335529 
0.500000 0.247445 0.259870 0.361115 0.331481 
0.500000 0.227673 0.232212 0.372913 0.326902 
0.500000 0.500000 0.204030 0.385937 0.321732 
0.500000 0.500000 0.246680 0.399377 0.316074 
0.440679 0.500000 0.282837 0.379102 0.310292 
0.500000 0.500000 0.320347 0.362235 0.319036 
0.500000 0.500000 0.355321 0.345090 0.326409 
0.500000 0.500000 0.386163 0.329457 0.333993 
0.500000 0.500000 0.411743 0.315976 0.340984 
0.500000 0.500000 0.431885 0.305024 0.347068 
0.500000 0.219504 0.447119 0.296552 0.352048 
0.500000 0.238792 0.410325 0.290236 0.355923 
0.500000 0.252974 0.378530 0.305626 0.358824 
0.500000 0.259087 0.348448 0.319285 0.351774 
0.440679 0.257838 0.319643 0.332501 0.345570 
0.500000 0.273106 0.290702 0.345408 0.339617 
0.500000 0.256652 0.268912 0.358610 0.333852 
0.500000 0.237149 0.242529 0.368694 0.328006 
0.500000 0.500000 0.214764 0.381058 0.323576 
0.500000 0.500000 0.259143 0.394239 0.318187 
0.500000 0.500000 0.295397 0.373253 0.312496 
0.500000 0.500000 0.332406 0.356453 0.321583 
0.500000 0.500000 0.366158 0.339659 0.328957 
0.500000 0.500000 0.395320 0.324687 0.336413 
0.440679 0.500000 0.419062 0.312031 0.343131 
0.500000 0.224877 0.437480 0.301930 0.348858 
0.500000 0.242048 0.398957 0.294223 0.353461 
0.500000 0.253743 0.367364 0.310472 0.356991 
0.500000 0.257315 0.337105 0.324158 0.349567 
0.500000 0.253712 0.307737 0.337555 0.343369 
0.500000 0.243900 0.277942 0.350811 0.337354 
0.500000 0.228957 0.247303 0.364500 0.331453 
0.500000 0.500000 0.216649 0.378809 0.325414 
0.500000 0.500000 0.261749 0.393339 0.319164 
0.440679 0.500000 0.297926 0.372035 0.312882 
0.500000 0.500000 0.334814 0.355293 0.322115 
0.500000 0.500000 0.368293 0.338580 0.329469 
0.500000 0.500000 0.397102 0.323751 0.336895 
0.500000 0.500000 0.420472 0.311267 0.343553 
0.500000 0.217814 0.438550 0.301336 0.349206 
0.500000 0.235280 0.398134 0.293779 0.353733 
0.500000 0.247274 0.364333 0.310824 0.357195 
0.500000 0.250880 0.331918 0.325488 0.349407 
0.500000 0.246963 0.300558 0.339878 0.342770 
0.440679 0.236586 0.269065 0.354088 0.336316 
0.500000 0.241340 0.237311 0.368623 0.330002 
0.500000 0.218047 0.212437 0.383523 0.323607 
0.500000 0.500000 0.186498 0.395351 0.317119 
0.500000 0.500000 0.225037 0.407817 0.312018 
0.500000 0.500000 0.260443 0.389343 0.306691 
0.500000 0.500000 0.298189 0.372645 0.314603 
0.500000 0.500000 0.334811 0.355173 0.321848 
0.500000 0.500000 0.368329 0.338582 0.329523 
0.500000 0.500000 0.397127 0.323735 0.336895 
0.440679 0.500000 0.420492 0.311256 0.343560 
0.500000 0.500000 0.438565 0.301327 0.349210 
0.500000 0.219479 0.452065 0.293773 0.353737 
0.500000 0.239834 0.417203 0.288202 0.357198 
0.500000 0.255317 0.386342 0.302714 0.359760 
0.500000 0.262913 0.357351 0.315899 0.353103 
0.500000 0.263226 0.329840 0.328561 0.347103 
0.500000 0.257147 0.302367 0.340812 0.341387 
0.500000 0.245553 0.273870 0.353261 0.335899 
0.500000 0.229377 0.244109 0.366389 0.330368 
0.500000 0.268941 0.268941 0.500000 0.500000 
0.500000 0.231942 0.208107 0.368680 0.500000 
0.500000 0.500000 0.500000 0.397423 0.323582 
0.500000 0.220750 0.152483 0.500000 0.311129 
0.500000 0.500000 0.500000 0.424344 0.500000 
0.500000 0.500000 0.500000 0.500000 0.299708 
0.500000 0.500000 0.156340 0.500000 0.500000 
0.500000 0.500000 0.169918 0.422461 0.500000 
0.500000 0.500000 0.170786 0.415849 0.300499 
0.500000 0.500000 0.170465 0.415428 0.303286 
0.440679 0.500000 0.170146 0.415583 0.303464 
0.500000 0.500000 0.169915 0.415739 0.303398 
0.500000 0.500000 0.169754 0.415851 0.303333 
0.500000 0.500000 0.169643 0.415929 0.303285 
0.500000 0.500000 0.169566 0.415983 0.303252 
0.500000 0.500000 0.169513 0.416020 0.303230 
0.500000 0.500000 0.169476 0.416046 0.303214 
0.500000 0.500000 0.169451 0.416064 0.303203 
0.500000 0.500000 0.169433 0.416076 0.303195 
0.500000 0.500000 0.169421 0.416085 0.303190 
0.440679 0.500000 0.169412 0.416091 0.303186 
0.500000 0.500000 0.169406 0.416095 0.303184 
0.500000 0.500000 0.169402 0.416098 0.303182 
0.500000 0.500000 0.169399 0.416100 0.303181 
0.500000 0.500000 0.169397 0.416101 0.303180 
0.500000 0.500000 0.169396 0.416102 0.303179 
0.500000 0.500000 0.169395 0.416103 0.303179 
0.500000 0.500000 0.169394 0.416104 0.303179 
0.500000 0.500000 0.169394 0.416104 0.303179 
0.500000 0.500000 0.169393 0.416104 0.303178 
0.440679 0.500000 0.169393 0.416104 0.303178 
0.500000 0.500000 0.169393 0.416104 0.303178 
0.500000 0.500000 0.169393 0.416104 0.303178 
0.500000 0.500000 0.169393 0.416104 0.303178 
0.500000 0.500000 0.169393 0.416104 0.303178 
0.500000 0.500000 0.169393 0.416105 0.303178 
0.500000 0.500000 0.169393 0.416105 0.303178 
0.500000 0.500000 0.169393 0.416105 0.303178 
0.500000 0.500000 0.169393 0.416105 0.303178 
0.500000 0.500000 0.169393 0.416105 0.303178 
0.440679 0.500000 0.169393 0.416105 0.303178 
0.500000 0.500000 0.169393 0.416105 0.303178 
0.500000 0.500000 0.169393 0.416105 0.303178 
0.500000 0.500000 0.169393 0.416105 0.303178 
0.500000 0.500000 0.169393 0.416105 0.303178 
0.500000 0.500000 0.169393 0.416105 0.303178 
0.500000 0.500000 0.169393 0.416105 0.303178 
0.500000 0.500000 0.169393 0.416105 0.303178 
0.500000 0.500000 0.169393 0.416105 0.303178 
0.500000 0.500000 0.169393 0.416105 0.303178 
0.440679 0.500000 0.169393 0.416105 0.303178 
0.500000 0.500000 0.169393 0.416105 0.303178 
0.500000 0.500000 0.169393 0.416105 0.303178 
0.500000 0.500000 0.169393 0.416105 0.303178 
0.500000 0.500000 0.169393 0.416105 0.303178 
0.500000 0.500000 0.169393 0.416105 0.303178 
0.500000 0.500000 0.169393 0.416105 0.303178 
0.500000 0.500000 0.169393 0.416105 0.303178 
0.500000 0.500000 0.169393 0.416105 0.303178 
0.500000 0.500000 0.169393 0.416105 0.303178 
0.440679 0.500000 0.169393 0.416105 0.303178 
0.500000 0.500000 0.169393 0.416105 0.303178 
0.500000 0.500000 0.169393 0.416105 0.303178 
0.500000 0.500000 0.169393 0.416105 0.303178 
0.500000 0.500000 0.169393 0.416105 0.303178 
0.500000 0.500000 0.169393 0.416105 0.303178 
0.500000 0.500000 0.169393 0.416105 0.303178 
0.500000 0.500000 0.169393 0.416105 0.303178 
0.500000 0.500000 0.169393 0.416105 0.303178 
0.500000 0.500000 0.169393 0.416105 0.303178 
0.440679 0.500000 0.169393 0.416105 0.303178 
0.500000 0.500000 0.169393 0.416105 0.303178 
0.500000 0.500000 0.169393 0.416105 0.303178 
0.500000 0.500000 0.169393 0.416105 0.303178 
0.500000 0.500000 0.169393 0.416105 0.303178 
0.500000 0.500000 0.169393 0.416105 0.303178 
0.500000 0.500000 0.169393 0.416105 0.303178 
0.500000 0.500000 0.169393 0.416105 0.303178 
0.500000 0.500000 0.169393 0.416105 0.303178 
0.500000 0.500000 0.169393 0.416105 0.303178 
0.440679 0.500000 0.169393 0.416105 0.303178 
0.500000 0.500000 0.169393 0.416105 0.303178 
0.500000 0.500000 0.169393 0.416105 0.303178 
0.500000 0.500000 0.169393 0.416105 0.303178 
0.500000 0.500000 0.169393 0.416105 0.303178 
0.500000 0.500000 0.169393 0.416105 0.303178 
0.500000 0.500000 0.169393 0.416105 0.303178 
0.500000 0.500000 0.169393 0.416105 0.303178 
0.500000 0.500000 0.169393 0.416105 0.303178 
0.500000 0.500000 0.169393 0.416105 0.303178 
0.440679 0.500000 0.169393 0.416105 0.303178 
0.500000 0.500000 0.169393 0.416105 0.303178 
0.500000 0.500000 0.169393 0.416105 0.303178 
0.500000 0.500000 0.169393 0.416105 0.303178 
0.500000 0.500000 0.169393 0.416105 0.303178 
0.500000 0.500000 0.169393 0.416105 0.303178 
0.500000 0.500000 0.169393 0.416105 0.303178 
0.500000 0.500000 0.169393 0.416105 0.303178 
0.500000 0.500000 0.169393 0.416105 0.303178 
0.500000 0.500000 0.169393 0.416105 0.303178 
0.500000 0.268941 0.268941 0.500000 0.500000 
0.500000 0.231942 0.208107 0.368680 0.500000 
0.500000 0.500000 0.162893 0.397423 0.323582 
0.500000 0.500000 0.172564 0.419266 0.311129 
0.500000 0.500000 0.182604 0.414564 0.301844 
0.500000 0.500000 0.191489 0.409699 0.303829 
0.500000 0.500000 0.199020 0.405409 0.305891 
0.500000 0.500000 0.205214 0.401783 0.307716 
0.500000 0.500000 0.210195 0.398809 0.309263 
0.500000 0.500000 0.214136 0.396423 0.310535 
0.440679 0.500000 0.217218 0.394539 0.311558 
0.500000 0.500000 0.219606 0.393068 0.312367 
0.500000 0.500000 0.221445 0.391929 0.312999 
0.500000 0.500000 0.222854 0.391053 0.313489 
0.500000 0.500000 0.223930 0.390382 0.313866 
0.500000 0.500000 0.224750 0.389870 0.314155 
0.500000 0.500000 0.225374 0.389479 0.314376 
0.500000 0.500000 0.225847 0.389183 0.314544 
0.500000 0.500000 0.226206 0.388958 0.314672 
0.500000 0.500000 0.226478 0.388788 0.314769 
0.440679 0.500000 0.226684 0.388658 0.314843 
0.500000 0.500000 0.226840 0.388560 0.314899 
0.500000 0.500000 0.226958 0.388486 0.314941 
0.500000 0.500000 0.227047 0.388430 0.314973 
0.500000 0.500000 0.227114 0.388388 0.314997 
0.500000 0.500000 0.227165 0.388356 0.315015 
0.500000 0.500000 0.227204 0.388332 0.315029 
0.500000 0.500000 0.227233 0.388313 0.315039 
0.500000 0.500000 0.227255 0.388299 0.315047 
0.500000 0.500000 0.227272 0.388289 0.315053 
0.440679 0.500000 0.227284 0.388281 0.315058 
0.500000 0.500000 0.227294 0.388275 0.315061 
0.500000 0.500000 0.227301 0.388271 0.315064 
0.500000 0.500000 0.227307 0.388267 0.315066 
0.500000 0.500000 0.227311 0.388265 0.315067 
0.500000 0.500000 0.227314 0.388263 0.315068 
0.500000 0.500000 0.227316 0.388261 0.315069 
0.500000 0.500000 0.227318 0.388260 0.315070 
0.500000 0.500000 0.227319 0.388259 0.315070 
0.500000 0.500000 0.227320 0.388258 0.315071 
0.440679 0.500000 0.227321 0.388258 0.315071 
0.500000 0.500000 0.227322 0.388258 0.315071 
0.500000 0.500000 0.227322 0.388257 0.315071 
0.500000 0.500000 0.227322 0.388257 0.315072 
0.500000 0.500000 0.227323 0.388257 0.315072 
0.500000 0.500000 0.227323 0.388257 0.315072 
0.500000 0.500000 0.227323 0.388257 0.315072 
0.500000 0.500000 0.227323 0.388257 0.315072 
0.500000 0.500000 0.227323 0.388257 0.315072 
0.500000 0.500000 0.227323 0.388257 0.315072 
0.440679 0.500000 0.227323 0.388257 0.315072 
0.500000 0.500000 0.227323 0.388257 0.315072 
0.500000 0.500000 0.227323 0.388257 0.315072 
0.500000 0.500000 0.227323 0.388257 0.315072 
0.500000 0.500000 0.227323 0.388257 0.315072 
0.500000 0.500000 0.227323 0.388257 0.315072 
0.500000 0.500000 0.227323 0.388257 0.315072 
0.500000 0.500000 0.227323 0.388257 0.315072 
0.500000 0.500000 0.227323 0.388257 0.315072 
0.500000 0.500000 0.227323 0.388257 0.315072 
0.440679 0.500000 0.227323 0.388257 0.315072 
0.500000 0.500000 0.227323 0.388257 0.315072 
0.500000 0.500000 0.227323 0.388257 0.315072 
0.500000 0.500000 0.227323 0.388257 0.315072 
0.500000 0.500000 0.227323 0.388257 0.315072 
0.500000 0.500000 0.227323 0.388257 0.315072 
0.500000 0.500000 0.227323 0.388257 0.315072 
0.500000 0.500000 0.227323 0.388257 0.315072 
0.500000 0.500000 0.227323 0.388257 0.315072 
0.500000 0.500000 0.227323 0.388257 0.315072 
0.440679 0.500000 0.227323 0.388257 0.315072 
0.500000 0.500000 0.227323 0.388257 0.315072 
0.500000 0.500000 0.227323 0.388257 0.315072 
0.500000 0.500000 0.227323 0.388257 0.315072 
0.500000 0.500000 0.227323 0.388257 0.315072 
0.500000 0.500000 0.227323 0.388257 0.315072 
0.500000 0.500000 0.227323 0.388257 0.315072 
0.500000 0.500000 0.227323 0.388257 0.315072 
0.500000 0.500000 0.227323 0.388257 0.315072 
0.500000 0.500000 0.227323 0.388257 0.315072 
0.440679 0.500000 0.227323 0.388257 0.315072 
0.500000 0.500000 0.227323 0.388257 0.315072 
0.500000 0.500000 0.227323 0.388257 0.315072 
0.500000 0.500000 0.227323 0.388257 0.315072 
0.500000 0.500000 0.227323 0.388257 0.315072 
0.500000 0.500000 0.227323 0.388257 0.315072 
0.500000 0.500000 0.227323 0.388257 0.315072 
0.500000 0.500000 0.227323 0.388257 0.315072 
0.500000 0.500000 0.227323 0.388257 0.315072 
0.500000 0.500000 0.227323 0.388257 0.315072 
0.440679 0.500000 0.227323 0.388257 0.315072 
0.500000 0.500000 0.227323 0.388257 0.315072 
0.500000 0.500000 0.227323 0.388257 0.315072 
0.500000 0.500000 0.227323 0.388257 0.315072 
0.500000 0.500000 0.227323 0.388257 0.315072 
0.500000 0.500000 0.227323 0.388257 0.315072 
0.500000 0.500000 0.227323 0.388257 0.315072 
0.500000 0.500000 0.227323 0.388257 0.315072 
0.500000 0.500000 0.227323 0.388257 0.315072 
0.500000 0.500000 0.227323 0.388257 0.315072 
0.500000 0.268941 0.268941 0.500000 0.500000 
0.500000 0.231942 0.208107 0.368680 0.500000 
0.500000 0.500000 0.233167 0.397423 0.323582 
0.500000 0.500000 0.291564 0.385484 0.311129 
0.500000 0.500000 0.243069 0.358213 0.316270 
0.500000 0.500000 0.279098 0.380804 0.328180 
0.500000 0.500000 0.251758 0.363965 0.318297 
0.500000 0.500000 0.272055 0.376715 0.325649 
0.500000 0.500000 0.256757 0.367232 0.320074 
0.500000 0.500000 0.268150 0.374370 0.324216 
0.440679 0.500000 0.259592 0.369049 0.321096 
0.500000 0.500000 0.265978 0.373043 0.323420 
0.500000 0.500000 0.261190 0.370061 0.321675 
0.500000 0.500000 0.264766 0.372296 0.322977 
0.500000 0.500000 0.262087 0.370626 0.322001 
0.500000 0.500000 0.264090 0.371877 0.322731 
0.500000 0.500000 0.262590 0.370941 0.322184 
0.500000 0.500000 0.263712 0.371642 0.322593 
0.500000 0.500000 0.262873 0.371118 0.322287 
0.500000 0.500000 0.263500 0.371510 0.322515 
0.440679 0.500000 0.263031 0.371217 0.322344 
0.500000 0.500000 0.263382 0.371436 0.322472 
0.500000 0.500000 0.263119 0.371272 0.322376 
0.500000 0.500000 0.263316 0.371395 0.322448 
0.500000 0.500000 0.263169 0.371303 0.322394 
0.500000 0.500000 0.263279 0.371372 0.322435 
0.500000 0.500000 0.263196 0.371320 0.322405 
0.500000 0.500000 0.263258 0.371359 0.322427 
0.500000 0.500000 0.263212 0.371330 0.322410 
0.500000 0.500000 0.263246 0.371351 0.322423 
0.440679 0.500000 0.263220 0.371335 0.322413 
0.500000 0.500000 0.263240 0.371347 0.322420 
0.500000 0.500000 0.263225 0.371338 0.322415 
0.500000 0.500000 0.263236 0.371345 0.322419 
0.500000 0.500000 0.263228 0.371340 0.322416 
0.500000 0.500000 0.263234 0.371344 0.322418 
0.500000 0.500000 0.263230 0.371341 0.322417 
0.500000 0.500000 0.263233 0.371343 0.322418 
0.500000 0.500000 0.263230 0.371342 0.322417 
0.500000 0.500000 0.263232 0.371343 0.322418 
0.440679 0.500000 0.263231 0.371342 0.322417 
0.500000 0.500000 0.263232 0.371342 0.322418 
0.500000 0.500000 0.263231 0.371342 0.322417 
0.500000 0.500000 0.263232 0.371342 0.322418 
0.500000 0.500000 0.263231 0.371342 0.322417 
0.500000 0.500000 0.263232 0.371342 0.322417 
0.500000 0.500000 0.263231 0.371342 0.322417 
0.500000 0.500000 0.263232 0.371342 0.322417 
0.500000 0.500000 0.263231 0.371342 0.322417 
0.500000 0.500000 0.263232 0.371342 0.322417 
0.440679 0.500000 0.263232 0.371342 0.322417 
0.500000 0.500000 0.263232 0.371342 0.322417 
0.500000 0.500000 0.263232 0.371342 0.322417 
0.500000 0.500000 0.263232 0.371342 0.322417 
0.500000 0.500000 0.263232 0.371342 0.322417 
0.500000 0.500000 0.263232 0.371342 0.322417 
0.500000 0.500000 0.263232 0.371342 0.322417 
0.500000 0.500000 0.263232 0.371342 0.322417 
0.500000 0.500000 0.263232 0.371342 0.322417 
0.500000 0.500000 0.263232 0.371342 0.322417 
0.440679 0.500000 0.263232 0.371342 0.322417 
0.500000 0.500000 0.263232 0.371342 0.322417 
0.500000 0.500000 0.263232 0.371342 0.322417 
0.500000 0.500000 0.263232 0.371342 0.322417 
0.500000 0.500000 0.263232 0.371342 0.322417 
0.500000 0.500000 0.263232 0.371342 0.322417 
0.500000 0.500000 0.263232 0.371342 0.322417 
0.500000 0.500000 0.263232 0.371342 0.322417 
0.500000 0.500000 0.263232 0.371342 0.322417 
0.500000 0.500000 0.263232 0.371342 0.322417 
0.440679 0.500000 0.263232 0.371342 0.322417 
0.500000 0.500000 0.263232 0.371342 0.322417 
0.500000 0.500000 0.263232 0.371342 0.322417 
0.500000 0.500000 0.263232 0.371342 0.322417 
0.500000 0.500000 0.263232 0.371342 0.322417 
0.500000 0.500000 0.263232 0.371342 0.322417 
0.500000 0.500000 0.263232 0.371342 0.322417 
0.500000 0.500000 0.263232 0.371342 0.322417 
0.500000 0.500000 0.263232 0.371342 0.322417 
0.500000 0.500000 0.263232 0.371342 0.322417 
0.440679 0.500000 0.263232 0.371342 0.322417 
0.500000 0.500000 0.263232 0.371342 0.322417 
0.500000 0.500000 0.263232 0.371342 0.322417 
0.500000 0.500000 0.263232 0.371342 0.322417 
0.500000 0.500000 0.263232 0.371342 0.322417 
0.500000 0.500000 0.263232 0.371342 0.322417 
0.500000 0.500000 0.263232 0.371342 0.322417 
0.500000 0.500000 0.263232 0.371342 0.322417 
0.500000 0.500000 0.263232 0.371342 0.322417 
0.500000 0.500000 0.263232 0.371342 0.322417 
0.440679 0.500000 0.263232 0.371342 0.322417 
0.500000 0.500000 0.263232 0.371342 0.322417 
0.500000 0.500000 0.263232 0.371342 0.322417 
0.500000 0.500000 0.263232 0.371342 0.322417 
0.500000 0.500000 0.263232 0.371342 0.322417 
0.500000 0.500000 0.263232 0.371342 0.322417 
0.500000 0.500000 0.263232 0.371342 0.322417 
0.500000 0.500000 0.263232 0.371342 0.322417 
0.500000 0.500000 0.263232 0.371342 0.322417 
0.500000 0.500000 0.263232 0.371342 0.322417 
0.500000 0.268941 0.268941 0.500000 0.500000 
0.500000 0.231942 0.208107 0.368680 0.500000 
0.500000 0.500000 0.233167 0.397423 0.323582 
0.500000 0.500000 0.291564 0.385484 0.311129 
0.500000 0.500000 0.243069 0.358213 0.316270 
0.500000 0.500000 0.279098 0.380804 0.328180 
0.500000 0.500000 0.251758 0.363965 0.318297 
0.500000 0.500000 0.272055 0.376715 0.325649 
0.500000 0.500000 0.256757 0.367232 0.320074 
0.500000 0.500000 0.268150 0.374370 0.324216 
0.440679 0.500000 0.259592 0.369049 0.321096 
0.500000 0.225062 0.265978 0.373043 0.323420 
0.500000 0.500000 0.191505 0.370061 0.321675 
0.500000 0.500000 0.334898 0.405401 0.322977 
0.500000 0.218538 0.215912 0.338542 0.307719 
0.500000 0.500000 0.219648 0.393691 0.336912 
0.500000 0.500000 0.304605 0.391909 0.312731 
0.500000 0.500000 0.234527 0.352239 0.313498 
0.500000 0.500000 0.286358 0.384840 0.330820 
0.500000 0.500000 0.246745 0.360610 0.316548 
0.440679 0.500000 0.276072 0.379072 0.327124 
0.500000 0.228098 0.253889 0.365367 0.319050 
0.500000 0.500000 0.198386 0.375715 0.325034 
0.500000 0.500000 0.326793 0.402088 0.320510 
0.500000 0.217364 0.220757 0.342182 0.309133 
0.500000 0.500000 0.215666 0.391380 0.335288 
0.500000 0.500000 0.308574 0.393808 0.313725 
0.500000 0.500000 0.232000 0.350430 0.312681 
0.500000 0.500000 0.288579 0.386038 0.331622 
0.500000 0.500000 0.245238 0.359587 0.316030 
0.440679 0.500000 0.277301 0.379781 0.327575 
0.500000 0.228318 0.253020 0.364797 0.318741 
0.500000 0.500000 0.198909 0.376122 0.325284 
0.500000 0.500000 0.326197 0.401837 0.320332 
0.500000 0.217277 0.221117 0.342450 0.309240 
0.500000 0.500000 0.215379 0.391209 0.335168 
0.500000 0.500000 0.308865 0.393945 0.313799 
0.500000 0.500000 0.231816 0.350298 0.312622 
0.500000 0.500000 0.288742 0.386125 0.331680 
0.500000 0.500000 0.245129 0.359512 0.315993 
0.440679 0.500000 0.277391 0.379833 0.327608 
0.500000 0.228335 0.252957 0.364756 0.318719 
0.500000 0.500000 0.198947 0.376152 0.325302 
0.500000 0.500000 0.326153 0.401818 0.320320 
0.500000 0.217271 0.221144 0.342470 0.309248 
0.500000 0.500000 0.215358 0.391196 0.335160 
0.500000 0.500000 0.308886 0.393955 0.313805 
0.500000 0.500000 0.231802 0.350288 0.312617 
0.500000 0.500000 0.288754 0.386131 0.331684 
0.500000 0.500000 0.245121 0.359506 0.315990 
0.440679 0.500000 0.277398 0.379837 0.327610 
0.500000 0.228336 0.252952 0.364753 0.318717 
0.500000 0.500000 0.198950 0.376154 0.325303 
0.500000 0.500000 0.326150 0.401817 0.320319 
0.500000 0.217270 0.221146 0.342471 0.309249 
0.500000 0.500000 0.215356 0.391195 0.335159 
0.500000 0.500000 0.308887 0.393956 0.313805 
0.500000 0.500000 0.231801 0.350288 0.312617 
0.500000 0.500000 0.288755 0.386131 0.331685 
0.500000 0.500000 0.245120 0.359506 0.315990 
0.440679 0.500000 0.277398 0.379837 0.327611 
0.500000 0.228336 0.252952 0.364752 0.318717 
0.500000 0.500000 0.198950 0.376154 0.325303 
0.500000 0.500000 0.326150 0.401817 0.320318 
0.500000 0.217270 0.221146 0.342472 0.309249 
0.500000 0.500000 0.215356 0.391195 0.335159 
0.500000 0.500000 0.308887 0.393956 0.313805 
0.500000 0.500000 0.231801 0.350288 0.312617 
0.500000 0.500000 0.288755 0.386131 0.331685 
0.500000 0.500000 0.245120 0.359506 0.315990 
0.440679 0.500000 0.277398 0.379837 0.327611 
0.500000 0.228336 0.252952 0.364752 0.318717 
0.500000 0.500000 0.198950 0.376154 0.325303 
0.500000 0.500000 0.326150 0.401817 0.320318 
0.500000 0.217270 0.221146 0.342472 0.309249 
0.500000 0.500000 0.215356 0.391195 0.335159 
0.500000 0.500000 0.308887 0.393956 0.313805 
0.500000 0.500000 0.231801 0.350288 0.312617 
0.500000 0.500000 0.288755 0.386131 0.331685 
0.500000 0.500000 0.245120 0.359506 0.315990 
0.440679 0.500000 0.277398 0.379837 0.327611 
0.500000 0.228336 0.252952 0.364752 0.318717 
0.500000 0.500000 0.198950 0.376154 0.325303 
0.500000 0.500000 0.326150 0.401817 0.320318 
0.500000 0.217270 0.221146 0.342472 0.309249 
0.500000 0.500000 0.215356 0.391195 0.335159 
0.500000 0.500000 0.308887 0.393956 0.313805 
0.500000 0.500000 0.231801 0.350288 0.312617 
0.500000 0.500000 0.288755 0.386131 0.331685 
0.500000 0.500000 0.245120 0.359506 0.315990 
0.440679 0.500000 0.277398 0.379837 0.327611 
0.500000 0.228336 0.252952 0.364752 0.318717 
0.500000 0.500000 0.198950 0.376154 0.325303 
0.500000 0.500000 0.326150 0.401817 0.320318 
0.500000 0.217270 0.221146 0.342472 0.309249 
0.500000 0.500000 0.215356 0.391195 0.335159 
0.500000 0.500000 0.308887 0.393956 0.313805 
0.500000 0.500000 0.231801 0.350288 0.312617 
0.500000 0.500000 0.288755 0.386131 0.331685 
0.500000 0.500000 0.245120 0.359506 0.315990 
0.500000 0.268941 0.268941 0.500000 0.500000 
0.500000 0.309464 0.208107 0.368680 0.500000 
0.500000 0.314922 0.279452 0.397423 0.323582 
0.500000 0.303780 0.219920 0.363801 0.311129 
0.500000 0.310256 0.265763 0.391779 0.325721 
0.500000 0.304954 0.228104 0.370161 0.313554 
0.500000 0.309400 0.257884 0.387886 0.322934 
0.500000 0.305953 0.233705 0.373842 0.315232 
0.500000 0.308790 0.252917 0.385230 0.321326 
0.500000 0.306559 0.237387 0.376171 0.316380 
0.440679 0.308377 0.249766 0.383487 0.320311 
0.500000 0.331284 0.239789 0.377651 0.317134 
0.500000 0.312999 0.255079 0.382352 0.319667 
0.500000 0.306558 0.237196 0.375157 0.317626 
0.500000 0.308287 0.250007 0.383577 0.320753 
0.500000 0.306878 0.239571 0.377537 0.317095 
0.500000 0.308127 0.247930 0.382455 0.319717 
0.500000 0.307156 0.241212 0.378514 0.317581 
0.500000 0.307941 0.246585 0.381680 0.319292 
0.500000 0.307315 0.242267 0.379147 0.317917 
0.440679 0.307819 0.245724 0.381182 0.319017 
0.500000 0.331754 0.242948 0.379553 0.318133 
0.500000 0.312635 0.252413 0.380861 0.318841 
0.500000 0.306868 0.239205 0.376407 0.318273 
0.500000 0.308059 0.248319 0.382628 0.320208 
0.500000 0.307080 0.240877 0.378331 0.317506 
0.500000 0.307977 0.246852 0.381838 0.319371 
0.500000 0.307284 0.242057 0.379022 0.317849 
0.500000 0.307843 0.245895 0.381281 0.319071 
0.500000 0.307396 0.242813 0.379472 0.318090 
0.440679 0.307756 0.245282 0.380925 0.318876 
0.500000 0.331805 0.243300 0.379761 0.318245 
0.500000 0.312595 0.252120 0.380695 0.318750 
0.500000 0.306902 0.239428 0.376545 0.318345 
0.500000 0.308033 0.248134 0.382522 0.320149 
0.500000 0.307102 0.241021 0.378418 0.317552 
0.500000 0.307960 0.246733 0.381770 0.319333 
0.500000 0.307298 0.242151 0.379077 0.317878 
0.500000 0.307833 0.245819 0.381237 0.319047 
0.500000 0.307405 0.242873 0.379508 0.318109 
0.440679 0.307749 0.245233 0.380896 0.318860 
0.500000 0.331810 0.243339 0.379784 0.318257 
0.500000 0.312590 0.252088 0.380677 0.318740 
0.500000 0.306906 0.239452 0.376560 0.318353 
0.500000 0.308031 0.248113 0.382511 0.320142 
0.500000 0.307104 0.241037 0.378428 0.317557 
0.500000 0.307958 0.246720 0.381762 0.319329 
0.500000 0.307299 0.242161 0.379084 0.317882 
0.500000 0.307831 0.245811 0.381232 0.319044 
0.500000 0.307406 0.242880 0.379512 0.318111 
0.440679 0.307748 0.245227 0.380893 0.318858 
0.500000 0.331811 0.243343 0.379786 0.318259 
0.500000 0.312590 0.252084 0.380675 0.318739 
0.500000 0.306907 0.239455 0.376561 0.318353 
0.500000 0.308030 0.248111 0.382509 0.320141 
0.500000 0.307104 0.241039 0.378429 0.317558 
0.500000 0.307958 0.246718 0.381762 0.319329 
0.500000 0.307300 0.242162 0.379084 0.317882 
0.500000 0.307831 0.245810 0.381232 0.319044 
0.500000 0.307406 0.242880 0.379512 0.318112 
0.440679 0.307748 0.245227 0.380893 0.318858 
0.500000 0.331811 0.243343 0.379787 0.318259 
0.500000 0.312590 0.252084 0.380674 0.318739 
0.500000 0.306907 0.239455 0.376562 0.318354 
0.500000 0.308030 0.248111 0.382509 0.320141 
0.500000 0.307104 0.241039 0.378429 0.317558 
0.500000 0.307958 0.246718 0.381761 0.319329 
0.500000 0.307300 0.242162 0.379084 0.317882 
0.500000 0.307831 0.245810 0.381232 0.319044 
0.500000 0.307406 0.242880 0.379512 0.318112 
0.440679 0.307748 0.245227 0.380893 0.318858 
0.500000 0.331811 0.243343 0.379787 0.318259 
0.500000 0.312590 0.252084 0.380674 0.318739 
0.500000 0.306907 0.239455 0.376562 0.318354 
0.500000 0.308030 0.248111 0.382509 0.320141 
0.500000 0.307104 0.241039 0.378429 0.317558 
0.500000 0.307958 0.246718 0.381761 0.319329 
0.500000 0.307300 0.242162 0.379084 0.317882 
0.500000 0.307831 0.245810 0.381232 0.319044 
0.500000 0.307406 0.242880 0.379512 0.318112 
0.440679 0.307748 0.245227 0.380893 0.318858 
0.500000 0.331811 0.243343 0.379787 0.318259 
0.500000 0.312590 0.252084 0.380674 0.318739 
0.500000 0.306907 0.239455 0.376562 0.318354 
0.500000 0.308030 0.248111 0.382509 0.320141 
0.500000 0.307104 0.241039 0.378429 0.317558 
0.500000 0.307958 0.246718 0.381761 0.319329 
0.500000 0.307300 0.242162 0.379084 0.317882 
0.500000 0.307831 0.245810 0.381232 0.319044 
0.500000 0.307406 0.242880 0.379512 0.318112 
0.440679 0.307748 0.245227 0.380893 0.318858 
0.500000 0.331811 0.243343 0.379787 0.318259 
0.500000 0.312590 0.252084 0.380674 0.318739 
0.500000 0.306907 0.239455 0.376562 0.318354 
0.500000 0.308030 0.248111 0.382509 0.320141 
0.500000 0.307104 0.241039 0.378429 0.317558 
0.500000 0.307958 0.246718 0.381761 0.319329 
0.500000 0.307300 0.242162 0.379084 0.317882 
0.500000 0.307831 0.245810 0.381232 0.319044 
0.500000 0.307406 0.242880 0.379512 0.318112 
0.500000 0.268941 0.268941 0.500000 0.500000 
0.500000 0.309464 0.208107 0.368680 0.500000 
0.500000 0.309402 0.258825 0.397423 0.323582 
0.500000 0.302710 0.229674 0.373402 0.311129 
0.500000 0.303698 0.243640 0.387141 0.321518 
0.500000 0.303114 0.235804 0.380535 0.315554 
0.500000 0.303616 0.240012 0.384236 0.318414 
0.500000 0.303407 0.237768 0.382247 0.316810 
0.500000 0.303526 0.238975 0.383307 0.317672 
0.500000 0.303461 0.238326 0.382737 0.317212 
0.440679 0.303496 0.238674 0.383043 0.317459 
0.500000 0.327874 0.238487 0.382879 0.317326 
0.500000 0.308384 0.245698 0.382967 0.317398 
0.500000 0.302870 0.236473 0.379565 0.317359 
0.500000 0.303246 0.239672 0.383919 0.318835 
0.500000 0.303354 0.237851 0.382407 0.316947 
0.500000 0.303525 0.238905 0.383267 0.317602 
0.500000 0.303470 0.238363 0.382769 0.317229 
0.500000 0.303495 0.238655 0.383026 0.317445 
0.500000 0.303478 0.238497 0.382887 0.317334 
0.440679 0.303487 0.238582 0.382962 0.317394 
0.500000 0.327879 0.238536 0.382922 0.317361 
0.500000 0.308381 0.245670 0.382944 0.317379 
0.500000 0.302871 0.236487 0.379578 0.317369 
0.500000 0.303245 0.239665 0.383912 0.318830 
0.500000 0.303355 0.237855 0.382410 0.316950 
0.500000 0.303524 0.238903 0.383266 0.317601 
0.500000 0.303470 0.238364 0.382770 0.317230 
0.500000 0.303495 0.238654 0.383025 0.317445 
0.500000 0.303479 0.238497 0.382888 0.317334 
0.440679 0.303487 0.238581 0.382962 0.317394 
0.500000 0.327879 0.238536 0.382922 0.317361 
0.500000 0.308381 0.245670 0.382944 0.317379 
0.500000 0.302871 0.236487 0.379578 0.317369 
0.500000 0.303245 0.239665 0.383912 0.318830 
0.500000 0.303355 0.237855 0.382410 0.316950 
0.500000 0.303524 0.238903 0.383266 0.317601 
0.500000 0.303470 0.238364 0.382770 0.317230 
0.500000 0.303495 0.238654 0.383025 0.317445 
0.500000 0.303479 0.238497 0.382888 0.317334 
0.440679 0.303487 0.238581 0.382962 0.317394 
0.500000 0.327879 0.238536 0.382922 0.317361 
0.500000 0.308381 0.245670 0.382944 0.317379 
0.500000 0.302871 0.236487 0.379578 0.317369 
0.500000 0.303245 0.239665 0.383912 0.318830 
0.500000 0.303355 0.237855 0.382410 0.316950 
0.500000 0.303524 0.238903 0.383266 0.317601 
0.500000 0.303470 0.238364 0.382770 0.317230 
0.500000 0.303495 0.238654 0.383025 0.317445 
0.500000 0.303479 0.238497 0.382888 0.317334 
0.440679 0.303487 0.238581 0.382962 0.317394 
0.500000 0.327879 0.238536 0.382922 0.317361 
0.500000 0.308381 0.245670 0.382944 0.317379 
0.500000 0.302871 0.236487 0.379578 0.317369 
0.500000 0.303245 0.239665 0.383912 0.318830 
0.500000 0.303355 0.237855 0.382410 0.316950 
0.500000 0.303524 0.238903 0.383266 0.317601 
0.500000 0.303470 0.238364 0.382770 0.317230 
0.500000 0.303495 0.238654 0.383025 0.317445 
0.500000 0.303479 0.238497 0.382888 0.317334 
0.440679 0.303487 0.238581 0.382962 0.317394 
0.500000 0.327879 0.238536 0.382922 0.317361 
0.500000 0.308381 0.245670 0.382944 0.317379 
0.500000 0.302871 0.236487 0.379578 0.317369 
0.500000 0.303245 0.239665 0.383912 0.318830 
0.500000 0.303355 0.237855 0.382410 0.316950 
0.500000 0.303524 0.238903 0.383266 0.317601 
0.500000 0.303470 0.238364 0.382770 0.317230 
0.500000 0.303495 0.238654 0.383025 0.317445 
0.500000 0.303479 0.238497 0.382888 0.317334 
0.440679 0.303487 0.238581 0.382962 0.317394 
0.500000 0.327879 0.238536 0.382922 0.317361 
0.500000 0.308381 0.245670 0.382944 0.317379 
0.500000 0.302871 0.236487 0.379578 0.317369 
0.500000 0.303245 0.239665 0.383912 0.318830 
0.500000 0.303355 0.237855 0.382410 0.316950 
0.500000 0.303524 0.238903 0.383266 0.317601 
0.500000 0.303470 0.238364 0.382770 0.317230 
0.500000 0.303495 0.238654 0.383025 0.317445 
0.500000 0.303479 0.238497 0.382888 0.317334 
0.440679 0.303487 0.238581 0.382962 0.317394 
0.500000 0.327879 0.238536 0.382922 0.317361 
0.500000 0.308381 0.245670 0.382944 0.317379 
0.500000 0.302871 0.236487 0.379578 0.317369 
0.500000 0.303245 0.239665 0.383912 0.318830 
0.500000 0.303355 0.237855 0.382410 0.316950 
0.500000 0.303524 0.238903 0.383266 0.317601 
0.500000 0.303470 0.238364 0.382770 0.317230 
0.500000 0.303495 0.238654 0.383025 0.317445 
0.500000 0.303479 0.238497 0.382888 0.317334 
0.440679 0.303487 0.238581 0.382962 0.317394 
0.500000 0.327879 0.238536 0.382922 0.317361 
0.500000 0.308381 0.245670 0.382944 0.317379 
0.500000 0.302871 0.236487 0.379578 0.317369 
0.500000 0.303245 0.239665 0.383912 0.318830 
0.500000 0.303355 0.237855 0.382410 0.316950 
0.500000 0.303524 0.238903 0.383266 0.317601 
0.500000 0.303470 0.238364 0.382770 0.317230 
0.500000 0.303495 0.238654 0.383025 0.317445 
0.500000 0.303479 0.238497 0.382888 0.317334 
0.500000 0.268941 0.268941 0.500000 0.500000 
0.500000 0.309464 0.208107 0.368680 0.500000 
0.500000 0.309402 0.258825 0.397423 0.323582 
0.500000 0.302710 0.229674 0.373402 0.311129 
0.500000 0.303698 0.243640 0.387141 0.321518 
0.500000 0.303114 0.235804 0.380535 0.315554 
0.500000 0.303616 0.240012 0.384236 0.318414 
0.500000 0.303407 0.237768 0.382247 0.316810 
0.500000 0.303526 0.238975 0.383307 0.317672 
0.500000 0.303461 0.238326 0.382737 0.317212 
0.440679 0.303496 0.238674 0.383043 0.317459 
0.500000 0.327874 0.238487 0.382879 0.317326 
0.500000 0.308384 0.245698 0.382967 0.317398 
0.500000 0.302870 0.236473 0.379565 0.317359 
0.500000 0.303246 0.239672 0.383919 0.318835 
0.500000 0.303354 0.237851 0.382407 0.316947 
0.500000 0.303525 0.238905 0.383267 0.317602 
0.500000 0.303470 0.238363 0.382769 0.317229 
0.500000 0.303495 0.238655 0.383026 0.317445 
0.500000 0.303478 0.238497 0.382887 0.317334 
0.440679 0.303487 0.238582 0.382962 0.317394 
0.500000 0.327879 0.238536 0.382922 0.317361 
0.500000 0.308381 0.245670 0.382944 0.317379 
0.500000 0.302871 0.236487 0.379578 0.317369 
0.500000 0.303245 0.239665 0.383912 0.318830 
0.500000 0.303355 0.237855 0.382410 0.316950 
0.500000 0.303524 0.238903 0.383266 0.317601 
0.500000 0.303470 0.238364 0.382770 0.317230 
0.500000 0.303495 0.238654 0.383025 0.317445 
0.500000 0.303479 0.238497 0.382888 0.317334 
0.440679 0.303487 0.238581 0.382962 0.317394 
0.500000 0.327879 0.238536 0.382922 0.317361 
0.500000 0.308381 0.245670 0.382944 0.317379 
0.500000 0.302871 0.236487 0.379578 0.317369 
0.500000 0.303245 0.239665 0.383912 0.318830 
0.500000 0.303355 0.237855 0.382410 0.316950 
0.500000 0.303524 0.238903 0.383266 0.317601 
0.500000 0.303470 0.238364 0.382770 0.317230 
0.500000 0.303495 0.238654 0.383025 0.317445 
0.500000 0.303479 0.238497 0.382888 0.317334 
0.440679 0.303487 0.238581 0.382962 0.317394 
0.500000 0.327879 0.238536 0.382922 0.317361 
0.500000 0.308381 0.245670 0.382944 0.317379 
0.500000 0.302871 0.236487 0.379578 0.317369 
0.500000 0.303245 0.239665 0.383912 0.318830 
0.500000 0.303355 0.237855 0.382410 0.316950 
0.500000 0.303524 0.238903 0.383266 0.317601 
0.500000 0.303470 0.238364 0.382770 0.317230 
0.500000 0.303495 0.238654 0.383025 0.317445 
0.500000 0.303479 0.238497 0.382888 0.317334 
0.440679 0.303487 0.238581 0.382962 0.317394 
0.500000 0.327879 0.238536 0.382922 0.317361 
0.500000 0.308381 0.245670 0.382944 0.317379 
0.500000 0.302871 0.236487 0.379578 0.317369 
0.500000 0.303245 0.239665 0.383912 0.318830 
0.500000 0.303355 0.237855 0.382410 0.316950 
0.500000 0.303524 0.238903 0.383266 0.317601 
0.500000 0.303470 0.238364 0.382770 0.317230 
0.500000 0.303495 0.238654 0.383025 0.317445 
0.500000 0.303479 0.238497 0.382888 0.317334 
0.440679 0.303487 0.238581 0.382962 0.317394 
0.500000 0.327879 0.238536 0.382922 0.317361 
0.500000 0.308381 0.245670 0.382944 0.317379 
0.500000 0.302871 0.236487 0.379578 0.317369 
0.500000 0.303245 0.239665 0.383912 0.318830 
0.500000 0.303355 0.237855 0.382410 0.316950 
0.500000 0.303524 0.238903 0.383266 0.317601 
0.500000 0.303470 0.238364 0.382770 0.317230 
0.500000 0.303495 0.238654 0.383025 0.317445 
0.500000 0.303479 0.238497 0.382888 0.317334 
0.440679 0.303487 0.238581 0.382962 0.317394 
0.500000 0.327879 0.238536 0.382922 0.317361 
0.500000 0.308381 0.245670 0.382944 0.317379 
0.500000 0.302871 0.236487 0.379578 0.317369 
0.500000 0.303245 0.239665 0.383912 0.318830 
0.500000 0.303355 0.237855 0.382410 0.316950 
0.500000 0.303524 0.238903 0.383266 0.317601 
0.500000 0.303470 0.238364 0.382770 0.317230 
0.500000 0.303495 0.238654 0.383025 0.317445 
0.500000 0.303479 0.238497 0.382888 0.317334 
0.440679 0.303487 0.238581 0.382962 0.317394 
0.500000 0.327879 0.238536 0.382922 0.317361 
0.500000 0.308381 0.245670 0.382944 0.317379 
0.500000 0.302871 0.236487 0.379578 0.317369 
0.500000 0.303245 0.239665 0.383912 0.318830 
0.500000 0.303355 0.237855 0.382410 0.316950 
0.500000 0.303524 0.238903 0.383266 0.317601 
0.500000 0.303470 0.238364 0.382770 0.317230 
0.500000 0.303495 0.238654 0.383025 0.317445 
0.500000 0.303479 0.238497 0.382888 0.317334 
0.440679 0.303487 0.238581 0.382962 0.317394 
0.500000 0.327879 0.238536 0.382922 0.317361 
0.500000 0.308381 0.245670 0.382944 0.317379 
0.500000 0.302871 0.236487 0.379578 0.317369 
0.500000 0.303245 0.239665 0.383912 0.318830 
0.500000 0.303355 0.237855 0.382410 0.316950 
0.500000 0.303524 0.238903 0.383266 0.317601 
0.500000 0.303470 0.238364 0.382770 0.317230 
0.500000 0.303495 0.238654 0.383025 0.317445 
0.500000 0.303479 0.238497 0.382888 0.317334 
0.500000 0.268941 0.268941 0.500000 0.500000 
0.500000 0.299199 0.208107 0.368680 0.500000 
0.500000 0.293647 0.255595 0.397423 0.323582 
0.500000 0.289325 0.226705 0.374915 0.311129 
0.500000 0.289420 0.241069 0.388550 0.320858 
0.500000 0.289343 0.232786 0.381747 0.314945 
0.500000 0.289557 0.237368 0.385665 0.317888 
0.500000 0.289496 0.234839 0.383496 0.316192 
0.500000 0.289539 0.236242 0.384692 0.317130 
0.500000 0.289516 0.235464 0.384029 0.316612 
0.440679 0.289528 0.235895 0.384397 0.316900 
0.500000 0.313950 0.235656 0.384193 0.316740 
0.500000 0.294389 0.242999 0.384306 0.316828 
0.500000 0.289285 0.233620 0.380837 0.316780 
0.500000 0.289246 0.236993 0.385270 0.318283 
0.500000 0.289429 0.234962 0.383673 0.316362 
0.500000 0.289535 0.236147 0.384634 0.317053 
0.500000 0.289521 0.235514 0.384073 0.316637 
0.500000 0.289529 0.235868 0.384373 0.316880 
0.500000 0.289522 0.235671 0.384206 0.316751 
0.440679 0.289525 0.235780 0.384299 0.316823 
0.500000 0.313952 0.235719 0.384247 0.316783 
0.500000 0.294388 0.242962 0.384276 0.316805 
0.500000 0.289285 0.233640 0.380854 0.316793 
0.500000 0.289246 0.236982 0.385260 0.318275 
0.500000 0.289429 0.234968 0.383678 0.316366 
0.500000 0.289535 0.236144 0.384632 0.317051 
0.500000 0.289521 0.235516 0.384075 0.316639 
0.500000 0.289529 0.235867 0.384372 0.316880 
0.500000 0.289522 0.235672 0.384206 0.316751 
0.440679 0.289525 0.235779 0.384298 0.316823 
0.500000 0.313952 0.235720 0.384247 0.316783 
0.500000 0.294388 0.242962 0.384276 0.316805 
0.500000 0.289285 0.233640 0.380854 0.316793 
0.500000 0.289246 0.236982 0.385260 0.318275 
0.500000 0.289429 0.234968 0.383678 0.316366 
0.500000 0.289535 0.236144 0.384632 0.317051 
0.500000 0.289521 0.235516 0.384075 0.316639 
0.500000 0.289529 0.235867 0.384372 0.316880 
0.500000 0.289522 0.235672 0.384206 0.316751 
0.440679 0.289525 0.235779 0.384298 0.316823 
0.500000 0.313952 0.235720 0.384247 0.316783 
0.500000 0.294388 0.242962 0.384276 0.316805 
0.500000 0.289285 0.233640 0.380854 0.316793 
0.500000 0.289246 0.236982 0.385260 0.318275 
0.500000 0.289429 0.234968 0.383678 0.316366 
0.500000 0.289535 0.236144 0.384632 0.317051 
0.500000 0.289521 0.235516 0.384075 0.316639 
0.500000 0.289529 0.235867 0.384372 0.316880 
0.500000 0.289522 0.235672 0.384206 0.316751 
0.440679 0.289525 0.235779 0.384298 0.316823 
0.500000 0.313952 0.235720 0.384247 0.316783 
0.500000 0.294388 0.242962 0.384276 0.316805 
0.500000 0.289285 0.233640 0.380854 0.316793 
0.500000 0.289246 0.236982 0.385260 0.318275 
0.500000 0.289429 0.234968 0.383678 0.316366 
0.500000 0.289535 0.236144 0.384632 0.317051 
0.500000 0.289521 0.235516 0.384075 0.316639 
0.500000 0.289529 0.235867 0.384372 0.316880 
0.500000 0.289522 0.235672 0.384206 0.316751 
0.440679 0.289525 0.235779 0.384298 0.316823 
0.500000 0.313952 0.235720 0.384247 0.316783 
0.500000 0.294388 0.242962 0.384276 0.316805 
0.500000 0.289285 0.233640 0.380854 0.316793 
0.500000 0.289246 0.236982 0.385260 0.318275 
0.500000 0.289429 0.234968 0.383678 0.316366 
0.500000 0.289535 0.236144 0.384632 0.317051 
0.500000 0.289521 0.235516 0.384075 0.316639 
0.500000 0.289529 0.235867 0.384372 0.316880 
0.500000 0.289522 0.235672 0.384206 0.316751 
0.440679 0.289525 0.235779 0.384298 0.316823 
0.500000 0.313952 0.235720 0.384247 0.316783 
0.500000 0.294388 0.242962 0.384276 0.316805 
0.500000 0.289285 0.233640 0.380854 0.316793 
0.500000 0.289246 0.236982 0.385260 0.318275 
0.500000 0.289429 0.234968 0.383678 0.316366 
0.500000 0.289535 0.236144 0.384632 0.317051 
0.500000 0.289521 0.235516 0.384075 0.316639 
0.500000 0.289529 0.235867 0.384372 0.316880 
0.500000 0.289522 0.235672 0.384206 0.316751 
0.440679 0.289525 0.235779 0.384298 0.316823 
0.500000 0.313952 0.235720 0.384247 0.316783 
0.500000 0.294388 0.242962 0.384276 0.316805 
0.500000 0.289285 0.233640 0.380854 0.316793 
0.500000 0.289246 0.236982 0.385260 0.318275 
0.500000 0.289429 0.234968 0.383678 0.316366 
0.500000 0.289535 0.236144 0.384632 0.317051 
0.500000 0.289521 0.235516 0.384075 0.316639 
0.500000 0.289529 0.235867 0.384372 0.316880 
0.500000 0.289522 0.235672 0.384206 0.316751 
0.440679 0.289525 0.235779 0.384298 0.316823 
0.500000 0.313952 0.235720 0.384247 0.316783 
0.500000 0.294388 0.242962 0.384276 0.316805 
0.500000 0.289285 0.233640 0.380854 0.316793 
0.500000 0.289246 0.236982 0.385260 0.318275 
0.500000 0.289429 0.234968 0.383678 0.316366 
0.500000 0.289535 0.236144 0.384632 0.317051 
0.500000 0.289521 0.235516 0.384075 0.316639 
0.500000 0.289529 0.235867 0.384372 0.316880 
0.500000 0.289522 0.235672 0.384206 0.316751 
0.500000 0.268941 0.268941 0.500000 0.500000 
0.500000 0.359370 0.208107 0.368680 0.500000 
0.500000 0.383532 0.274173 0.397423 0.323582 
0.500000 0.363432 0.242900 0.366248 0.311129 
0.500000 0.367990 0.254955 0.380883 0.324647 
0.500000 0.365855 0.248973 0.375215 0.318263 
0.500000 0.367173 0.251797 0.378023 0.320728 
0.500000 0.366630 0.250529 0.376696 0.319505 
0.500000 0.366872 0.251115 0.377292 0.320083 
0.500000 0.366755 0.250842 0.377017 0.319823 
0.440679 0.366809 0.250968 0.377145 0.319943 
0.500000 0.387779 0.250910 0.377086 0.319887 
0.500000 0.371155 0.256825 0.377113 0.319913 
0.500000 0.365085 0.249236 0.374338 0.319901 
0.500000 0.366766 0.251517 0.377900 0.321110 
0.500000 0.366652 0.250564 0.376828 0.319559 
0.500000 0.366882 0.251093 0.377276 0.320025 
0.500000 0.366764 0.250857 0.377027 0.319830 
0.500000 0.366806 0.250962 0.377138 0.319939 
0.500000 0.366785 0.250912 0.377089 0.319890 
0.440679 0.366795 0.250935 0.377112 0.319912 
0.500000 0.387785 0.250925 0.377101 0.319902 
0.500000 0.371152 0.256818 0.377106 0.319906 
0.500000 0.365086 0.249239 0.374341 0.319904 
0.500000 0.366765 0.251516 0.377898 0.321108 
0.500000 0.366652 0.250564 0.376828 0.319560 
0.500000 0.366882 0.251093 0.377275 0.320025 
0.500000 0.366764 0.250857 0.377027 0.319830 
0.500000 0.366806 0.250962 0.377138 0.319939 
0.500000 0.366785 0.250912 0.377089 0.319890 
0.440679 0.366795 0.250935 0.377112 0.319912 
0.500000 0.387785 0.250925 0.377101 0.319902 
0.500000 0.371152 0.256818 0.377106 0.319906 
0.500000 0.365086 0.249239 0.374341 0.319904 
0.500000 0.366765 0.251516 0.377898 0.321108 
0.500000 0.366652 0.250564 0.376828 0.319560 
0.500000 0.366882 0.251093 0.377275 0.320025 
0.500000 0.366764 0.250857 0.377027 0.319830 
0.500000 0.366806 0.250962 0.377138 0.319939 
0.500000 0.366785 0.250912 0.377089 0.319890 
0.440679 0.366795 0.250935 0.377112 0.319912 
0.500000 0.387785 0.250925 0.377101 0.319902 
0.500000 0.371152 0.256818 0.377106 0.319906 
0.500000 0.365086 0.249239 0.374341 0.319904 
0.500000 0.366765 0.251516 0.377898 0.321108 
0.500000 0.366652 0.250564 0.376828 0.319560 
0.500000 0.366882 0.251093 0.377275 0.320025 
0.500000 0.366764 0.250857 0.377027 0.319830 
0.500000 0.366806 0.250962 0.377138 0.319939 
0.500000 0.366785 0.250912 0.377089 0.319890 
0.440679 0.366795 0.250935 0.377112 0.319912 
0.500000 0.387785 0.250925 0.377101 0.319902 
0.500000 0.371152 0.256818 0.377106 0.319906 
0.500000 0.365086 0.249239 0.374341 0.319904 
0.500000 0.366765 0.251516 0.377898 0.321108 
0.500000 0.366652 0.250564 0.376828 0.319560 
0.500000 0.366882 0.251093 0.377275 0.320025 
0.500000 0.366764 0.250857 0.377027 0.319830 
0.500000 0.366806 0.250962 0.377138 0.319939 
0.500000 0.366785 0.250912 0.377089 0.319890 
0.440679 0.366795 0.250935 0.377112 0.319912 
0.500000 0.387785 0.250925 0.377101 0.319902 
0.500000 0.371152 0.256818 0.377106 0.319906 
0.500000 0.365086 0.249239 0.374341 0.319904 
0.500000 0.366765 0.251516 0.377898 0.321108 
0.500000 0.366652 0.250564 0.376828 0.319560 
0.500000 0.366882 0.251093 0.377275 0.320025 
0.500000 0.366764 0.250857 0.377027 0.319830 
0.500000 0.366806 0.250962 0.377138 0.319939 
0.500000 0.366785 0.250912 0.377089 0.319890 
0.440679 0.366795 0.250935 0.377112 0.319912 
0.500000 0.387785 0.250925 0.377101 0.319902 
0.500000 0.371152 0.256818 0.377106 0.319906 
0.500000 0.365086 0.249239 0.374341 0.319904 
0.500000 0.366765 0.251516 0.377898 0.321108 
0.500000 0.366652 0.250564 0.376828 0.319560 
0.500000 0.366882 0.251093 0.377275 0.320025 
0.500000 0.366764 0.250857 0.377027 0.319830 
0.500000 0.366806 0.250962 0.377138 0.319939 
0.500000 0.366785 0.250912 0.377089 0.319890 
0.440679 0.366795 0.250935 0.377112 0.319912 
0.500000 0.387785 0.250925 0.377101 0.319902 
0.500000 0.371152 0.256818 0.377106 0.319906 
0.500000 0.365086 0.249239 0.374341 0.319904 
0.500000 0.366765 0.251516 0.377898 0.321108 
0.500000 0.366652 0.250564 0.376828 0.319560 
0.500000 0.366882 0.251093 0.377275 0.320025 
0.500000 0.366764 0.250857 0.377027 0.319830 
0.500000 0.366806 0.250962 0.377138 0.319939 
0.500000 0.366785 0.250912 0.377089 0.319890 
0.440679 0.366795 0.250935 0.377112 0.319912 
0.500000 0.387785 0.250925 0.377101 0.319902 
0.500000 0.371152 0.256818 0.377106 0.319906 
0.500000 0.365086 0.249239 0.374341 0.319904 
0.500000 0.366765 0.251516 0.377898 0.321108 
0.500000 0.366652 0.250564 0.376828 0.319560 
0.500000 0.366882 0.251093 0.377275 0.320025 
0.500000 0.366764 0.250857 0.377027 0.319830 
0.500000 0.366806 0.250962 0.377138 0.319939 
0.500000 0.366785 0.250912 0.377089 0.319890 
0.500000 0.268941 0.268941 0.500000 0.500000 
0.500000 0.359370 0.208107 0.368680 0.500000 
0.500000 0.383532 0.279548 0.397423 0.323582 
0.500000 0.361168 0.244233 0.363757 0.311129 
0.500000 0.366550 0.259125 0.380255 0.325741 
0.500000 0.363640 0.251120 0.373262 0.318535 
0.500000 0.365473 0.255109 0.377014 0.321579 
0.500000 0.364671 0.253177 0.375142 0.319944 
0.500000 0.365066 0.254139 0.376049 0.320759 
0.500000 0.364864 0.253661 0.375597 0.320365 
0.440679 0.364963 0.253897 0.375822 0.320561 
0.500000 0.386080 0.253780 0.375711 0.320463 
0.500000 0.369328 0.259845 0.375766 0.320512 
0.500000 0.363177 0.252085 0.372925 0.320488 
0.500000 0.364900 0.254530 0.376561 0.321726 
0.500000 0.364739 0.253357 0.375414 0.320141 
0.500000 0.365043 0.254036 0.375964 0.320641 
0.500000 0.364892 0.253716 0.375646 0.320401 
0.500000 0.364952 0.253871 0.375796 0.320540 
0.500000 0.364919 0.253793 0.375723 0.320475 
0.440679 0.364936 0.253831 0.375760 0.320506 
0.500000 0.386092 0.253812 0.375742 0.320490 
0.500000 0.369322 0.259828 0.375751 0.320498 
0.500000 0.363181 0.252094 0.372933 0.320494 
0.500000 0.364898 0.254526 0.376557 0.321723 
0.500000 0.364740 0.253359 0.375416 0.320143 
0.500000 0.365043 0.254035 0.375963 0.320640 
0.500000 0.364892 0.253717 0.375646 0.320402 
0.500000 0.364952 0.253871 0.375795 0.320540 
0.500000 0.364919 0.253793 0.375723 0.320475 
0.440679 0.364936 0.253831 0.375760 0.320506 
0.500000 0.386092 0.253812 0.375742 0.320490 
0.500000 0.369322 0.259828 0.375750 0.320498 
0.500000 0.363181 0.252094 0.372933 0.320494 
0.500000 0.364898 0.254526 0.376557 0.321723 
0.500000 0.364740 0.253359 0.375416 0.320143 
0.500000 0.365043 0.254035 0.375963 0.320640 
0.500000 0.364892 0.253717 0.375646 0.320402 
0.500000 0.364952 0.253871 0.375795 0.320540 
0.500000 0.364919 0.253793 0.375723 0.320475 
0.440679 0.364936 0.253831 0.375760 0.320506 
0.500000 0.386092 0.253812 0.375742 0.320490 
0.500000 0.369322 0.259828 0.375750 0.320498 
0.500000 0.363181 0.252094 0.372933 0.320494 
0.500000 0.364898 0.254526 0.376557 0.321723 
0.500000 0.364740 0.253359 0.375416 0.320143 
0.500000 0.365043 0.254035 0.375963 0.320640 
0.500000 0.364892 0.253717 0.375646 0.320402 
0.500000 0.364952 0.253871 0.375795 0.320540 
0.500000 0.364919 0.253793 0.375723 0.320475 
0.440679 0.364936 0.253831 0.375760 0.320506 
0.500000 0.386092 0.253812 0.375742 0.320490 
0.500000 0.369322 0.259828 0.375750 0.320498 
0.500000 0.363181 0.252094 0.372933 0.320494 
0.500000 0.364898 0.254526 0.376557 0.321723 
0.500000 0.364740 0.253359 0.375416 0.320143 
0.500000 0.365043 0.254035 0.375963 0.320640 
0.500000 0.364892 0.253717 0.375646 0.320402 
0.500000 0.364952 0.253871 0.375795 0.320540 
0.500000 0.364919 0.253793 0.375723 0.320475 
0.440679 0.364936 0.253831 0.375760 0.320506 
0.500000 0.386092 0.253812 0.375742 0.320490 
0.500000 0.369322 0.259828 0.375750 0.320498 
0.500000 0.363181 0.252094 0.372933 0.320494 
0.500000 0.364898 0.254526 0.376557 0.321723 
0.500000 0.364740 0.253359 0.375416 0.320143 
0.500000 0.365043 0.254035 0.375963 0.320640 
0.500000 0.364892 0.253717 0.375646 0.320402 
0.500000 0.364952 0.253871 0.375795 0.320540 
0.500000 0.364919 0.253793 0.375723 0.320475 
0.440679 0.364936 0.253831 0.375760 0.320506 
0.500000 0.386092 0.253812 0.375742 0.320490 
0.500000 0.369322 0.259828 0.375750 0.320498 
0.500000 0.363181 0.252094 0.372933 0.320494 
0.500000 0.364898 0.254526 0.376557 0.321723 
0.500000 0.364740 0.253359 0.375416 0.320143 
0.500000 0.365043 0.254035 0.375963 0.320640 
0.500000 0.364892 0.253717 0.375646 0.320402 
0.500000 0.364952 0.253871 0.375795 0.320540 
0.500000 0.364919 0.253793 0.375723 0.320475 
0.440679 0.364936 0.253831 0.375760 0.320506 
0.500000 0.386092 0.253812 0.375742 0.320490 
0.500000 0.369322 0.259828 0.375750 0.320498 
0.500000 0.363181 0.252094 0.372933 0.320494 
0.500000 0.364898 0.254526 0.376557 0.321723 
0.500000 0.364740 0.253359 0.375416 0.320143 
0.500000 0.365043 0.254035 0.375963 0.320640 
0.500000 0.364892 0.253717 0.375646 0.320402 
0.500000 0.364952 0.253871 0.375795 0.320540 
0.500000 0.364919 0.253793 0.375723 0.320475 
0.440679 0.364936 0.253831 0.375760 0.320506 
0.500000 0.386092 0.253812 0.375742 0.320490 
0.500000 0.369322 0.259828 0.375750 0.320498 
0.500000 0.363181 0.252094 0.372933 0.320494 
0.500000 0.364898 0.254526 0.376557 0.321723 
0.500000 0.364740 0.253359 0.375416 0.320143 
0.500000 0.365043 0.254035 0.375963 0.320640 
0.500000 0.364892 0.253717 0.375646 0.320402 
0.500000 0.364952 0.253871 0.375795 0.320540 
0.500000 0.364919 0.253793 0.375723 0.320475 
0.500000 0.268941 0.268941 0.500000 0.500000 
0.500000 0.359370 0.208107 0.368680 0.500000 
0.500000 0.429402 0.220802 0.397423 0.323582 
0.500000 0.465043 0.241272 0.391359 0.311129 
0.500000 0.480088 0.270954 0.381651 0.313734 
0.500000 0.486200 0.303980 0.367744 0.317930 
0.500000 0.488336 0.337148 0.352525 0.323992 
0.500000 0.488243 0.367894 0.337536 0.330694 
0.500000 0.486324 0.394497 0.323926 0.337362 
0.500000 0.482310 0.416112 0.312385 0.343474 
0.440679 0.475478 0.432690 0.303175 0.348697 
0.500000 0.471819 0.444699 0.296216 0.352892 
0.500000 0.458087 0.453624 0.291234 0.356077 
0.500000 0.438668 0.459102 0.287563 0.358365 
0.500000 0.413353 0.461645 0.285324 0.360055 
0.500000 0.383416 0.461374 0.284288 0.361087 
0.500000 0.351674 0.458075 0.284398 0.361566 
0.500000 0.321742 0.451210 0.285743 0.361514 
0.500000 0.296905 0.440033 0.288553 0.360894 
0.500000 0.279459 0.423919 0.293164 0.359599 
0.440679 0.270836 0.402962 0.299887 0.357478 
0.500000 0.296167 0.378657 0.308760 0.354396 
0.500000 0.306047 0.361994 0.319230 0.350346 
0.500000 0.323509 0.347336 0.326515 0.345595 
0.500000 0.346011 0.338218 0.332994 0.342307 
0.500000 0.369744 0.335570 0.337057 0.339396 
0.500000 0.390842 0.339223 0.338242 0.337576 
0.500000 0.406930 0.347880 0.336608 0.337047 
0.500000 0.417395 0.359709 0.332753 0.337777 
0.500000 0.422652 0.372859 0.327521 0.339504 
0.440679 0.423378 0.385783 0.321755 0.341854 
0.500000 0.434680 0.397359 0.316140 0.344454 
0.500000 0.427498 0.409912 0.311157 0.346994 
0.500000 0.416753 0.418992 0.305801 0.349256 
0.500000 0.402804 0.425068 0.301960 0.351694 
0.500000 0.386440 0.428111 0.299404 0.353448 
0.500000 0.368881 0.428188 0.298129 0.354616 
0.500000 0.351692 0.425332 0.298097 0.355200 
0.500000 0.336543 0.419592 0.299293 0.355215 
0.500000 0.324941 0.411137 0.301707 0.354667 
0.440679 0.318056 0.400411 0.305281 0.353563 
0.500000 0.340749 0.388266 0.309850 0.351931 
0.500000 0.342532 0.382672 0.315068 0.349850 
0.500000 0.347176 0.376856 0.317487 0.347480 
0.500000 0.353889 0.372578 0.320013 0.346384 
0.500000 0.361809 0.370133 0.321878 0.345241 
0.500000 0.369932 0.369739 0.322946 0.344398 
0.500000 0.377331 0.371296 0.323118 0.343916 
0.500000 0.383295 0.374464 0.322437 0.343838 
0.500000 0.387388 0.378745 0.321055 0.344145 
0.440679 0.389431 0.383583 0.319191 0.344770 
0.500000 0.408056 0.388445 0.317092 0.345612 
0.500000 0.404646 0.397230 0.314991 0.346562 
0.500000 0.398629 0.403756 0.311212 0.347515 
0.500000 0.390423 0.408511 0.308421 0.349230 
0.500000 0.380703 0.411225 0.306396 0.350500 
0.500000 0.370276 0.411866 0.305244 0.351422 
0.500000 0.360068 0.410469 0.304972 0.351948 
0.500000 0.351031 0.407164 0.305564 0.352072 
0.500000 0.344032 0.402196 0.306969 0.351802 
0.440679 0.339752 0.395963 0.309087 0.351161 
0.500000 0.361741 0.389032 0.311755 0.350197 
0.500000 0.361456 0.388158 0.314737 0.348983 
0.500000 0.362030 0.386452 0.315114 0.347630 
0.500000 0.363216 0.385104 0.315851 0.347459 
0.500000 0.364883 0.384092 0.316434 0.347125 
0.500000 0.366828 0.383526 0.316872 0.346860 
0.500000 0.368838 0.383436 0.317117 0.346662 
0.500000 0.370706 0.383805 0.317156 0.346551 
0.500000 0.372255 0.384565 0.316997 0.346533 
0.440679 0.373354 0.385614 0.316668 0.346606 
0.500000 0.394232 0.386829 0.316214 0.346755 
0.500000 0.392326 0.393027 0.315688 0.346960 
0.500000 0.388569 0.397536 0.313017 0.347198 
0.500000 0.383247 0.400963 0.311081 0.348410 
0.500000 0.376879 0.403002 0.309614 0.349290 
0.500000 0.370041 0.403600 0.308743 0.349957 
0.500000 0.363360 0.402774 0.308487 0.350354 
0.500000 0.357457 0.400636 0.308840 0.350470 
0.500000 0.352888 0.397391 0.309753 0.350309 
0.440679 0.350078 0.393341 0.311143 0.349894 
0.500000 0.371710 0.388882 0.312881 0.349262 
0.500000 0.370696 0.390185 0.314802 0.348472 
0.500000 0.369656 0.390383 0.314240 0.347600 
0.500000 0.368551 0.390456 0.314155 0.347855 
0.500000 0.367514 0.390267 0.314123 0.347894 
0.500000 0.366637 0.389867 0.314205 0.347908 
0.500000 0.365999 0.389302 0.314377 0.347871 
0.500000 0.365651 0.388636 0.314621 0.347793 
0.500000 0.365614 0.387938 0.314908 0.347683 
0.440679 0.365874 0.387279 0.315209 0.347552 
0.500000 0.387421 0.386721 0.315494 0.347416 
0.500000 0.386061 0.391528 0.315735 0.347286 
0.500000 0.383313 0.394885 0.313662 0.347177 
0.500000 0.379368 0.397486 0.312218 0.348118 
0.500000 0.374643 0.399041 0.311102 0.348773 
0.500000 0.369583 0.399504 0.310436 0.349280 
0.500000 0.364662 0.398886 0.310238 0.349583 
0.500000 0.360342 0.397281 0.310502 0.349673 
0.500000 0.357021 0.394859 0.311190 0.349553 
0.500000 0.268941 0.268941 0.500000 0.500000 
0.500000 0.359370 0.208107 0.368680 0.500000 
0.500000 0.429402 0.220802 0.397423 0.323582 
0.500000 0.465043 0.241272 0.391359 0.311129 
0.500000 0.480088 0.270954 0.381651 0.313734 
0.500000 0.486200 0.303980 0.367744 0.317930 
0.500000 0.488336 0.337148 0.352525 0.323992 
0.500000 0.488243 0.367894 0.337536 0.330694 
0.500000 0.486324 0.394497 0.323926 0.337362 
0.500000 0.482310 0.416112 0.312385 0.343474 
0.440679 0.475478 0.432690 0.303175 0.348697 
0.500000 0.471819 0.444699 0.296216 0.352892 
0.500000 0.458087 0.453624 0.291234 0.356077 
0.500000 0.438668 0.459102 0.287563 0.358365 
0.500000 0.413353 0.461645 0.285324 0.360055 
0.500000 0.383416 0.461374 0.284288 0.361087 
0.500000 0.351674 0.458075 0.284398 0.361566 
0.500000 0.321742 0.451210 0.285743 0.361514 
0.500000 0.296905 0.440033 0.288553 0.360894 
0.500000 0.279459 0.423919 0.293164 0.359599 
0.440679 0.270836 0.402962 0.299887 0.357478 
0.500000 0.296167 0.378657 0.308760 0.354396 
0.500000 0.306047 0.361994 0.319230 0.350346 
0.500000 0.323509 0.347336 0.326515 0.345595 
0.500000 0.346011 0.338218 0.332994 0.342307 
0.500000 0.369744 0.335570 0.337057 0.339396 
0.500000 0.390842 0.339223 0.338242 0.337576 
0.500000 0.406930 0.347880 0.336608 0.337047 
0.500000 0.417395 0.359709 0.332753 0.337777 
0.500000 0.422652 0.372859 0.327521 0.339504 
0.440679 0.423378 0.385783 0.321755 0.341854 
0.500000 0.434680 0.397359 0.316140 0.344454 
0.500000 0.427498 0.409912 0.311157 0.346994 
0.500000 0.416753 0.418992 0.305801 0.349256 
0.500000 0.402804 0.425068 0.301960 0.351694 
0.500000 0.386440 0.428111 0.299404 0.353448 
0.500000 0.368881 0.428188 0.298129 0.354616 
0.500000 0.351692 0.425332 0.298097 0.355200 
0.500000 0.336543 0.419592 0.299293 0.355215 
0.500000 0.324941 0.411137 0.301707 0.354667 
0.440679 0.318056 0.400411 0.305281 0.353563 
0.500000 0.340749 0.388266 0.309850 0.351931 
0.500000 0.342532 0.382672 0.315068 0.349850 
0.500000 0.347176 0.376856 0.317487 0.347480 
0.500000 0.353889 0.372578 0.320013 0.346384 
0.500000 0.361809 0.370133 0.321878 0.345241 
0.500000 0.369932 0.369739 0.322946 0.344398 
0.500000 0.377331 0.371296 0.323118 0.343916 
0.500000 0.383295 0.374464 0.322437 0.343838 
0.500000 0.387388 0.378745 0.321055 0.344145 
0.440679 0.389431 0.383583 0.319191 0.344770 
0.500000 0.408056 0.388445 0.317092 0.345612 
0.500000 0.404646 0.397230 0.314991 0.346562 
0.500000 0.398629 0.403756 0.311212 0.347515 
0.500000 0.390423 0.408511 0.308421 0.349230 
0.500000 0.380703 0.411225 0.306396 0.350500 
0.500000 0.370276 0.411866 0.305244 0.351422 
0.500000 0.360068 0.410469 0.304972 0.351948 
0.500000 0.351031 0.407164 0.305564 0.352072 
0.500000 0.344032 0.402196 0.306969 0.351802 
0.440679 0.339752 0.395963 0.309087 0.351161 
0.500000 0.361741 0.389032 0.311755 0.350197 
0.500000 0.361456 0.388158 0.314737 0.348983 
0.500000 0.362030 0.386452 0.315114 0.347630 
0.500000 0.363216 0.385104 0.315851 0.347459 
0.500000 0.364883 0.384092 0.316434 0.347125 
0.500000 0.366828 0.383526 0.316872 0.346860 
0.500000 0.368838 0.383436 0.317117 0.346662 
0.500000 0.370706 0.383805 0.317156 0.346551 
0.500000 0.372255 0.384565 0.316997 0.346533 
0.440679 0.373354 0.385614 0.316668 0.346606 
0.500000 0.394232 0.386829 0.316214 0.346755 
0.500000 0.392326 0.393027 0.315688 0.346960 
0.500000 0.388569 0.397536 0.313017 0.347198 
0.500000 0.383247 0.400963 0.311081 0.348410 
0.500000 0.376879 0.403002 0.309614 0.349290 
0.500000 0.370041 0.403600 0.308743 0.349957 
0.500000 0.363360 0.402774 0.308487 0.350354 
0.500000 0.357457 0.400636 0.308840 0.350470 
0.500000 0.352888 0.397391 0.309753 0.350309 
0.440679 0.350078 0.393341 0.311143 0.349894 
0.500000 0.371710 0.388882 0.312881 0.349262 
0.500000 0.370696 0.390185 0.314802 0.348472 
0.500000 0.369656 0.390383 0.314240 0.347600 
0.500000 0.368551 0.390456 0.314155 0.347855 
0.500000 0.367514 0.390267 0.314123 0.347894 
0.500000 0.366637 0.389867 0.314205 0.347908 
0.500000 0.365999 0.389302 0.314377 0.347871 
0.500000 0.365651 0.388636 0.314621 0.347793 
0.500000 0.365614 0.387938 0.314908 0.347683 
0.440679 0.365874 0.387279 0.315209 0.347552 
0.500000 0.387421 0.386721 0.315494 0.347416 
0.500000 0.386061 0.391528 0.315735 0.347286 
0.500000 0.383313 0.394885 0.313662 0.347177 
0.500000 0.379368 0.397486 0.312218 0.348118 
0.500000 0.374643 0.399041 0.311102 0.348773 
0.500000 0.369583 0.399504 0.310436 0.349280 
0.500000 0.364662 0.398886 0.310238 0.349583 
0.500000 0.360342 0.397281 0.310502 0.349673 
0.500000 0.357021 0.394859 0.311190 0.349553 
