0.440679 0.268941 0.268941 0.500000 0.500000 
0.440679 0.226745 0.240693 0.368680 0.500000 
0.440679 0.182546 0.238323 0.381925 0.323582 
0.440679 0.159352 0.228885 0.383045 0.317811 
0.440679 0.500000 0.221126 0.387515 0.317326 
0.440679 0.500000 0.261655 0.391205 0.315392 
0.440679 0.500000 0.279153 0.372078 0.313801 
0.440679 0.500000 0.288789 0.363940 0.322096 
0.440679 0.500000 0.293746 0.359490 0.325660 
0.440679 0.500000 0.296327 0.357210 0.327618 
0.440679 0.500000 0.297665 0.356026 0.328623 
0.440679 0.500000 0.298360 0.355413 0.329146 
0.440679 0.500000 0.298720 0.355095 0.329416 
0.440679 0.500000 0.298906 0.354930 0.329557 
0.440679 0.500000 0.299003 0.354844 0.329630 
0.440679 0.500000 0.299053 0.354800 0.329668 
0.440679 0.500000 0.299079 0.354777 0.329687 
0.440679 0.500000 0.299093 0.354765 0.329697 
0.440679 0.500000 0.299100 0.354759 0.329703 
0.440679 0.500000 0.299104 0.354756 0.329705 
0.440679 0.500000 0.299106 0.354754 0.329707 
0.440679 0.500000 0.299106 0.354753 0.329708 
0.440679 0.500000 0.299107 0.354753 0.329708 
0.440679 0.500000 0.299107 0.354752 0.329708 
0.440679 0.500000 0.299107 0.354752 0.329708 
0.440679 0.500000 0.299107 0.354752 0.329708 
0.440679 0.500000 0.299107 0.354752 0.329708 
0.440679 0.500000 0.299108 0.354752 0.329708 
0.440679 0.500000 0.299108 0.354752 0.329708 
0.440679 0.500000 0.299108 0.354752 0.329708 
0.440679 0.500000 0.299108 0.354752 0.329708 
0.440679 0.500000 0.299108 0.354752 0.329708 
0.440679 0.500000 0.299108 0.354752 0.329708 
0.440679 0.500000 0.299108 0.354752 0.329708 
0.440679 0.500000 0.299108 0.354752 0.329708 
0.440679 0.500000 0.299108 0.354752 0.329708 
0.440679 0.500000 0.299108 0.354752 0.329708 
0.440679 0.500000 0.299108 0.354752 0.329708 
0.440679 0.500000 0.299108 0.354752 0.329708 
0.440679 0.500000 0.299108 0.354752 0.329708 
0.440679 0.500000 0.299108 0.354752 0.329708 
0.440679 0.500000 0.299108 0.354752 0.329708 
0.440679 0.500000 0.299108 0.354752 0.329708 
0.440679 0.500000 0.299108 0.354752 0.329708 
0.440679 0.500000 0.299108 0.354752 0.329708 
0.440679 0.500000 0.299108 0.354752 0.329708 
0.440679 0.500000 0.299108 0.354752 0.329708 
0.440679 0.500000 0.299108 0.354752 0.329708 
0.440679 0.500000 0.299108 0.354752 0.329708 
0.440679 0.500000 0.299108 0.354752 0.329708 
0.440679 0.500000 0.299108 0.354752 0.329708 
0.440679 0.500000 0.299108 0.354752 0.329708 
0.440679 0.500000 0.299108 0.354752 0.329708 
0.440679 0.500000 0.299108 0.354752 0.329708 
0.440679 0.500000 0.299108 0.354752 0.329708 
0.440679 0.500000 0.299108 0.354752 0.329708 
0.440679 0.500000 0.299108 0.354752 0.329708 
0.440679 0.500000 0.299108 0.354752 0.329708 
0.440679 0.500000 0.299108 0.354752 0.329708 
0.440679 0.500000 0.299108 0.354752 0.329708 
0.440679 0.500000 0.299108 0.354752 0.329708 
0.440679 0.500000 0.299108 0.354752 0.329708 
0.440679 0.500000 0.299108 0.354752 0.329708 
0.440679 0.500000 0.299108 0.354752 0.329708 
0.440679 0.500000 0.299108 0.354752 0.329708 
0.440679 0.500000 0.299108 0.354752 0.329708 
0.440679 0.500000 0.299108 0.354752 0.329708 
0.440679 0.500000 0.299108 0.354752 0.329708 
0.440679 0.500000 0.299108 0.354752 0.329708 
0.440679 0.500000 0.299108 0.354752 0.329708 
0.440679 0.500000 0.299108 0.354752 0.329708 
0.440679 0.500000 0.299108 0.354752 0.329708 
0.440679 0.500000 0.299108 0.354752 0.329708 
0.440679 0.500000 0.299108 0.354752 0.329708 
0.440679 0.500000 0.299108 0.354752 0.329708 
0.440679 0.500000 0.299108 0.354752 0.329708 
0.440679 0.500000 0.299108 0.354752 0.329708 
0.440679 0.500000 0.299108 0.354752 0.329708 
0.440679 0.500000 0.299108 0.354752 0.329708 
0.440679 0.500000 0.299108 0.354752 0.329708 
0.440679 0.500000 0.299108 0.354752 0.329708 
0.440679 0.500000 0.299108 0.354752 0.329708 
0.440679 0.500000 0.299108 0.354752 0.329708 
0.440679 0.500000 0.299108 0.354752 0.329708 
0.440679 0.500000 0.299108 0.354752 0.329708 
0.440679 0.500000 0.299108 0.354752 0.329708 
0.440679 0.500000 0.299108 0.354752 0.329708 
0.440679 0.500000 0.299108 0.354752 0.329708 
0.440679 0.500000 0.299108 0.354752 0.329708 
0.440679 0.500000 0.299108 0.354752 0.329708 
0.440679 0.500000 0.299108 0.354752 0.329708 
0.440679 0.500000 0.299108 0.354752 0.329708 
0.440679 0.500000 0.299108 0.354752 0.329708 
0.440679 0.500000 0.299108 0.354752 0.329708 
0.440679 0.500000 0.299108 0.354752 0.329708 
0.440679 0.500000 0.299108 0.354752 0.329708 
0.440679 0.500000 0.299108 0.354752 0.329708 
0.440679 0.500000 0.299108 0.354752 0.329708 
0.440679 0.500000 0.299108 0.354752 0.329708 
0.440679 0.500000 0.299108 0.354752 0.329708 
0.440679 0.268941 0.268941 0.500000 0.500000 
0.440679 0.226745 0.240693 0.368680 0.500000 
0.440679 0.182546 0.235688 0.381925 0.323582 
0.440679 0.500000 0.224918 0.384291 0.317811 
0.440679 0.500000 0.259192 0.389400 0.316786 
0.440679 0.500000 0.277348 0.373230 0.314579 
0.440679 0.500000 0.288767 0.364776 0.321593 
0.440679 0.500000 0.295650 0.359500 0.325293 
0.440679 0.500000 0.299808 0.356336 0.327613 
0.440679 0.500000 0.302313 0.354432 0.329008 
0.440679 0.500000 0.303823 0.353286 0.329850 
0.440679 0.500000 0.304732 0.352596 0.330357 
0.440679 0.500000 0.305280 0.352181 0.330662 
0.440679 0.500000 0.305610 0.351932 0.330846 
0.440679 0.500000 0.305808 0.351781 0.330956 
0.440679 0.500000 0.305928 0.351690 0.331023 
0.440679 0.500000 0.306000 0.351636 0.331063 
0.440679 0.500000 0.306044 0.351603 0.331087 
0.440679 0.500000 0.306070 0.351583 0.331102 
0.440679 0.500000 0.306085 0.351571 0.331111 
0.440679 0.500000 0.306095 0.351564 0.331116 
0.440679 0.500000 0.306101 0.351560 0.331119 
0.440679 0.500000 0.306104 0.351557 0.331121 
0.440679 0.500000 0.306106 0.351556 0.331122 
0.440679 0.500000 0.306107 0.351555 0.331123 
0.440679 0.500000 0.306108 0.351554 0.331123 
0.440679 0.500000 0.306109 0.351554 0.331123 
0.440679 0.500000 0.306109 0.351554 0.331124 
0.440679 0.500000 0.306109 0.351553 0.331124 
0.440679 0.500000 0.306109 0.351553 0.331124 
0.440679 0.500000 0.306109 0.351553 0.331124 
0.440679 0.500000 0.306109 0.351553 0.331124 
0.440679 0.500000 0.306109 0.351553 0.331124 
0.440679 0.500000 0.306109 0.351553 0.331124 
0.440679 0.500000 0.306109 0.351553 0.331124 
0.440679 0.500000 0.306109 0.351553 0.331124 
0.440679 0.500000 0.306109 0.351553 0.331124 
0.440679 0.500000 0.306109 0.351553 0.331124 
0.440679 0.500000 0.306109 0.351553 0.331124 
0.440679 0.500000 0.306109 0.351553 0.331124 
0.440679 0.500000 0.306109 0.351553 0.331124 
0.440679 0.500000 0.306109 0.351553 0.331124 
0.440679 0.500000 0.306109 0.351553 0.331124 
0.440679 0.500000 0.306109 0.351553 0.331124 
0.440679 0.500000 0.306109 0.351553 0.331124 
0.440679 0.500000 0.306109 0.351553 0.331124 
0.440679 0.500000 0.306109 0.351553 0.331124 
0.440679 0.500000 0.306109 0.351553 0.331124 
0.440679 0.500000 0.306109 0.351553 0.331124 
0.440679 0.500000 0.306109 0.351553 0.331124 
0.440679 0.500000 0.306109 0.351553 0.331124 
0.440679 0.500000 0.306109 0.351553 0.331124 
0.440679 0.500000 0.306109 0.351553 0.331124 
0.440679 0.500000 0.306109 0.351553 0.331124 
0.440679 0.500000 0.306109 0.351553 0.331124 
0.440679 0.500000 0.306109 0.351553 0.331124 
0.440679 0.500000 0.306109 0.351553 0.331124 
0.440679 0.500000 0.306109 0.351553 0.331124 
0.440679 0.500000 0.306109 0.351553 0.331124 
0.440679 0.500000 0.306109 0.351553 0.331124 
0.440679 0.500000 0.306109 0.351553 0.331124 
0.440679 0.500000 0.306109 0.351553 0.331124 
0.440679 0.500000 0.306109 0.351553 0.331124 
0.440679 0.500000 0.306109 0.351553 0.331124 
0.440679 0.500000 0.306109 0.351553 0.331124 
0.440679 0.500000 0.306109 0.351553 0.331124 
0.440679 0.500000 0.306109 0.351553 0.331124 
0.440679 0.500000 0.306109 0.351553 0.331124 
0.440679 0.500000 0.306109 0.351553 0.331124 
0.440679 0.500000 0.306109 0.351553 0.331124 
0.440679 0.500000 0.306109 0.351553 0.331124 
0.440679 0.500000 0.306109 0.351553 0.331124 
0.440679 0.500000 0.306109 0.351553 0.331124 
0.440679 0.500000 0.306109 0.351553 0.331124 
0.440679 0.500000 0.306109 0.351553 0.331124 
0.440679 0.500000 0.306109 0.351553 0.331124 
0.440679 0.500000 0.306109 0.351553 0.331124 
0.440679 0.500000 0.306109 0.351553 0.331124 
0.440679 0.500000 0.306109 0.351553 0.331124 
0.440679 0.500000 0.306109 0.351553 0.331124 
0.440679 0.500000 0.306109 0.351553 0.331124 
0.440679 0.500000 0.306109 0.351553 0.331124 
0.440679 0.500000 0.306109 0.351553 0.331124 
0.440679 0.500000 0.306109 0.351553 0.331124 
0.440679 0.500000 0.306109 0.351553 0.331124 
0.440679 0.500000 0.306109 0.351553 0.331124 
0.440679 0.500000 0.306109 0.351553 0.331124 
0.440679 0.500000 0.306109 0.351553 0.331124 
0.440679 0.500000 0.306109 0.351553 0.331124 
0.440679 0.500000 0.306109 0.351553 0.331124 
0.440679 0.500000 0.306109 0.351553 0.331124 
0.440679 0.500000 0.306109 0.351553 0.331124 
0.440679 0.500000 0.306109 0.351553 0.331124 
0.440679 0.500000 0.306109 0.351553 0.331124 
0.440679 0.500000 0.306109 0.351553 0.331124 
0.440679 0.500000 0.306109 0.351553 0.331124 
0.440679 0.500000 0.306109 0.351553 0.331124 
0.440679 0.500000 0.306109 0.351553 0.331124 
0.440679 0.500000 0.306109 0.351553 0.331124 
0.440679 0.500000 0.306109 0.351553 0.331124 
0.440679 0.268941 0.268941 0.500000 0.500000 
0.440679 0.226745 0.240693 0.368680 0.500000 
0.440679 0.182546 0.255281 0.381925 0.323582 
0.440679 0.161816 0.251333 0.375062 0.317811 
0.440679 0.500000 0.247235 0.376914 0.320794 
0.440679 0.500000 0.292851 0.378841 0.319988 
0.440679 0.500000 0.316144 0.357622 0.319150 
0.440679 0.500000 0.334179 0.346992 0.328441 
0.440679 0.500000 0.346239 0.338864 0.333147 
0.440679 0.500000 0.354583 0.333482 0.336768 
0.440679 0.500000 0.360279 0.329783 0.339177 
0.440679 0.500000 0.364178 0.327270 0.340837 
0.440679 0.500000 0.366844 0.325555 0.341967 
0.440679 0.500000 0.368667 0.324386 0.342739 
0.440679 0.500000 0.369914 0.323588 0.343266 
0.440679 0.500000 0.370766 0.323042 0.343626 
0.440679 0.500000 0.371350 0.322669 0.343873 
0.440679 0.500000 0.371749 0.322414 0.344041 
0.440679 0.500000 0.372022 0.322240 0.344156 
0.440679 0.500000 0.372209 0.322121 0.344235 
0.440679 0.500000 0.372337 0.322039 0.344288 
0.440679 0.500000 0.372424 0.321983 0.344325 
0.440679 0.500000 0.372484 0.321945 0.344351 
0.440679 0.500000 0.372525 0.321919 0.344368 
0.440679 0.500000 0.372553 0.321901 0.344380 
0.440679 0.500000 0.372572 0.321889 0.344388 
0.440679 0.500000 0.372585 0.321880 0.344393 
0.440679 0.500000 0.372594 0.321875 0.344397 
0.440679 0.500000 0.372600 0.321871 0.344400 
0.440679 0.500000 0.372605 0.321868 0.344401 
0.440679 0.500000 0.372607 0.321866 0.344403 
0.440679 0.500000 0.372609 0.321865 0.344403 
0.440679 0.500000 0.372611 0.321864 0.344404 
0.440679 0.500000 0.372612 0.321863 0.344404 
0.440679 0.500000 0.372612 0.321863 0.344405 
0.440679 0.500000 0.372613 0.321863 0.344405 
0.440679 0.500000 0.372613 0.321863 0.344405 
0.440679 0.500000 0.372613 0.321862 0.344405 
0.440679 0.500000 0.372613 0.321862 0.344405 
0.440679 0.500000 0.372613 0.321862 0.344405 
0.440679 0.500000 0.372613 0.321862 0.344405 
0.440679 0.500000 0.372614 0.321862 0.344405 
0.440679 0.500000 0.372614 0.321862 0.344405 
0.440679 0.500000 0.372614 0.321862 0.344405 
0.440679 0.500000 0.372614 0.321862 0.344405 
0.440679 0.500000 0.372614 0.321862 0.344405 
0.440679 0.500000 0.372614 0.321862 0.344405 
0.440679 0.500000 0.372614 0.321862 0.344405 
0.440679 0.500000 0.372614 0.321862 0.344405 
0.440679 0.500000 0.372614 0.321862 0.344405 
0.440679 0.500000 0.372614 0.321862 0.344405 
0.440679 0.500000 0.372614 0.321862 0.344405 
0.440679 0.500000 0.372614 0.321862 0.344405 
0.440679 0.500000 0.372614 0.321862 0.344405 
0.440679 0.500000 0.372614 0.321862 0.344405 
0.440679 0.500000 0.372614 0.321862 0.344405 
0.440679 0.500000 0.372614 0.321862 0.344405 
0.440679 0.500000 0.372614 0.321862 0.344405 
0.440679 0.500000 0.372614 0.321862 0.344405 
0.440679 0.500000 0.372614 0.321862 0.344405 
0.440679 0.500000 0.372614 0.321862 0.344405 
0.440679 0.500000 0.372614 0.321862 0.344405 
0.440679 0.500000 0.372614 0.321862 0.344405 
0.440679 0.500000 0.372614 0.321862 0.344405 
0.440679 0.500000 0.372614 0.321862 0.344405 
0.440679 0.500000 0.372614 0.321862 0.344405 
0.440679 0.500000 0.372614 0.321862 0.344405 
0.440679 0.500000 0.372614 0.321862 0.344405 
0.440679 0.500000 0.372614 0.321862 0.344405 
0.440679 0.500000 0.372614 0.321862 0.344405 
0.440679 0.500000 0.372614 0.321862 0.344405 
0.440679 0.500000 0.372614 0.321862 0.344405 
0.440679 0.500000 0.372614 0.321862 0.344405 
0.440679 0.500000 0.372614 0.321862 0.344405 
0.440679 0.500000 0.372614 0.321862 0.344405 
0.440679 0.500000 0.372614 0.321862 0.344405 
0.440679 0.500000 0.372614 0.321862 0.344405 
0.440679 0.500000 0.372614 0.321862 0.344405 
0.440679 0.500000 0.372614 0.321862 0.344405 
0.440679 0.500000 0.372614 0.321862 0.344405 
0.440679 0.500000 0.372614 0.321862 0.344405 
0.440679 0.500000 0.372614 0.321862 0.344405 
0.440679 0.500000 0.372614 0.321862 0.344405 
0.440679 0.500000 0.372614 0.321862 0.344405 
0.440679 0.500000 0.372614 0.321862 0.344405 
0.440679 0.500000 0.372614 0.321862 0.344405 
0.440679 0.500000 0.372614 0.321862 0.344405 
0.440679 0.500000 0.372614 0.321862 0.344405 
0.440679 0.500000 0.372614 0.321862 0.344405 
0.440679 0.500000 0.372614 0.321862 0.344405 
0.440679 0.500000 0.372614 0.321862 0.344405 
0.440679 0.500000 0.372614 0.321862 0.344405 
0.440679 0.500000 0.372614 0.321862 0.344405 
0.440679 0.500000 0.372614 0.321862 0.344405 
0.440679 0.500000 0.372614 0.321862 0.344405 
0.440679 0.500000 0.372614 0.321862 0.344405 
0.440679 0.500000 0.372614 0.321862 0.344405 
0.440679 0.500000 0.372614 0.321862 0.344405 
0.440679 0.500000 0.372614 0.321862 0.344405 
0.440679 0.500000 0.372614 0.321862 0.344405 
0.440679 0.268941 0.268941 0.500000 0.500000 
0.440679 0.226745 0.240693 0.368680 0.500000 
0.440679 0.182546 0.284770 0.381925 0.323582 
0.440679 0.166156 0.250543 0.361343 0.317811 
0.440679 0.500000 0.270000 0.377286 0.326802 
0.440679 0.500000 0.303855 0.368188 0.319826 
0.440679 0.500000 0.289522 0.352582 0.323797 
0.440679 0.500000 0.301532 0.359152 0.330668 
0.440679 0.500000 0.293464 0.353643 0.327766 
0.440679 0.500000 0.299216 0.357340 0.330199 
0.440679 0.500000 0.295181 0.354703 0.328565 
0.440679 0.500000 0.298022 0.356552 0.329730 
0.440679 0.500000 0.296023 0.355249 0.328913 
0.440679 0.500000 0.297430 0.356165 0.329489 
0.440679 0.500000 0.296440 0.355521 0.329084 
0.440679 0.500000 0.297136 0.355974 0.329369 
0.440679 0.500000 0.296646 0.355655 0.329168 
0.440679 0.500000 0.296991 0.355880 0.329309 
0.440679 0.500000 0.296748 0.355722 0.329210 
0.440679 0.500000 0.296919 0.355833 0.329280 
0.440679 0.500000 0.296799 0.355755 0.329231 
0.440679 0.500000 0.296884 0.355810 0.329265 
0.440679 0.500000 0.296824 0.355771 0.329241 
0.440679 0.500000 0.296866 0.355798 0.329258 
0.440679 0.500000 0.296836 0.355779 0.329246 
0.440679 0.500000 0.296857 0.355793 0.329255 
0.440679 0.500000 0.296843 0.355783 0.329249 
0.440679 0.500000 0.296853 0.355790 0.329253 
0.440679 0.500000 0.296846 0.355785 0.329250 
0.440679 0.500000 0.296851 0.355788 0.329252 
0.440679 0.500000 0.296847 0.355786 0.329251 
0.440679 0.500000 0.296850 0.355788 0.329252 
0.440679 0.500000 0.296848 0.355787 0.329251 
0.440679 0.500000 0.296849 0.355787 0.329251 
0.440679 0.500000 0.296848 0.355787 0.329251 
0.440679 0.500000 0.296849 0.355787 0.329251 
0.440679 0.500000 0.296848 0.355787 0.329251 
0.440679 0.500000 0.296849 0.355787 0.329251 
0.440679 0.500000 0.296848 0.355787 0.329251 
0.440679 0.500000 0.296849 0.355787 0.329251 
0.440679 0.500000 0.296849 0.355787 0.329251 
0.440679 0.500000 0.296849 0.355787 0.329251 
0.440679 0.500000 0.296849 0.355787 0.329251 
0.440679 0.500000 0.296849 0.355787 0.329251 
0.440679 0.500000 0.296849 0.355787 0.329251 
0.440679 0.500000 0.296849 0.355787 0.329251 
0.440679 0.500000 0.296849 0.355787 0.329251 
0.440679 0.500000 0.296849 0.355787 0.329251 
0.440679 0.500000 0.296849 0.355787 0.329251 
0.440679 0.500000 0.296849 0.355787 0.329251 
0.440679 0.500000 0.296849 0.355787 0.329251 
0.440679 0.500000 0.296849 0.355787 0.329251 
0.440679 0.500000 0.296849 0.355787 0.329251 
0.440679 0.500000 0.296849 0.355787 0.329251 
0.440679 0.500000 0.296849 0.355787 0.329251 
0.440679 0.500000 0.296849 0.355787 0.329251 
0.440679 0.500000 0.296849 0.355787 0.329251 
0.440679 0.500000 0.296849 0.355787 0.329251 
0.440679 0.500000 0.296849 0.355787 0.329251 
0.440679 0.500000 0.296849 0.355787 0.329251 
0.440679 0.500000 0.296849 0.355787 0.329251 
0.440679 0.500000 0.296849 0.355787 0.329251 
0.440679 0.500000 0.296849 0.355787 0.329251 
0.440679 0.500000 0.296849 0.355787 0.329251 
0.440679 0.500000 0.296849 0.355787 0.329251 
0.440679 0.500000 0.296849 0.355787 0.329251 
0.440679 0.500000 0.296849 0.355787 0.329251 
0.440679 0.500000 0.296849 0.355787 0.329251 
0.440679 0.500000 0.296849 0.355787 0.329251 
0.440679 0.500000 0.296849 0.355787 0.329251 
0.440679 0.500000 0.296849 0.355787 0.329251 
0.440679 0.500000 0.296849 0.355787 0.329251 
0.440679 0.500000 0.296849 0.355787 0.329251 
0.440679 0.500000 0.296849 0.355787 0.329251 
0.440679 0.500000 0.296849 0.355787 0.329251 
0.440679 0.500000 0.296849 0.355787 0.329251 
0.440679 0.500000 0.296849 0.355787 0.329251 
0.440679 0.500000 0.296849 0.355787 0.329251 
0.440679 0.500000 0.296849 0.355787 0.329251 
0.440679 0.500000 0.296849 0.355787 0.329251 
0.440679 0.500000 0.296849 0.355787 0.329251 
0.440679 0.500000 0.296849 0.355787 0.329251 
0.440679 0.500000 0.296849 0.355787 0.329251 
0.440679 0.500000 0.296849 0.355787 0.329251 
0.440679 0.500000 0.296849 0.355787 0.329251 
0.440679 0.500000 0.296849 0.355787 0.329251 
0.440679 0.500000 0.296849 0.355787 0.329251 
0.440679 0.500000 0.296849 0.355787 0.329251 
0.440679 0.500000 0.296849 0.355787 0.329251 
0.440679 0.500000 0.296849 0.355787 0.329251 
0.440679 0.500000 0.296849 0.355787 0.329251 
0.440679 0.500000 0.296849 0.355787 0.329251 
0.440679 0.500000 0.296849 0.355787 0.329251 
0.440679 0.500000 0.296849 0.355787 0.329251 
0.440679 0.500000 0.296849 0.355787 0.329251 
0.440679 0.500000 0.296849 0.355787 0.329251 
0.440679 0.500000 0.296849 0.355787 0.329251 
0.440679 0.500000 0.296849 0.355787 0.329251 
0.440679 0.500000 0.296849 0.355787 0.329251 
0.440679 0.500000 0.296849 0.355787 0.329251 
0.440679 0.268941 0.268941 0.500000 0.500000 
0.440679 0.362982 0.240693 0.368680 0.500000 
0.440679 0.418942 0.305129 0.381925 0.323582 
0.440679 0.439409 0.274873 0.352000 0.317811 
0.440679 0.455172 0.301675 0.365923 0.330926 
0.440679 0.462592 0.285816 0.353578 0.324790 
0.440679 0.468813 0.298478 0.360860 0.330228 
0.440679 0.472223 0.290630 0.355040 0.327014 
0.440679 0.475144 0.296782 0.358643 0.329581 
0.440679 0.476920 0.292939 0.355818 0.327991 
0.440679 0.478444 0.295959 0.357581 0.329238 
0.440679 0.479440 0.294086 0.356195 0.328459 
0.440679 0.480290 0.295577 0.357055 0.329071 
0.440679 0.480874 0.294667 0.356370 0.328692 
0.440679 0.481368 0.295407 0.356788 0.328994 
0.440679 0.481720 0.294968 0.356448 0.328809 
0.440679 0.482015 0.295337 0.356650 0.328959 
0.440679 0.482231 0.295126 0.356480 0.328870 
0.440679 0.482411 0.295311 0.356577 0.328945 
0.440679 0.482545 0.295210 0.356492 0.328902 
0.440679 0.482655 0.295303 0.356539 0.328940 
0.440679 0.482738 0.295256 0.356496 0.328919 
0.440679 0.482807 0.295303 0.356518 0.328938 
0.440679 0.482859 0.295281 0.356496 0.328929 
0.440679 0.482901 0.295305 0.356506 0.328938 
0.440679 0.482934 0.295295 0.356495 0.328934 
0.440679 0.482960 0.295308 0.356499 0.328939 
0.440679 0.482981 0.295303 0.356494 0.328937 
0.440679 0.482998 0.295310 0.356496 0.328939 
0.440679 0.483010 0.295308 0.356493 0.328938 
0.440679 0.483021 0.295311 0.356494 0.328939 
0.440679 0.483029 0.295311 0.356492 0.328939 
0.440679 0.483035 0.295312 0.356492 0.328940 
0.440679 0.483040 0.295312 0.356492 0.328940 
0.440679 0.483045 0.295313 0.356492 0.328940 
0.440679 0.483048 0.295313 0.356491 0.328940 
0.440679 0.483050 0.295314 0.356491 0.328940 
0.440679 0.483052 0.295314 0.356491 0.328940 
0.440679 0.483054 0.295314 0.356491 0.328940 
0.440679 0.483055 0.295314 0.356491 0.328940 
0.440679 0.483056 0.295314 0.356491 0.328940 
0.440679 0.483057 0.295314 0.356491 0.328940 
0.440679 0.483058 0.295314 0.356491 0.328940 
0.440679 0.483058 0.295314 0.356491 0.328940 
0.440679 0.483059 0.295315 0.356491 0.328940 
0.440679 0.483059 0.295315 0.356491 0.328940 
0.440679 0.483059 0.295315 0.356491 0.328940 
0.440679 0.483059 0.295315 0.356491 0.328940 
0.440679 0.483059 0.295315 0.356491 0.328940 
0.440679 0.483060 0.295315 0.356490 0.328940 
0.440679 0.483060 0.295315 0.356490 0.328940 
0.440679 0.483060 0.295315 0.356490 0.328940 
0.440679 0.483060 0.295315 0.356490 0.328940 
0.440679 0.483060 0.295315 0.356490 0.328940 
0.440679 0.483060 0.295315 0.356490 0.328940 
0.440679 0.483060 0.295315 0.356490 0.328940 
0.440679 0.483060 0.295315 0.356490 0.328940 
0.440679 0.483060 0.295315 0.356490 0.328940 
0.440679 0.483060 0.295315 0.356490 0.328940 
0.440679 0.483060 0.295315 0.356490 0.328940 
0.440679 0.483060 0.295315 0.356490 0.328940 
0.440679 0.483060 0.295315 0.356490 0.328940 
0.440679 0.483060 0.295315 0.356490 0.328940 
0.440679 0.483060 0.295315 0.356490 0.328940 
0.440679 0.483060 0.295315 0.356490 0.328940 
0.440679 0.483060 0.295315 0.356490 0.328940 
0.440679 0.483060 0.295315 0.356490 0.328940 
0.440679 0.483060 0.295315 0.356490 0.328940 
0.440679 0.483060 0.295315 0.356490 0.328940 
0.440679 0.483060 0.295315 0.356490 0.328940 
0.440679 0.483060 0.295315 0.356490 0.328940 
0.440679 0.483060 0.295315 0.356490 0.328940 
0.440679 0.483060 0.295315 0.356490 0.328940 
0.440679 0.483060 0.295315 0.356490 0.328940 
0.440679 0.483060 0.295315 0.356490 0.328940 
0.440679 0.483060 0.295315 0.356490 0.328940 
0.440679 0.483060 0.295315 0.356490 0.328940 
0.440679 0.483060 0.295315 0.356490 0.328940 
0.440679 0.483060 0.295315 0.356490 0.328940 
0.440679 0.483060 0.295315 0.356490 0.328940 
0.440679 0.483060 0.295315 0.356490 0.328940 
0.440679 0.483060 0.295315 0.356490 0.328940 
0.440679 0.483060 0.295315 0.356490 0.328940 
0.440679 0.483060 0.295315 0.356490 0.328940 
0.440679 0.483060 0.295315 0.356490 0.328940 
0.440679 0.483060 0.295315 0.356490 0.328940 
0.440679 0.483060 0.295315 0.356490 0.328940 
0.440679 0.483060 0.295315 0.356490 0.328940 
0.440679 0.483060 0.295315 0.356490 0.328940 
0.440679 0.483060 0.295315 0.356490 0.328940 
0.440679 0.483060 0.295315 0.356490 0.328940 
0.440679 0.483060 0.295315 0.356490 0.328940 
0.440679 0.483060 0.295315 0.356490 0.328940 
0.440679 0.483060 0.295315 0.356490 0.328940 
0.440679 0.483060 0.295315 0.356490 0.328940 
0.440679 0.483060 0.295315 0.356490 0.328940 
0.440679 0.483060 0.295315 0.356490 0.328940 
0.440679 0.483060 0.295315 0.356490 0.328940 
0.440679 0.483060 0.295315 0.356490 0.328940 
0.440679 0.483060 0.295315 0.356490 0.328940 
0.440679 0.268941 0.268941 0.500000 0.500000 
0.440679 0.362982 0.240693 0.368680 0.500000 
0.440679 0.418942 0.317442 0.381925 0.323582 
0.440679 0.437259 0.250622 0.346404 0.317811 
0.440679 0.457088 0.323877 0.377248 0.333409 
0.440679 0.461922 0.250968 0.343496 0.319842 
0.440679 0.471488 0.327494 0.377086 0.334703 
0.440679 0.472299 0.249652 0.341867 0.319913 
0.440679 0.478050 0.330563 0.377704 0.335429 
0.440679 0.477337 0.247691 0.340487 0.319644 
0.440679 0.481438 0.333535 0.378627 0.336044 
0.440679 0.480019 0.245383 0.339153 0.319243 
0.440679 0.483342 0.336552 0.379713 0.336639 
0.440679 0.481528 0.242844 0.337802 0.318771 
0.440679 0.484481 0.339670 0.380910 0.337243 
0.440679 0.482402 0.240128 0.336409 0.318251 
0.440679 0.485197 0.342913 0.382192 0.337866 
0.440679 0.482913 0.237263 0.334962 0.317695 
0.440679 0.485671 0.346290 0.383546 0.338514 
0.440679 0.483209 0.234270 0.333460 0.317109 
0.440679 0.486002 0.349802 0.384962 0.339187 
0.440679 0.483374 0.231163 0.331900 0.316496 
0.440679 0.486248 0.353447 0.386434 0.339887 
0.440679 0.483458 0.227958 0.330286 0.315859 
0.440679 0.486443 0.357216 0.387955 0.340611 
0.440679 0.483493 0.224669 0.328620 0.315202 
0.440679 0.486609 0.361099 0.389518 0.341360 
0.440679 0.483497 0.221310 0.326909 0.314528 
0.440679 0.486757 0.365082 0.391117 0.342130 
0.440679 0.483483 0.217899 0.325159 0.313839 
0.440679 0.486896 0.369148 0.392743 0.342918 
0.440679 0.483458 0.500000 0.323377 0.313139 
0.440679 0.469042 0.373278 0.500000 0.343722 
0.440679 0.470674 0.500000 0.321572 0.500000 
0.440679 0.451782 0.400202 0.500000 0.344536 
0.440679 0.454927 0.500000 0.309939 0.500000 
0.440679 0.432212 0.421413 0.500000 0.349809 
0.440679 0.437320 0.500000 0.300940 0.500000 
0.440679 0.412273 0.437523 0.500000 0.353914 
0.440679 0.419615 0.500000 0.294205 0.500000 
0.440679 0.393686 0.449513 0.500000 0.357000 
0.440679 0.403269 0.500000 0.289251 0.500000 
0.440679 0.377508 0.458369 0.500000 0.359277 
0.440679 0.389118 0.500000 0.285623 0.500000 
0.440679 0.364106 0.464919 0.500000 0.360949 
0.440679 0.377412 0.500000 0.282957 0.500000 
0.440679 0.353370 0.469797 0.500000 0.362180 
0.440679 0.368022 0.500000 0.280982 0.500000 
0.440679 0.344953 0.473463 0.500000 0.363093 
0.440679 0.360636 0.500000 0.279504 0.500000 
0.440679 0.338437 0.476247 0.500000 0.363777 
0.440679 0.354892 0.500000 0.278383 0.500000 
0.440679 0.333427 0.478385 0.500000 0.364296 
0.440679 0.350452 0.500000 0.277525 0.500000 
0.440679 0.329584 0.480042 0.500000 0.364693 
0.440679 0.347027 0.500000 0.276861 0.500000 
0.440679 0.326636 0.481340 0.500000 0.365001 
0.440679 0.344383 0.500000 0.276342 0.500000 
0.440679 0.324368 0.482364 0.500000 0.365242 
0.440679 0.342337 0.500000 0.275933 0.500000 
0.440679 0.322617 0.483178 0.500000 0.365432 
0.440679 0.340747 0.500000 0.275607 0.500000 
0.440679 0.321259 0.483829 0.500000 0.365583 
0.440679 0.339507 0.500000 0.275348 0.500000 
0.440679 0.320199 0.484353 0.500000 0.365703 
0.440679 0.338533 0.500000 0.275139 0.500000 
0.440679 0.319369 0.484776 0.500000 0.365800 
0.440679 0.337766 0.500000 0.274970 0.500000 
0.440679 0.318714 0.485119 0.500000 0.365878 
0.440679 0.337158 0.500000 0.274833 0.500000 
0.440679 0.318195 0.485398 0.500000 0.365942 
0.440679 0.336674 0.500000 0.274722 0.500000 
0.440679 0.317781 0.485626 0.500000 0.365993 
0.440679 0.336286 0.500000 0.274631 0.500000 
0.440679 0.317451 0.485812 0.500000 0.366036 
0.440679 0.335975 0.500000 0.274557 0.500000 
0.440679 0.317184 0.485965 0.500000 0.366070 
0.440679 0.335723 0.500000 0.274496 0.500000 
0.440679 0.316970 0.486090 0.500000 0.366098 
0.440679 0.335520 0.500000 0.274446 0.500000 
0.440679 0.316796 0.486193 0.500000 0.366121 
0.440679 0.335355 0.500000 0.274405 0.500000 
0.440679 0.316654 0.486278 0.500000 0.366140 
0.440679 0.335220 0.500000 0.274371 0.500000 
0.440679 0.316539 0.486348 0.500000 0.366156 
0.440679 0.335110 0.500000 0.274344 0.500000 
0.440679 0.316445 0.486405 0.500000 0.366169 
0.440679 0.335021 0.500000 0.274321 0.500000 
0.440679 0.316369 0.486452 0.500000 0.366180 
0.440679 0.334947 0.500000 0.274302 0.500000 
0.440679 0.316306 0.486492 0.500000 0.366188 
0.440679 0.334887 0.500000 0.274286 0.500000 
0.440679 0.316254 0.486524 0.500000 0.366196 
0.440679 0.334837 0.500000 0.274273 0.500000 
0.440679 0.316211 0.486551 0.500000 0.366202 
0.440679 0.334796 0.500000 0.274263 0.500000 
0.440679 0.316176 0.486573 0.500000 0.366207 
0.440679 0.334763 0.500000 0.274254 0.500000 
0.440679 0.316148 0.486591 0.500000 0.366211 
0.440679 0.334735 0.500000 0.274247 0.500000 
0.440679 0.268941 0.268941 0.500000 0.500000 
0.440679 0.362982 0.240693 0.368680 0.500000 
0.440679 0.418942 0.317442 0.381925 0.323582 
0.440679 0.437259 0.250622 0.346404 0.317811 
0.440679 0.457088 0.323877 0.377248 0.333409 
0.440679 0.461922 0.250968 0.343496 0.319842 
0.440679 0.471488 0.327494 0.377086 0.334703 
0.440679 0.472299 0.249652 0.341867 0.319913 
0.440679 0.478050 0.330563 0.377704 0.335429 
0.440679 0.477337 0.247691 0.340487 0.319644 
0.440679 0.481438 0.333535 0.378627 0.336044 
0.440679 0.480019 0.245383 0.339153 0.319243 
0.440679 0.483342 0.336552 0.379713 0.336639 
0.440679 0.481528 0.242844 0.337802 0.318771 
0.440679 0.484481 0.339670 0.380910 0.337243 
0.440679 0.482402 0.240128 0.336409 0.318251 
0.440679 0.485197 0.342913 0.382192 0.337866 
0.440679 0.482913 0.237263 0.334962 0.317695 
0.440679 0.485671 0.346290 0.383546 0.338514 
0.440679 0.483209 0.234270 0.333460 0.317109 
0.440679 0.486002 0.349802 0.384962 0.339187 
0.440679 0.483374 0.500000 0.331900 0.316496 
0.440679 0.469255 0.353447 0.500000 0.339887 
0.440679 0.472438 0.500000 0.330286 0.500000 
0.440679 0.454509 0.384057 0.500000 0.340611 
0.440679 0.458811 0.500000 0.316887 0.500000 
0.440679 0.437199 0.408926 0.500000 0.346655 
0.440679 0.442909 0.500000 0.306220 0.500000 
0.440679 0.418681 0.428179 0.500000 0.351503 
0.440679 0.426102 0.500000 0.298101 0.500000 
0.440679 0.400533 0.442634 0.500000 0.355213 
0.440679 0.409836 0.500000 0.292087 0.500000 
0.440679 0.384027 0.453325 0.500000 0.357973 
0.440679 0.395182 0.500000 0.287686 0.500000 
0.440679 0.369863 0.461206 0.500000 0.359998 
0.440679 0.382676 0.500000 0.284467 0.500000 
0.440679 0.358210 0.467039 0.500000 0.361483 
0.440679 0.372409 0.500000 0.282098 0.500000 
0.440679 0.348895 0.471393 0.500000 0.362577 
0.440679 0.364195 0.500000 0.280338 0.500000 
0.440679 0.341584 0.474675 0.500000 0.363391 
0.440679 0.357732 0.500000 0.279015 0.500000 
0.440679 0.335910 0.477178 0.500000 0.364003 
0.440679 0.352695 0.500000 0.278010 0.500000 
0.440679 0.331530 0.479106 0.500000 0.364469 
0.440679 0.348790 0.500000 0.277236 0.500000 
0.440679 0.328157 0.480606 0.500000 0.364827 
0.440679 0.345766 0.500000 0.276636 0.500000 
0.440679 0.325556 0.481784 0.500000 0.365106 
0.440679 0.343422 0.500000 0.276164 0.500000 
0.440679 0.323547 0.482717 0.500000 0.365324 
0.440679 0.341600 0.500000 0.275792 0.500000 
0.440679 0.321988 0.483460 0.500000 0.365497 
0.440679 0.340179 0.500000 0.275495 0.500000 
0.440679 0.320774 0.484056 0.500000 0.365635 
0.440679 0.339065 0.500000 0.275257 0.500000 
0.440679 0.319823 0.484535 0.500000 0.365745 
0.440679 0.338188 0.500000 0.275066 0.500000 
0.440679 0.319075 0.484924 0.500000 0.365834 
0.440679 0.337495 0.500000 0.274911 0.500000 
0.440679 0.318483 0.485239 0.500000 0.365906 
0.440679 0.336943 0.500000 0.274785 0.500000 
0.440679 0.318012 0.485496 0.500000 0.365964 
0.440679 0.336503 0.500000 0.274683 0.500000 
0.440679 0.317636 0.485706 0.500000 0.366012 
0.440679 0.336149 0.500000 0.274599 0.500000 
0.440679 0.317334 0.485878 0.500000 0.366050 
0.440679 0.335865 0.500000 0.274531 0.500000 
0.440679 0.317091 0.486019 0.500000 0.366082 
0.440679 0.335635 0.500000 0.274475 0.500000 
0.440679 0.316894 0.486135 0.500000 0.366108 
0.440679 0.335448 0.500000 0.274428 0.500000 
0.440679 0.316734 0.486230 0.500000 0.366130 
0.440679 0.335296 0.500000 0.274391 0.500000 
0.440679 0.316605 0.486308 0.500000 0.366147 
0.440679 0.335173 0.500000 0.274359 0.500000 
0.440679 0.316499 0.486372 0.500000 0.366162 
0.440679 0.335072 0.500000 0.274334 0.500000 
0.440679 0.316412 0.486425 0.500000 0.366174 
0.440679 0.334989 0.500000 0.274313 0.500000 
0.440679 0.316341 0.486469 0.500000 0.366183 
0.440679 0.334921 0.500000 0.274295 0.500000 
0.440679 0.316283 0.486506 0.500000 0.366192 
0.440679 0.334865 0.500000 0.274281 0.500000 
0.440679 0.316235 0.486535 0.500000 0.366198 
0.440679 0.334819 0.500000 0.274269 0.500000 
0.440679 0.316196 0.486560 0.500000 0.366204 
0.440679 0.334782 0.500000 0.274259 0.500000 
0.440679 0.316164 0.486580 0.500000 0.366208 
0.440679 0.334751 0.500000 0.274251 0.500000 
0.440679 0.316137 0.486597 0.500000 0.366212 
0.440679 0.334725 0.500000 0.274244 0.500000 
0.440679 0.316115 0.486611 0.500000 0.366215 
0.440679 0.334704 0.500000 0.274239 0.500000 
0.440679 0.316097 0.486623 0.500000 0.366218 
0.440679 0.334687 0.500000 0.274234 0.500000 
0.440679 0.316082 0.486632 0.500000 0.366220 
0.440679 0.334672 0.500000 0.274230 0.500000 
0.440679 0.316070 0.486640 0.500000 0.366222 
0.440679 0.334660 0.500000 0.274227 0.500000 
0.440679 0.268941 0.268941 0.500000 0.500000 
0.440679 0.362982 0.240693 0.368680 0.500000 
0.440679 0.418942 0.317442 0.381925 0.323582 
0.440679 0.437259 0.250622 0.346404 0.317811 
0.440679 0.457088 0.323877 0.377248 0.333409 
0.440679 0.461922 0.250968 0.343496 0.319842 
0.440679 0.471488 0.327494 0.377086 0.334703 
0.440679 0.472299 0.249652 0.341867 0.319913 
0.440679 0.478050 0.330563 0.377704 0.335429 
0.440679 0.477337 0.247691 0.340487 0.319644 
0.440679 0.481438 0.333535 0.378627 0.336044 
0.440679 0.480019 0.245383 0.339153 0.319243 
0.440679 0.483342 0.336552 0.379713 0.336639 
0.440679 0.481528 0.242844 0.337802 0.318771 
0.440679 0.484481 0.339670 0.380910 0.337243 
0.440679 0.482402 0.240128 0.336409 0.318251 
0.440679 0.485197 0.342913 0.382192 0.337866 
0.440679 0.482913 0.237263 0.334962 0.317695 
0.440679 0.485671 0.346290 0.383546 0.338514 
0.440679 0.483209 0.234270 0.333460 0.317109 
0.440679 0.486002 0.349802 0.384962 0.339187 
0.440679 0.483374 0.231163 0.331900 0.316496 
0.440679 0.486248 0.353447 0.386434 0.339887 
0.440679 0.483458 0.227958 0.330286 0.315859 
0.440679 0.486443 0.357216 0.387955 0.340611 
0.440679 0.483493 0.224669 0.328620 0.315202 
0.440679 0.486609 0.361099 0.389518 0.341360 
0.440679 0.483497 0.221310 0.326909 0.314528 
0.440679 0.486757 0.365082 0.391117 0.342130 
0.440679 0.483483 0.217899 0.325159 0.313839 
0.440679 0.486896 0.369148 0.392743 0.342918 
0.440679 0.483458 0.214453 0.323377 0.313139 
0.440679 0.487030 0.373278 0.394387 0.343722 
0.440679 0.483429 0.210993 0.321572 0.312432 
0.440679 0.487162 0.377448 0.396042 0.344536 
0.440679 0.483397 0.207536 0.319755 0.311721 
0.440679 0.487293 0.381636 0.397696 0.345357 
0.440679 0.483366 0.204105 0.317936 0.311012 
0.440679 0.487424 0.385816 0.399341 0.346180 
0.440679 0.483337 0.200719 0.316126 0.310307 
0.440679 0.487555 0.389964 0.400967 0.347000 
0.440679 0.483311 0.197399 0.314336 0.309612 
0.440679 0.487685 0.394052 0.402563 0.347812 
0.440679 0.483288 0.194162 0.312576 0.308930 
0.440679 0.487815 0.398058 0.404121 0.348611 
0.440679 0.483270 0.191027 0.310857 0.308265 
0.440679 0.487943 0.401958 0.405632 0.349392 
0.440679 0.483257 0.188007 0.309189 0.307621 
0.440679 0.488068 0.405731 0.407088 0.350151 
0.440679 0.483248 0.185116 0.307579 0.307001 
0.440679 0.488191 0.409360 0.408485 0.350884 
0.440679 0.483243 0.182364 0.306035 0.306407 
0.440679 0.488311 0.412830 0.409815 0.351587 
0.440679 0.483243 0.179758 0.304564 0.305842 
0.440679 0.488427 0.416129 0.411077 0.352258 
0.440679 0.483246 0.177302 0.303168 0.305307 
0.440679 0.488538 0.419250 0.412266 0.352896 
0.440679 0.483253 0.174999 0.301851 0.304802 
0.440679 0.488645 0.422188 0.413383 0.353497 
0.440679 0.483262 0.172849 0.300614 0.304329 
0.440679 0.488747 0.424941 0.414426 0.354063 
0.440679 0.483274 0.170849 0.299458 0.303888 
0.440679 0.488843 0.427509 0.415397 0.354592 
0.440679 0.483289 0.168996 0.298381 0.303477 
0.440679 0.488934 0.429897 0.416297 0.355085 
0.440679 0.483304 0.167284 0.297382 0.303097 
0.440679 0.489019 0.432109 0.417130 0.355542 
0.440679 0.483321 0.165707 0.296459 0.302745 
0.440679 0.489099 0.434152 0.417896 0.355966 
0.440679 0.483339 0.164259 0.295607 0.302422 
0.440679 0.489173 0.436034 0.418601 0.356356 
0.440679 0.483357 0.162932 0.294824 0.302124 
0.440679 0.489242 0.437762 0.419247 0.356715 
0.440679 0.483375 0.161718 0.294106 0.301852 
0.440679 0.489306 0.439347 0.419839 0.357045 
0.440679 0.483392 0.160609 0.293448 0.301603 
0.440679 0.489366 0.440797 0.420379 0.357347 
0.440679 0.483410 0.159598 0.292847 0.301375 
0.440679 0.489420 0.442122 0.420872 0.357623 
0.440679 0.483427 0.158677 0.292299 0.301168 
0.440679 0.489471 0.443331 0.421321 0.357875 
0.440679 0.483443 0.157840 0.291799 0.300979 
0.440679 0.489517 0.444432 0.421729 0.358105 
0.440679 0.483459 0.157079 0.291344 0.300807 
0.440679 0.489559 0.445434 0.422100 0.358314 
0.440679 0.483473 0.156388 0.290931 0.300651 
0.440679 0.489598 0.446346 0.422437 0.358504 
0.440679 0.483487 0.155761 0.290555 0.300509 
0.440679 0.489633 0.447174 0.422743 0.358677 
0.440679 0.483500 0.155193 0.290213 0.300381 
0.440679 0.489665 0.447926 0.423021 0.358834 
0.440679 0.483512 0.154678 0.289904 0.300264 
0.440679 0.489695 0.448608 0.423272 0.358977 
0.440679 0.483523 0.154211 0.289623 0.300158 
0.440679 0.489721 0.449227 0.423500 0.359106 
0.440679 0.483534 0.153788 0.289368 0.300063 
0.440679 0.489746 0.449788 0.423707 0.359223 
0.440679 0.483544 0.153405 0.289138 0.299976 
0.440679 0.489768 0.450296 0.423894 0.359329 
0.440679 0.483553 0.153058 0.288929 0.299897 
