0.500000 0.500000 0.268941 0.500000 0.500000 
0.500000 0.500000 0.268941 0.368680 0.500000 
0.500000 0.428364 0.268941 0.368680 0.323582 
0.500000 0.451192 0.298024 0.368680 0.323582 
0.500000 0.455038 0.262716 0.355249 0.323582 
0.500000 0.464227 0.292832 0.371583 0.329489 
0.500000 0.461952 0.262055 0.357630 0.322312 
0.500000 0.466979 0.290619 0.371892 0.328437 
0.500000 0.463723 0.262873 0.358648 0.322177 
0.500000 0.467543 0.289118 0.371509 0.327989 
0.500000 0.464293 0.263940 0.359338 0.322344 
0.500000 0.467580 0.287879 0.371012 0.327684 
0.500000 0.464548 0.264992 0.359909 0.322562 
0.500000 0.467490 0.286786 0.370521 0.327433 
0.500000 0.464712 0.265972 0.360413 0.322776 
0.500000 0.467375 0.285801 0.370064 0.327211 
0.500000 0.464843 0.266870 0.360867 0.322976 
0.500000 0.467262 0.284910 0.369645 0.327011 
0.500000 0.464958 0.267691 0.361278 0.323160 
0.500000 0.467158 0.284101 0.369263 0.326830 
0.500000 0.465061 0.268438 0.361652 0.323327 
0.500000 0.467061 0.283366 0.368914 0.326666 
0.500000 0.465154 0.269119 0.361991 0.323479 
0.500000 0.466974 0.282698 0.368597 0.326517 
0.500000 0.465238 0.269740 0.362300 0.323618 
0.500000 0.466894 0.282091 0.368309 0.326381 
0.500000 0.465315 0.270305 0.362580 0.323744 
0.500000 0.466821 0.281540 0.368046 0.326258 
0.500000 0.465385 0.270819 0.362835 0.323859 
0.500000 0.466755 0.281039 0.367807 0.326146 
0.500000 0.465449 0.271288 0.363067 0.323964 
0.500000 0.466695 0.280584 0.367589 0.326044 
0.500000 0.465507 0.271714 0.363277 0.324060 
0.500000 0.466640 0.280171 0.367390 0.325951 
0.500000 0.465559 0.272102 0.363469 0.324146 
0.500000 0.466590 0.279795 0.367210 0.325867 
0.500000 0.465607 0.272456 0.363643 0.324226 
0.500000 0.466545 0.279453 0.367046 0.325791 
0.500000 0.465651 0.272777 0.363801 0.324298 
0.500000 0.466504 0.279142 0.366896 0.325721 
0.500000 0.465690 0.273070 0.363945 0.324363 
0.500000 0.466466 0.278859 0.366760 0.325658 
0.500000 0.465726 0.273337 0.364075 0.324423 
0.500000 0.466432 0.278603 0.366637 0.325601 
0.500000 0.465759 0.273579 0.364194 0.324477 
0.500000 0.466401 0.278369 0.366524 0.325548 
0.500000 0.465789 0.273800 0.364302 0.324526 
0.500000 0.466373 0.278157 0.366421 0.325501 
0.500000 0.465816 0.274001 0.364401 0.324571 
0.500000 0.466347 0.277964 0.366328 0.325458 
0.500000 0.465840 0.274183 0.364490 0.324612 
0.500000 0.466324 0.277788 0.366243 0.325418 
0.500000 0.465863 0.274350 0.364572 0.324649 
0.500000 0.466302 0.277629 0.366166 0.325383 
0.500000 0.465883 0.274501 0.364646 0.324683 
0.500000 0.466283 0.277484 0.366096 0.325350 
0.500000 0.465902 0.274638 0.364713 0.324714 
0.500000 0.466265 0.277352 0.366032 0.325321 
0.500000 0.465919 0.274764 0.364774 0.324742 
0.500000 0.466249 0.277232 0.365974 0.325294 
0.500000 0.465934 0.274878 0.364830 0.324767 
0.500000 0.466235 0.277122 0.365921 0.325270 
0.500000 0.465948 0.274981 0.364880 0.324791 
0.500000 0.466221 0.277023 0.365873 0.325247 
0.500000 0.465961 0.275076 0.364926 0.324812 
0.500000 0.466209 0.276933 0.365829 0.325227 
0.500000 0.465972 0.275161 0.364968 0.324831 
0.500000 0.466198 0.276851 0.365790 0.325209 
0.500000 0.465983 0.275239 0.365006 0.324848 
0.500000 0.466188 0.276776 0.365753 0.325192 
0.500000 0.465992 0.275310 0.365041 0.324864 
0.500000 0.466179 0.276708 0.365720 0.325177 
0.500000 0.466001 0.275375 0.365072 0.324879 
0.500000 0.466171 0.276646 0.365690 0.325163 
0.500000 0.466009 0.275434 0.365101 0.324892 
0.500000 0.466164 0.276590 0.365663 0.325150 
0.500000 0.466016 0.275487 0.365127 0.324904 
0.500000 0.466157 0.276539 0.365638 0.325139 
0.500000 0.466022 0.275536 0.365151 0.324915 
0.500000 0.466151 0.276493 0.365616 0.325129 
0.500000 0.466028 0.275580 0.365172 0.324925 
0.500000 0.466145 0.276450 0.365595 0.325119 
0.500000 0.466034 0.275620 0.365192 0.324934 
0.500000 0.466140 0.276412 0.365577 0.325111 
0.500000 0.466039 0.275657 0.365209 0.324942 
0.500000 0.466135 0.276377 0.365560 0.325103 
0.500000 0.466043 0.275690 0.365226 0.324949 
0.500000 0.466131 0.276345 0.365544 0.325096 
0.500000 0.466047 0.275721 0.365240 0.324956 
0.500000 0.466127 0.276316 0.365530 0.325089 
0.500000 0.466051 0.275748 0.365254 0.324962 
0.500000 0.466123 0.276290 0.365517 0.325083 
0.500000 0.466054 0.275773 0.365266 0.324968 
0.500000 0.466120 0.276266 0.365506 0.325078 
0.500000 0.466057 0.275796 0.365277 0.324973 
0.500000 0.466117 0.276244 0.365495 0.325073 
0.500000 0.466060 0.275817 0.365287 0.324977 
0.500000 0.466115 0.276225 0.365486 0.325069 
0.500000 0.466062 0.275836 0.365296 0.324982 
0.500000 0.466112 0.276207 0.365477 0.325065 
