0.500000 0.440679 0.500000 0.368680 0.500000 0.500000 0.440679 0.429546 0.500000 
0.500000 0.440679 0.500000 0.389497 0.500000 0.292896 0.500000 0.500000 0.500000 
0.500000 0.440679 0.282156 0.408102 0.337530 0.292896 0.500000 0.500000 0.500000 
0.500000 0.440679 0.500000 0.449489 0.317804 0.292896 0.362550 0.337365 0.500000 
0.500000 0.440679 0.500000 0.459280 0.338112 0.292896 0.500000 0.346240 0.500000 
0.500000 0.440679 0.500000 0.467326 0.344141 0.292896 0.500000 0.337105 0.500000 
0.500000 0.440679 0.500000 0.473881 0.343945 0.292896 0.500000 0.334415 0.500000 
0.500000 0.440679 0.500000 0.479184 0.341243 0.292896 0.500000 0.334503 0.500000 
0.500000 0.440679 0.500000 0.483449 0.337767 0.292896 0.500000 0.335707 0.500000 
0.500000 0.440679 0.500000 0.486866 0.334306 0.292896 0.500000 0.337259 0.500000 
0.500000 0.440679 0.500000 0.489593 0.331188 0.292896 0.500000 0.338808 0.500000 
0.500000 0.440679 0.500000 0.491764 0.328519 0.292896 0.500000 0.340206 0.500000 
0.500000 0.440679 0.500000 0.493488 0.326299 0.292896 0.500000 0.341405 0.500000 
0.500000 0.440679 0.500000 0.494855 0.324485 0.292896 0.500000 0.342404 0.500000 
0.500000 0.440679 0.500000 0.495937 0.323019 0.292896 0.500000 0.343222 0.500000 
0.500000 0.440679 0.500000 0.496794 0.321844 0.292896 0.500000 0.343883 0.500000 
0.500000 0.440679 0.500000 0.497470 0.320906 0.292896 0.500000 0.344414 0.500000 
0.500000 0.440679 0.500000 0.498005 0.320160 0.292896 0.500000 0.344837 0.500000 
0.500000 0.440679 0.500000 0.498427 0.319568 0.292896 0.500000 0.345174 0.500000 
0.500000 0.440679 0.500000 0.498759 0.319100 0.292896 0.500000 0.345442 0.500000 
0.500000 0.440679 0.500000 0.499022 0.318729 0.292896 0.500000 0.345654 0.500000 
0.500000 0.440679 0.500000 0.499229 0.318436 0.292896 0.500000 0.345821 0.500000 
0.500000 0.440679 0.500000 0.499393 0.318205 0.292896 0.500000 0.345954 0.500000 
0.500000 0.440679 0.500000 0.499521 0.318023 0.292896 0.500000 0.346058 0.500000 
0.500000 0.440679 0.500000 0.499623 0.317879 0.292896 0.500000 0.346141 0.500000 
0.500000 0.440679 0.500000 0.499703 0.317765 0.292896 0.500000 0.346206 0.500000 
0.500000 0.440679 0.500000 0.499766 0.317676 0.292896 0.500000 0.346258 0.500000 
0.500000 0.440679 0.500000 0.499815 0.317605 0.292896 0.500000 0.346298 0.500000 
0.500000 0.440679 0.500000 0.499855 0.317550 0.292896 0.500000 0.346330 0.500000 
0.500000 0.440679 0.500000 0.499885 0.317506 0.292896 0.500000 0.346355 0.500000 
0.500000 0.440679 0.500000 0.499910 0.317471 0.292896 0.500000 0.346375 0.500000 
0.500000 0.440679 0.500000 0.499929 0.317444 0.292896 0.500000 0.346391 0.500000 
0.500000 0.440679 0.500000 0.499944 0.317422 0.292896 0.500000 0.346403 0.500000 
0.500000 0.440679 0.500000 0.499956 0.317406 0.292896 0.500000 0.346413 0.500000 
0.500000 0.440679 0.500000 0.499965 0.317392 0.292896 0.500000 0.346420 0.500000 
0.500000 0.440679 0.500000 0.499973 0.317382 0.292896 0.500000 0.346426 0.500000 
0.500000 0.440679 0.500000 0.499978 0.317373 0.292896 0.500000 0.346431 0.500000 
0.500000 0.440679 0.500000 0.499983 0.317367 0.292896 0.500000 0.346435 0.500000 
0.500000 0.440679 0.500000 0.499987 0.317362 0.292896 0.500000 0.346438 0.500000 
0.500000 0.440679 0.500000 0.499989 0.317358 0.292896 0.500000 0.346440 0.500000 
0.500000 0.440679 0.500000 0.499992 0.317355 0.292896 0.500000 0.346442 0.500000 
0.500000 0.440679 0.500000 0.499993 0.317352 0.292896 0.500000 0.346444 0.500000 
0.500000 0.440679 0.500000 0.499995 0.317350 0.292896 0.500000 0.346445 0.500000 
0.500000 0.440679 0.500000 0.499996 0.317349 0.292896 0.500000 0.346446 0.500000 
0.500000 0.440679 0.500000 0.499997 0.317347 0.292896 0.500000 0.346446 0.500000 
0.500000 0.440679 0.500000 0.499997 0.317346 0.292896 0.500000 0.346447 0.500000 
0.500000 0.440679 0.500000 0.499998 0.317346 0.292896 0.500000 0.346447 0.500000 
0.500000 0.440679 0.500000 0.499998 0.317345 0.292896 0.500000 0.346448 0.500000 
0.500000 0.440679 0.500000 0.499999 0.317344 0.292896 0.500000 0.346448 0.500000 
0.500000 0.440679 0.500000 0.499999 0.317344 0.292896 0.500000 0.346448 0.500000 
0.500000 0.440679 0.500000 0.499999 0.317344 0.292896 0.500000 0.346448 0.500000 
0.500000 0.440679 0.500000 0.499999 0.317344 0.292896 0.500000 0.346448 0.500000 
0.500000 0.440679 0.500000 0.500000 0.317343 0.292896 0.500000 0.346448 0.500000 
0.500000 0.440679 0.500000 0.500000 0.317343 0.292896 0.500000 0.346449 0.500000 
0.500000 0.440679 0.500000 0.500000 0.317343 0.292896 0.500000 0.346449 0.500000 
0.500000 0.440679 0.500000 0.500000 0.317343 0.292896 0.500000 0.346449 0.500000 
0.500000 0.440679 0.500000 0.500000 0.317343 0.292896 0.500000 0.346449 0.500000 
0.500000 0.440679 0.500000 0.500000 0.317343 0.292896 0.500000 0.346449 0.500000 
0.500000 0.440679 0.500000 0.500000 0.317343 0.292896 0.500000 0.346449 0.500000 
0.500000 0.440679 0.500000 0.500000 0.317343 0.292896 0.500000 0.346449 0.500000 
0.500000 0.440679 0.500000 0.500000 0.317343 0.292896 0.500000 0.346449 0.500000 
0.500000 0.440679 0.500000 0.500000 0.317343 0.292896 0.500000 0.346449 0.500000 
0.500000 0.440679 0.500000 0.500000 0.317343 0.292896 0.500000 0.346449 0.500000 
0.500000 0.440679 0.500000 0.500000 0.317343 0.292896 0.500000 0.346449 0.500000 
0.500000 0.440679 0.500000 0.500000 0.317343 0.292896 0.500000 0.346449 0.500000 
0.500000 0.440679 0.500000 0.500000 0.317343 0.292896 0.500000 0.346449 0.500000 
0.500000 0.440679 0.500000 0.500000 0.317343 0.292896 0.500000 0.346449 0.500000 
0.500000 0.440679 0.500000 0.500000 0.317343 0.292896 0.500000 0.346449 0.500000 
0.500000 0.440679 0.500000 0.500000 0.317343 0.292896 0.500000 0.346449 0.500000 
0.500000 0.440679 0.500000 0.500000 0.317343 0.292896 0.500000 0.346449 0.500000 
0.500000 0.440679 0.500000 0.500000 0.317343 0.292896 0.500000 0.346449 0.500000 
0.500000 0.440679 0.500000 0.500000 0.317343 0.292896 0.500000 0.346449 0.500000 
0.500000 0.440679 0.500000 0.500000 0.317343 0.292896 0.500000 0.346449 0.500000 
0.500000 0.440679 0.500000 0.500000 0.317343 0.292896 0.500000 0.346449 0.500000 
0.500000 0.440679 0.500000 0.500000 0.317343 0.292896 0.500000 0.346449 0.500000 
0.500000 0.440679 0.500000 0.500000 0.317343 0.292896 0.500000 0.346449 0.500000 
0.500000 0.440679 0.500000 0.500000 0.317343 0.292896 0.500000 0.346449 0.500000 
0.500000 0.440679 0.500000 0.500000 0.317343 0.292896 0.500000 0.346449 0.500000 
0.500000 0.440679 0.500000 0.500000 0.317343 0.292896 0.500000 0.346449 0.500000 
0.500000 0.440679 0.500000 0.500000 0.317343 0.292896 0.500000 0.346449 0.500000 
0.500000 0.440679 0.500000 0.500000 0.317343 0.292896 0.500000 0.346449 0.500000 
0.500000 0.440679 0.500000 0.500000 0.317343 0.292896 0.500000 0.346449 0.500000 
0.500000 0.440679 0.500000 0.500000 0.317343 0.292896 0.500000 0.346449 0.500000 
0.500000 0.440679 0.500000 0.500000 0.317343 0.292896 0.500000 0.346449 0.500000 
0.500000 0.440679 0.500000 0.500000 0.317343 0.292896 0.500000 0.346449 0.500000 
0.500000 0.440679 0.500000 0.500000 0.317343 0.292896 0.500000 0.346449 0.500000 
0.500000 0.440679 0.500000 0.500000 0.317343 0.292896 0.500000 0.346449 0.500000 
0.500000 0.440679 0.500000 0.500000 0.317343 0.292896 0.500000 0.346449 0.500000 
0.500000 0.440679 0.500000 0.500000 0.317343 0.292896 0.500000 0.346449 0.500000 
0.500000 0.440679 0.500000 0.500000 0.317343 0.292896 0.500000 0.346449 0.500000 
0.500000 0.440679 0.500000 0.500000 0.317343 0.292896 0.500000 0.346449 0.500000 
0.500000 0.440679 0.500000 0.500000 0.317343 0.292896 0.500000 0.346449 0.500000 
0.500000 0.440679 0.500000 0.500000 0.317343 0.292896 0.500000 0.346449 0.500000 
0.500000 0.440679 0.500000 0.500000 0.317343 0.292896 0.500000 0.346449 0.500000 
0.500000 0.440679 0.500000 0.500000 0.317343 0.292896 0.500000 0.346449 0.500000 
0.500000 0.440679 0.500000 0.500000 0.317343 0.292896 0.500000 0.346449 0.500000 
0.500000 0.440679 0.500000 0.500000 0.317343 0.292896 0.500000 0.346449 0.500000 
0.500000 0.440679 0.500000 0.500000 0.317343 0.292896 0.500000 0.346449 0.500000 
0.500000 0.440679 0.500000 0.500000 0.317343 0.292896 0.500000 0.346449 0.500000 
0.500000 0.440679 0.500000 0.500000 0.317343 0.292896 0.500000 0.346449 0.500000 
