0.500000 0.675038 0.500000 0.500000 0.500000 0.500000 0.500000 0.500000 0.500000 
0.500000 0.675038 0.662630 0.662630 0.662630 0.662630 0.500000 0.500000 0.500000 
0.500000 0.675038 0.663996 0.702265 0.691585 0.662630 0.659851 0.659851 0.500000 
0.500000 0.675038 0.661436 0.720392 0.706230 0.662630 0.660157 0.666319 0.500000 
0.500000 0.675038 0.658381 0.727281 0.713197 0.662630 0.659583 0.669568 0.500000 
0.500000 0.675038 0.655955 0.729736 0.716536 0.662630 0.658897 0.671107 0.500000 
0.500000 0.675038 0.654299 0.730596 0.718197 0.662630 0.658351 0.671844 0.500000 
0.500000 0.675038 0.653249 0.730896 0.719050 0.662630 0.657979 0.672210 0.500000 
0.500000 0.675038 0.652610 0.731002 0.719499 0.662630 0.657742 0.672398 0.500000 
0.500000 0.675038 0.652230 0.731039 0.719738 0.662630 0.657598 0.672497 0.500000 
0.500000 0.675038 0.652009 0.731052 0.719867 0.662630 0.657513 0.672549 0.500000 
0.500000 0.675038 0.651881 0.731056 0.719937 0.662630 0.657463 0.672578 0.500000 
0.500000 0.675038 0.651808 0.731058 0.719975 0.662630 0.657434 0.672593 0.500000 
0.500000 0.675038 0.651766 0.731058 0.719996 0.662630 0.657418 0.672602 0.500000 
0.500000 0.675038 0.651743 0.731058 0.720007 0.662630 0.657408 0.672606 0.500000 
0.500000 0.675038 0.651729 0.731059 0.720014 0.662630 0.657403 0.672609 0.500000 
0.500000 0.675038 0.651722 0.731059 0.720017 0.662630 0.657400 0.672610 0.500000 
0.500000 0.675038 0.651718 0.731059 0.720019 0.662630 0.657398 0.672611 0.500000 
0.500000 0.675038 0.651715 0.731059 0.720020 0.662630 0.657397 0.672611 0.500000 
0.500000 0.675038 0.651714 0.731059 0.720020 0.662630 0.657397 0.672611 0.500000 
0.500000 0.675038 0.651713 0.731059 0.720021 0.662630 0.657397 0.672612 0.500000 
0.500000 0.675038 0.651713 0.731059 0.720021 0.662630 0.657396 0.672612 0.500000 
0.500000 0.675038 0.651713 0.731059 0.720021 0.662630 0.657396 0.672612 0.500000 
0.500000 0.675038 0.651713 0.731059 0.720021 0.662630 0.657396 0.672612 0.500000 
0.500000 0.675038 0.651713 0.731059 0.720021 0.662630 0.657396 0.672612 0.500000 
0.500000 0.675038 0.651712 0.731059 0.720021 0.662630 0.657396 0.672612 0.500000 
0.500000 0.675038 0.651712 0.731059 0.720021 0.662630 0.657396 0.672612 0.500000 
0.500000 0.675038 0.651712 0.731059 0.720021 0.662630 0.657396 0.672612 0.500000 
0.500000 0.675038 0.651712 0.731059 0.720021 0.662630 0.657396 0.672612 0.500000 
0.500000 0.675038 0.651712 0.731059 0.720021 0.662630 0.657396 0.672612 0.500000 
0.500000 0.675038 0.651712 0.731059 0.720021 0.662630 0.657396 0.672612 0.500000 
0.500000 0.675038 0.651712 0.731059 0.720021 0.662630 0.657396 0.672612 0.500000 
0.500000 0.675038 0.651712 0.731059 0.720021 0.662630 0.657396 0.672612 0.500000 
0.500000 0.675038 0.651712 0.731059 0.720021 0.662630 0.657396 0.672612 0.500000 
0.500000 0.675038 0.651712 0.731059 0.720021 0.662630 0.657396 0.672612 0.500000 
0.500000 0.675038 0.651712 0.731059 0.720021 0.662630 0.657396 0.672612 0.500000 
0.500000 0.675038 0.651712 0.731059 0.720021 0.662630 0.657396 0.672612 0.500000 
0.500000 0.675038 0.651712 0.731059 0.720021 0.662630 0.657396 0.672612 0.500000 
0.500000 0.675038 0.651712 0.731059 0.720021 0.662630 0.657396 0.672612 0.500000 
0.500000 0.675038 0.651712 0.731059 0.720021 0.662630 0.657396 0.672612 0.500000 
0.500000 0.675038 0.651712 0.731059 0.720021 0.662630 0.657396 0.672612 0.500000 
0.500000 0.675038 0.651712 0.731059 0.720021 0.662630 0.657396 0.672612 0.500000 
0.500000 0.675038 0.651712 0.731059 0.720021 0.662630 0.657396 0.672612 0.500000 
0.500000 0.675038 0.651712 0.731059 0.720021 0.662630 0.657396 0.672612 0.500000 
0.500000 0.675038 0.651712 0.731059 0.720021 0.662630 0.657396 0.672612 0.500000 
0.500000 0.675038 0.651712 0.731059 0.720021 0.662630 0.657396 0.672612 0.500000 
0.500000 0.675038 0.651712 0.731059 0.720021 0.662630 0.657396 0.672612 0.500000 
0.500000 0.675038 0.651712 0.731059 0.720021 0.662630 0.657396 0.672612 0.500000 
0.500000 0.675038 0.651712 0.731059 0.720021 0.662630 0.657396 0.672612 0.500000 
0.500000 0.675038 0.651712 0.731059 0.720021 0.662630 0.657396 0.672612 0.500000 
0.500000 0.675038 0.651712 0.731059 0.720021 0.662630 0.657396 0.672612 0.500000 
0.500000 0.675038 0.651712 0.731059 0.720021 0.662630 0.657396 0.672612 0.500000 
0.500000 0.675038 0.651712 0.731059 0.720021 0.662630 0.657396 0.672612 0.500000 
0.500000 0.675038 0.651712 0.731059 0.720021 0.662630 0.657396 0.672612 0.500000 
0.500000 0.675038 0.651712 0.731059 0.720021 0.662630 0.657396 0.672612 0.500000 
0.500000 0.675038 0.651712 0.731059 0.720021 0.662630 0.657396 0.672612 0.500000 
0.500000 0.675038 0.651712 0.731059 0.720021 0.662630 0.657396 0.672612 0.500000 
0.500000 0.675038 0.651712 0.731059 0.720021 0.662630 0.657396 0.672612 0.500000 
0.500000 0.675038 0.651712 0.731059 0.720021 0.662630 0.657396 0.672612 0.500000 
0.500000 0.675038 0.651712 0.731059 0.720021 0.662630 0.657396 0.672612 0.500000 
0.500000 0.675038 0.651712 0.731059 0.720021 0.662630 0.657396 0.672612 0.500000 
0.500000 0.675038 0.651712 0.731059 0.720021 0.662630 0.657396 0.672612 0.500000 
0.500000 0.675038 0.651712 0.731059 0.720021 0.662630 0.657396 0.672612 0.500000 
0.500000 0.675038 0.651712 0.731059 0.720021 0.662630 0.657396 0.672612 0.500000 
0.500000 0.675038 0.651712 0.731059 0.720021 0.662630 0.657396 0.672612 0.500000 
0.500000 0.675038 0.651712 0.731059 0.720021 0.662630 0.657396 0.672612 0.500000 
0.500000 0.675038 0.651712 0.731059 0.720021 0.662630 0.657396 0.672612 0.500000 
0.500000 0.675038 0.651712 0.731059 0.720021 0.662630 0.657396 0.672612 0.500000 
0.500000 0.675038 0.651712 0.731059 0.720021 0.662630 0.657396 0.672612 0.500000 
0.500000 0.675038 0.651712 0.731059 0.720021 0.662630 0.657396 0.672612 0.500000 
0.500000 0.675038 0.651712 0.731059 0.720021 0.662630 0.657396 0.672612 0.500000 
0.500000 0.675038 0.651712 0.731059 0.720021 0.662630 0.657396 0.672612 0.500000 
0.500000 0.675038 0.651712 0.731059 0.720021 0.662630 0.657396 0.672612 0.500000 
0.500000 0.675038 0.651712 0.731059 0.720021 0.662630 0.657396 0.672612 0.500000 
0.500000 0.675038 0.651712 0.731059 0.720021 0.662630 0.657396 0.672612 0.500000 
0.500000 0.675038 0.651712 0.731059 0.720021 0.662630 0.657396 0.672612 0.500000 
0.500000 0.675038 0.651712 0.731059 0.720021 0.662630 0.657396 0.672612 0.500000 
0.500000 0.675038 0.651712 0.731059 0.720021 0.662630 0.657396 0.672612 0.500000 
0.500000 0.675038 0.651712 0.731059 0.720021 0.662630 0.657396 0.672612 0.500000 
0.500000 0.675038 0.651712 0.731059 0.720021 0.662630 0.657396 0.672612 0.500000 
0.500000 0.675038 0.651712 0.731059 0.720021 0.662630 0.657396 0.672612 0.500000 
0.500000 0.675038 0.651712 0.731059 0.720021 0.662630 0.657396 0.672612 0.500000 
0.500000 0.675038 0.651712 0.731059 0.720021 0.662630 0.657396 0.672612 0.500000 
0.500000 0.675038 0.651712 0.731059 0.720021 0.662630 0.657396 0.672612 0.500000 
0.500000 0.675038 0.651712 0.731059 0.720021 0.662630 0.657396 0.672612 0.500000 
0.500000 0.675038 0.651712 0.731059 0.720021 0.662630 0.657396 0.672612 0.500000 
0.500000 0.675038 0.651712 0.731059 0.720021 0.662630 0.657396 0.672612 0.500000 
0.500000 0.675038 0.651712 0.731059 0.720021 0.662630 0.657396 0.672612 0.500000 
0.500000 0.675038 0.651712 0.731059 0.720021 0.662630 0.657396 0.672612 0.500000 
0.500000 0.675038 0.651712 0.731059 0.720021 0.662630 0.657396 0.672612 0.500000 
0.500000 0.675038 0.651712 0.731059 0.720021 0.662630 0.657396 0.672612 0.500000 
0.500000 0.675038 0.651712 0.731059 0.720021 0.662630 0.657396 0.672612 0.500000 
0.500000 0.675038 0.651712 0.731059 0.720021 0.662630 0.657396 0.672612 0.500000 
0.500000 0.675038 0.651712 0.731059 0.720021 0.662630 0.657396 0.672612 0.500000 
0.500000 0.675038 0.651712 0.731059 0.720021 0.662630 0.657396 0.672612 0.500000 
0.500000 0.675038 0.651712 0.731059 0.720021 0.662630 0.657396 0.672612 0.500000 
0.500000 0.675038 0.651712 0.731059 0.720021 0.662630 0.657396 0.672612 0.500000 
0.500000 0.675038 0.651712 0.731059 0.720021 0.662630 0.657396 0.672612 0.500000 
0.500000 0.675038 0.651712 0.731059 0.720021 0.662630 0.657396 0.672612 0.500000 
0.500000 0.675038 0.651712 0.731059 0.720021 0.662630 0.657396 0.672612 0.500000 
