0.500000 0.268941 0.268941 0.500000 0.500000 
0.500000 0.339926 0.194364 0.368680 0.500000 
0.500000 0.327988 0.167925 0.404024 0.323582 
0.500000 0.352538 0.162657 0.416818 0.308307 
0.500000 0.361970 0.166476 0.419381 0.302877 
0.500000 0.361965 0.170158 0.417522 0.301795 
0.500000 0.359583 0.171408 0.415733 0.302579 
0.500000 0.358129 0.171193 0.415125 0.303335 
0.500000 0.357870 0.170745 0.415230 0.303592 
0.500000 0.358092 0.170536 0.415447 0.303548 
0.440679 0.358289 0.170526 0.415549 0.303456 
0.500000 0.380083 0.170574 0.415554 0.303413 
0.500000 0.360589 0.174674 0.415531 0.303411 
0.500000 0.356638 0.172632 0.413541 0.303421 
0.500000 0.356487 0.170790 0.414531 0.304263 
0.500000 0.357686 0.170193 0.415426 0.303843 
0.500000 0.358402 0.170312 0.415716 0.303465 
0.500000 0.358519 0.170534 0.415658 0.303343 
0.500000 0.358406 0.170637 0.415550 0.303367 
0.500000 0.358309 0.170640 0.415500 0.303413 
0.440679 0.358280 0.170616 0.415499 0.303434 
0.500000 0.380027 0.170601 0.415510 0.303434 
0.500000 0.360555 0.174667 0.415518 0.303429 
0.500000 0.356633 0.172621 0.413544 0.303426 
0.500000 0.356493 0.170785 0.414537 0.304261 
0.500000 0.357691 0.170193 0.415428 0.303841 
0.500000 0.358403 0.170313 0.415716 0.303464 
0.500000 0.358519 0.170535 0.415658 0.303343 
0.500000 0.358406 0.170637 0.415550 0.303367 
0.500000 0.358309 0.170640 0.415500 0.303413 
0.440679 0.358280 0.170616 0.415499 0.303434 
0.500000 0.380027 0.170601 0.415510 0.303434 
0.500000 0.360555 0.174667 0.415518 0.303429 
0.500000 0.356633 0.172621 0.413544 0.303426 
0.500000 0.356493 0.170785 0.414537 0.304261 
0.500000 0.357691 0.170193 0.415428 0.303841 
0.500000 0.358403 0.170313 0.415716 0.303464 
0.500000 0.358519 0.170535 0.415658 0.303343 
0.500000 0.358406 0.170637 0.415550 0.303367 
0.500000 0.358309 0.170640 0.415500 0.303413 
0.440679 0.358280 0.170616 0.415499 0.303434 
0.500000 0.380027 0.170601 0.415510 0.303434 
0.500000 0.360555 0.174667 0.415518 0.303429 
0.500000 0.356633 0.172621 0.413544 0.303426 
0.500000 0.356493 0.170785 0.414537 0.304261 
0.500000 0.357691 0.170193 0.415428 0.303841 
0.500000 0.358403 0.170313 0.415716 0.303464 
0.500000 0.358519 0.170535 0.415658 0.303343 
0.500000 0.358406 0.170637 0.415550 0.303367 
0.500000 0.358309 0.170640 0.415500 0.303413 
0.440679 0.358280 0.170616 0.415499 0.303434 
0.500000 0.380027 0.170601 0.415510 0.303434 
0.500000 0.360555 0.174667 0.415518 0.303429 
0.500000 0.356633 0.172621 0.413544 0.303426 
0.500000 0.356493 0.170785 0.414537 0.304261 
0.500000 0.357691 0.170193 0.415428 0.303841 
0.500000 0.358403 0.170313 0.415716 0.303464 
0.500000 0.358519 0.170535 0.415658 0.303343 
0.500000 0.358406 0.170637 0.415550 0.303367 
0.500000 0.358309 0.170640 0.415500 0.303413 
0.440679 0.358280 0.170616 0.415499 0.303434 
0.500000 0.380027 0.170601 0.415510 0.303434 
0.500000 0.360555 0.174667 0.415518 0.303429 
0.500000 0.356633 0.172621 0.413544 0.303426 
0.500000 0.356493 0.170785 0.414537 0.304261 
0.500000 0.357691 0.170193 0.415428 0.303841 
0.500000 0.358403 0.170313 0.415716 0.303464 
0.500000 0.358519 0.170535 0.415658 0.303343 
0.500000 0.358406 0.170637 0.415550 0.303367 
0.500000 0.358309 0.170640 0.415500 0.303413 
0.440679 0.358280 0.170616 0.415499 0.303434 
0.500000 0.380027 0.170601 0.415510 0.303434 
0.500000 0.360555 0.174667 0.415518 0.303429 
0.500000 0.356633 0.172621 0.413544 0.303426 
0.500000 0.356493 0.170785 0.414537 0.304261 
0.500000 0.357691 0.170193 0.415428 0.303841 
0.500000 0.358403 0.170313 0.415716 0.303464 
0.500000 0.358519 0.170535 0.415658 0.303343 
0.500000 0.358406 0.170637 0.415550 0.303367 
0.500000 0.358309 0.170640 0.415500 0.303413 
0.440679 0.358280 0.170616 0.415499 0.303434 
0.500000 0.380027 0.170601 0.415510 0.303434 
0.500000 0.360555 0.174667 0.415518 0.303429 
0.500000 0.356633 0.172621 0.413544 0.303426 
0.500000 0.356493 0.170785 0.414537 0.304261 
0.500000 0.357691 0.170193 0.415428 0.303841 
0.500000 0.358403 0.170313 0.415716 0.303464 
0.500000 0.358519 0.170535 0.415658 0.303343 
0.500000 0.358406 0.170637 0.415550 0.303367 
0.500000 0.358309 0.170640 0.415500 0.303413 
0.440679 0.358280 0.170616 0.415499 0.303434 
0.500000 0.380027 0.170601 0.415510 0.303434 
0.500000 0.360555 0.174667 0.415518 0.303429 
0.500000 0.356633 0.172621 0.413544 0.303426 
0.500000 0.356493 0.170785 0.414537 0.304261 
0.500000 0.357691 0.170193 0.415428 0.303841 
0.500000 0.358403 0.170313 0.415716 0.303464 
0.500000 0.358519 0.170535 0.415658 0.303343 
0.500000 0.358406 0.170637 0.415550 0.303367 
0.500000 0.358309 0.170640 0.415500 0.303413 
0.500000 0.268941 0.268941 0.500000 0.500000 
0.500000 0.339926 0.194364 0.368680 0.500000 
0.500000 0.327988 0.167925 0.404024 0.323582 
0.500000 0.352538 0.162657 0.416818 0.308307 
0.500000 0.361970 0.166476 0.419381 0.302877 
0.500000 0.361965 0.170158 0.417522 0.301795 
0.500000 0.359583 0.171408 0.415733 0.302579 
0.500000 0.358129 0.171193 0.415125 0.303335 
0.500000 0.357870 0.170745 0.415230 0.303592 
0.500000 0.358092 0.170536 0.415447 0.303548 
0.440679 0.358289 0.170526 0.415549 0.303456 
0.500000 0.380083 0.170574 0.415554 0.303413 
0.500000 0.360589 0.174674 0.415531 0.303411 
0.500000 0.356638 0.172632 0.413541 0.303421 
0.500000 0.356487 0.170790 0.414531 0.304263 
0.500000 0.357686 0.170193 0.415426 0.303843 
0.500000 0.358402 0.170312 0.415716 0.303465 
0.500000 0.358519 0.170534 0.415658 0.303343 
0.500000 0.358406 0.170637 0.415550 0.303367 
0.500000 0.358309 0.170640 0.415500 0.303413 
0.440679 0.358280 0.170616 0.415499 0.303434 
0.500000 0.380027 0.170601 0.415510 0.303434 
0.500000 0.360555 0.174667 0.415518 0.303429 
0.500000 0.356633 0.172621 0.413544 0.303426 
0.500000 0.356493 0.170785 0.414537 0.304261 
0.500000 0.357691 0.170193 0.415428 0.303841 
0.500000 0.358403 0.170313 0.415716 0.303464 
0.500000 0.358519 0.170535 0.415658 0.303343 
0.500000 0.358406 0.170637 0.415550 0.303367 
0.500000 0.358309 0.170640 0.415500 0.303413 
0.440679 0.358280 0.170616 0.415499 0.303434 
0.500000 0.380027 0.170601 0.415510 0.303434 
0.500000 0.360555 0.174667 0.415518 0.303429 
0.500000 0.356633 0.172621 0.413544 0.303426 
0.500000 0.356493 0.170785 0.414537 0.304261 
0.500000 0.357691 0.170193 0.415428 0.303841 
0.500000 0.358403 0.170313 0.415716 0.303464 
0.500000 0.358519 0.170535 0.415658 0.303343 
0.500000 0.358406 0.170637 0.415550 0.303367 
0.500000 0.358309 0.170640 0.415500 0.303413 
0.440679 0.358280 0.170616 0.415499 0.303434 
0.500000 0.380027 0.170601 0.415510 0.303434 
0.500000 0.360555 0.174667 0.415518 0.303429 
0.500000 0.356633 0.172621 0.413544 0.303426 
0.500000 0.356493 0.170785 0.414537 0.304261 
0.500000 0.357691 0.170193 0.415428 0.303841 
0.500000 0.358403 0.170313 0.415716 0.303464 
0.500000 0.358519 0.170535 0.415658 0.303343 
0.500000 0.358406 0.170637 0.415550 0.303367 
0.500000 0.358309 0.170640 0.415500 0.303413 
0.440679 0.358280 0.170616 0.415499 0.303434 
0.500000 0.380027 0.170601 0.415510 0.303434 
0.500000 0.360555 0.174667 0.415518 0.303429 
0.500000 0.356633 0.172621 0.413544 0.303426 
0.500000 0.356493 0.170785 0.414537 0.304261 
0.500000 0.357691 0.170193 0.415428 0.303841 
0.500000 0.358403 0.170313 0.415716 0.303464 
0.500000 0.358519 0.170535 0.415658 0.303343 
0.500000 0.358406 0.170637 0.415550 0.303367 
0.500000 0.358309 0.170640 0.415500 0.303413 
0.440679 0.358280 0.170616 0.415499 0.303434 
0.500000 0.380027 0.170601 0.415510 0.303434 
0.500000 0.360555 0.174667 0.415518 0.303429 
0.500000 0.356633 0.172621 0.413544 0.303426 
0.500000 0.356493 0.170785 0.414537 0.304261 
0.500000 0.357691 0.170193 0.415428 0.303841 
0.500000 0.358403 0.170313 0.415716 0.303464 
0.500000 0.358519 0.170535 0.415658 0.303343 
0.500000 0.358406 0.170637 0.415550 0.303367 
0.500000 0.358309 0.170640 0.415500 0.303413 
0.440679 0.358280 0.170616 0.415499 0.303434 
0.500000 0.380027 0.170601 0.415510 0.303434 
0.500000 0.360555 0.174667 0.415518 0.303429 
0.500000 0.356633 0.172621 0.413544 0.303426 
0.500000 0.356493 0.170785 0.414537 0.304261 
0.500000 0.357691 0.170193 0.415428 0.303841 
0.500000 0.358403 0.170313 0.415716 0.303464 
0.500000 0.358519 0.170535 0.415658 0.303343 
0.500000 0.358406 0.170637 0.415550 0.303367 
0.500000 0.358309 0.170640 0.415500 0.303413 
0.440679 0.358280 0.170616 0.415499 0.303434 
0.500000 0.380027 0.170601 0.415510 0.303434 
0.500000 0.360555 0.174667 0.415518 0.303429 
0.500000 0.356633 0.172621 0.413544 0.303426 
0.500000 0.356493 0.170785 0.414537 0.304261 
0.500000 0.357691 0.170193 0.415428 0.303841 
0.500000 0.358403 0.170313 0.415716 0.303464 
0.500000 0.358519 0.170535 0.415658 0.303343 
0.500000 0.358406 0.170637 0.415550 0.303367 
0.500000 0.358309 0.170640 0.415500 0.303413 
0.440679 0.358280 0.170616 0.415499 0.303434 
0.500000 0.380027 0.170601 0.415510 0.303434 
0.500000 0.360555 0.174667 0.415518 0.303429 
0.500000 0.356633 0.172621 0.413544 0.303426 
0.500000 0.356493 0.170785 0.414537 0.304261 
0.500000 0.357691 0.170193 0.415428 0.303841 
0.500000 0.358403 0.170313 0.415716 0.303464 
0.500000 0.358519 0.170535 0.415658 0.303343 
0.500000 0.358406 0.170637 0.415550 0.303367 
0.500000 0.358309 0.170640 0.415500 0.303413 
0.500000 0.268941 0.268941 0.500000 0.500000 
0.500000 0.319715 0.223581 0.368680 0.500000 
0.500000 0.330245 0.235520 0.390036 0.323582 
0.500000 0.336620 0.239867 0.384370 0.314304 
0.500000 0.337395 0.244449 0.382315 0.316752 
0.500000 0.336098 0.247332 0.380153 0.317642 
0.500000 0.334208 0.248942 0.378795 0.318580 
0.500000 0.332536 0.249624 0.378038 0.319170 
0.500000 0.331352 0.249766 0.377717 0.319499 
0.500000 0.330652 0.249653 0.377651 0.319638 
0.440679 0.330317 0.249463 0.377704 0.319667 
0.500000 0.353797 0.249288 0.377793 0.319644 
0.500000 0.342164 0.254055 0.377876 0.319605 
0.500000 0.334982 0.254028 0.375637 0.319569 
0.500000 0.330883 0.252955 0.375649 0.320544 
0.500000 0.329115 0.251554 0.376153 0.320538 
0.500000 0.328714 0.250384 0.376810 0.320319 
0.500000 0.328970 0.249587 0.377360 0.320033 
0.500000 0.329432 0.249135 0.377735 0.319794 
0.500000 0.329866 0.248933 0.377947 0.319631 
0.440679 0.330183 0.248880 0.378042 0.319538 
0.500000 0.353952 0.248902 0.378067 0.319497 
0.500000 0.342404 0.253836 0.378057 0.319486 
0.500000 0.335200 0.253932 0.375740 0.319491 
0.500000 0.331041 0.252932 0.375694 0.320499 
0.500000 0.329209 0.251567 0.376163 0.320519 
0.500000 0.328760 0.250409 0.376804 0.320314 
0.500000 0.328985 0.249611 0.377349 0.320036 
0.500000 0.329431 0.249152 0.377724 0.319799 
0.500000 0.329858 0.248943 0.377939 0.319635 
0.440679 0.330175 0.248885 0.378038 0.319542 
0.500000 0.353946 0.248903 0.378065 0.319499 
0.500000 0.342400 0.253836 0.378056 0.319487 
0.500000 0.335198 0.253931 0.375740 0.319491 
0.500000 0.331040 0.252931 0.375695 0.320499 
0.500000 0.329209 0.251567 0.376164 0.320519 
0.500000 0.328760 0.250408 0.376805 0.320314 
0.500000 0.328986 0.249610 0.377349 0.320035 
0.500000 0.329431 0.249152 0.377724 0.319799 
0.500000 0.329858 0.248943 0.377939 0.319635 
0.440679 0.330175 0.248885 0.378038 0.319542 
0.500000 0.353946 0.248903 0.378065 0.319499 
0.500000 0.342400 0.253836 0.378056 0.319487 
0.500000 0.335198 0.253931 0.375740 0.319491 
0.500000 0.331040 0.252932 0.375695 0.320499 
0.500000 0.329209 0.251567 0.376164 0.320519 
0.500000 0.328760 0.250408 0.376805 0.320314 
0.500000 0.328986 0.249610 0.377349 0.320035 
0.500000 0.329431 0.249152 0.377724 0.319799 
0.500000 0.329858 0.248943 0.377939 0.319635 
0.440679 0.330175 0.248885 0.378038 0.319542 
0.500000 0.353946 0.248903 0.378065 0.319499 
0.500000 0.342400 0.253836 0.378056 0.319487 
0.500000 0.335198 0.253931 0.375740 0.319491 
0.500000 0.331040 0.252932 0.375695 0.320499 
0.500000 0.329209 0.251567 0.376164 0.320519 
0.500000 0.328760 0.250408 0.376805 0.320314 
0.500000 0.328986 0.249610 0.377349 0.320035 
0.500000 0.329431 0.249152 0.377724 0.319799 
0.500000 0.329858 0.248943 0.377939 0.319635 
0.440679 0.330175 0.248885 0.378038 0.319542 
0.500000 0.353946 0.248903 0.378065 0.319499 
0.500000 0.342400 0.253836 0.378056 0.319487 
0.500000 0.335198 0.253931 0.375740 0.319491 
0.500000 0.331040 0.252932 0.375695 0.320499 
0.500000 0.329209 0.251567 0.376164 0.320519 
0.500000 0.328760 0.250408 0.376805 0.320314 
0.500000 0.328986 0.249610 0.377349 0.320035 
0.500000 0.329431 0.249152 0.377724 0.319799 
0.500000 0.329858 0.248943 0.377939 0.319635 
0.440679 0.330175 0.248885 0.378038 0.319542 
0.500000 0.353946 0.248903 0.378065 0.319499 
0.500000 0.342400 0.253836 0.378056 0.319487 
0.500000 0.335198 0.253931 0.375740 0.319491 
0.500000 0.331040 0.252932 0.375695 0.320499 
0.500000 0.329209 0.251567 0.376164 0.320519 
0.500000 0.328760 0.250408 0.376805 0.320314 
0.500000 0.328986 0.249610 0.377349 0.320035 
0.500000 0.329431 0.249152 0.377724 0.319799 
0.500000 0.329858 0.248943 0.377939 0.319635 
0.440679 0.330175 0.248885 0.378038 0.319542 
0.500000 0.353946 0.248903 0.378065 0.319499 
0.500000 0.342400 0.253836 0.378056 0.319487 
0.500000 0.335198 0.253931 0.375740 0.319491 
0.500000 0.331040 0.252932 0.375695 0.320499 
0.500000 0.329209 0.251567 0.376164 0.320519 
0.500000 0.328760 0.250408 0.376805 0.320314 
0.500000 0.328986 0.249610 0.377349 0.320035 
0.500000 0.329431 0.249152 0.377724 0.319799 
0.500000 0.329858 0.248943 0.377939 0.319635 
0.440679 0.330175 0.248885 0.378038 0.319542 
0.500000 0.353946 0.248903 0.378065 0.319499 
0.500000 0.342400 0.253836 0.378056 0.319487 
0.500000 0.335198 0.253931 0.375740 0.319491 
0.500000 0.331040 0.252932 0.375695 0.320499 
0.500000 0.329209 0.251567 0.376164 0.320519 
0.500000 0.328760 0.250408 0.376805 0.320314 
0.500000 0.328986 0.249610 0.377349 0.320035 
0.500000 0.329431 0.249152 0.377724 0.319799 
0.500000 0.329858 0.248943 0.377939 0.319635 
0.500000 0.268941 0.268941 0.500000 0.500000 
0.500000 0.319715 0.223581 0.368680 0.500000 
0.500000 0.330245 0.235520 0.390036 0.323582 
0.500000 0.336620 0.239867 0.384370 0.314304 
0.500000 0.337395 0.244449 0.382315 0.316752 
0.500000 0.336098 0.247332 0.380153 0.317642 
0.500000 0.334208 0.248942 0.378795 0.318580 
0.500000 0.332536 0.249624 0.378038 0.319170 
0.500000 0.331352 0.249766 0.377717 0.319499 
0.500000 0.330652 0.249653 0.377651 0.319638 
0.440679 0.330317 0.249463 0.377704 0.319667 
0.500000 0.353797 0.249288 0.377793 0.319644 
0.500000 0.342164 0.254055 0.377876 0.319605 
0.500000 0.334982 0.254028 0.375637 0.319569 
0.500000 0.330883 0.252955 0.375649 0.320544 
0.500000 0.329115 0.251554 0.376153 0.320538 
0.500000 0.328714 0.250384 0.376810 0.320319 
0.500000 0.328970 0.249587 0.377360 0.320033 
0.500000 0.329432 0.249135 0.377735 0.319794 
0.500000 0.329866 0.248933 0.377947 0.319631 
0.440679 0.330183 0.248880 0.378042 0.319538 
0.500000 0.353952 0.248902 0.378067 0.319497 
0.500000 0.342404 0.253836 0.378057 0.319486 
0.500000 0.335200 0.253932 0.375740 0.319491 
0.500000 0.331041 0.252932 0.375694 0.320499 
0.500000 0.329209 0.251567 0.376163 0.320519 
0.500000 0.328760 0.250409 0.376804 0.320314 
0.500000 0.328985 0.249611 0.377349 0.320036 
0.500000 0.329431 0.249152 0.377724 0.319799 
0.500000 0.329858 0.248943 0.377939 0.319635 
0.440679 0.330175 0.248885 0.378038 0.319542 
0.500000 0.353946 0.248903 0.378065 0.319499 
0.500000 0.342400 0.253836 0.378056 0.319487 
0.500000 0.335198 0.253931 0.375740 0.319491 
0.500000 0.331040 0.252931 0.375695 0.320499 
0.500000 0.329209 0.251567 0.376164 0.320519 
0.500000 0.328760 0.250408 0.376805 0.320314 
0.500000 0.328986 0.249610 0.377349 0.320035 
0.500000 0.329431 0.249152 0.377724 0.319799 
0.500000 0.329858 0.248943 0.377939 0.319635 
0.440679 0.330175 0.248885 0.378038 0.319542 
0.500000 0.353946 0.248903 0.378065 0.319499 
0.500000 0.342400 0.253836 0.378056 0.319487 
0.500000 0.335198 0.253931 0.375740 0.319491 
0.500000 0.331040 0.252932 0.375695 0.320499 
0.500000 0.329209 0.251567 0.376164 0.320519 
0.500000 0.328760 0.250408 0.376805 0.320314 
0.500000 0.328986 0.249610 0.377349 0.320035 
0.500000 0.329431 0.249152 0.377724 0.319799 
0.500000 0.329858 0.248943 0.377939 0.319635 
0.440679 0.330175 0.248885 0.378038 0.319542 
0.500000 0.353946 0.248903 0.378065 0.319499 
0.500000 0.342400 0.253836 0.378056 0.319487 
0.500000 0.335198 0.253931 0.375740 0.319491 
0.500000 0.331040 0.252932 0.375695 0.320499 
0.500000 0.329209 0.251567 0.376164 0.320519 
0.500000 0.328760 0.250408 0.376805 0.320314 
0.500000 0.328986 0.249610 0.377349 0.320035 
0.500000 0.329431 0.249152 0.377724 0.319799 
0.500000 0.329858 0.248943 0.377939 0.319635 
0.440679 0.330175 0.248885 0.378038 0.319542 
0.500000 0.353946 0.248903 0.378065 0.319499 
0.500000 0.342400 0.253836 0.378056 0.319487 
0.500000 0.335198 0.253931 0.375740 0.319491 
0.500000 0.331040 0.252932 0.375695 0.320499 
0.500000 0.329209 0.251567 0.376164 0.320519 
0.500000 0.328760 0.250408 0.376805 0.320314 
0.500000 0.328986 0.249610 0.377349 0.320035 
0.500000 0.329431 0.249152 0.377724 0.319799 
0.500000 0.329858 0.248943 0.377939 0.319635 
0.440679 0.330175 0.248885 0.378038 0.319542 
0.500000 0.353946 0.248903 0.378065 0.319499 
0.500000 0.342400 0.253836 0.378056 0.319487 
0.500000 0.335198 0.253931 0.375740 0.319491 
0.500000 0.331040 0.252932 0.375695 0.320499 
0.500000 0.329209 0.251567 0.376164 0.320519 
0.500000 0.328760 0.250408 0.376805 0.320314 
0.500000 0.328986 0.249610 0.377349 0.320035 
0.500000 0.329431 0.249152 0.377724 0.319799 
0.500000 0.329858 0.248943 0.377939 0.319635 
0.440679 0.330175 0.248885 0.378038 0.319542 
0.500000 0.353946 0.248903 0.378065 0.319499 
0.500000 0.342400 0.253836 0.378056 0.319487 
0.500000 0.335198 0.253931 0.375740 0.319491 
0.500000 0.331040 0.252932 0.375695 0.320499 
0.500000 0.329209 0.251567 0.376164 0.320519 
0.500000 0.328760 0.250408 0.376805 0.320314 
0.500000 0.328986 0.249610 0.377349 0.320035 
0.500000 0.329431 0.249152 0.377724 0.319799 
0.500000 0.329858 0.248943 0.377939 0.319635 
0.440679 0.330175 0.248885 0.378038 0.319542 
0.500000 0.353946 0.248903 0.378065 0.319499 
0.500000 0.342400 0.253836 0.378056 0.319487 
0.500000 0.335198 0.253931 0.375740 0.319491 
0.500000 0.331040 0.252932 0.375695 0.320499 
0.500000 0.329209 0.251567 0.376164 0.320519 
0.500000 0.328760 0.250408 0.376805 0.320314 
0.500000 0.328986 0.249610 0.377349 0.320035 
0.500000 0.329431 0.249152 0.377724 0.319799 
0.500000 0.329858 0.248943 0.377939 0.319635 
0.500000 0.268941 0.268941 0.500000 0.500000 
0.500000 0.319715 0.223581 0.368680 0.500000 
0.500000 0.330245 0.235520 0.390036 0.323582 
0.500000 0.336620 0.239867 0.384370 0.314304 
0.500000 0.337395 0.244449 0.382315 0.316752 
0.500000 0.336098 0.247332 0.380153 0.317642 
0.500000 0.334208 0.248942 0.378795 0.318580 
0.500000 0.332536 0.249624 0.378038 0.319170 
0.500000 0.331352 0.249766 0.377717 0.319499 
0.500000 0.330652 0.249653 0.377651 0.319638 
0.440679 0.330317 0.249463 0.377704 0.319667 
0.500000 0.353797 0.249288 0.377793 0.319644 
0.500000 0.342164 0.254055 0.377876 0.319605 
0.500000 0.334982 0.254028 0.375637 0.319569 
0.500000 0.330883 0.252955 0.375649 0.320544 
0.500000 0.329115 0.251554 0.376153 0.320538 
0.500000 0.328714 0.250384 0.376810 0.320319 
0.500000 0.328970 0.249587 0.377360 0.320033 
0.500000 0.329432 0.249135 0.377735 0.319794 
0.500000 0.329866 0.248933 0.377947 0.319631 
0.440679 0.330183 0.248880 0.378042 0.319538 
0.500000 0.353952 0.248902 0.378067 0.319497 
0.500000 0.342404 0.253836 0.378057 0.319486 
0.500000 0.335200 0.253932 0.375740 0.319491 
0.500000 0.331041 0.252932 0.375694 0.320499 
0.500000 0.329209 0.251567 0.376163 0.320519 
0.500000 0.328760 0.250409 0.376804 0.320314 
0.500000 0.328985 0.249611 0.377349 0.320036 
0.500000 0.329431 0.249152 0.377724 0.319799 
0.500000 0.329858 0.248943 0.377939 0.319635 
0.440679 0.330175 0.248885 0.378038 0.319542 
0.500000 0.353946 0.248903 0.378065 0.319499 
0.500000 0.342400 0.253836 0.378056 0.319487 
0.500000 0.335198 0.253931 0.375740 0.319491 
0.500000 0.331040 0.252931 0.375695 0.320499 
0.500000 0.329209 0.251567 0.376164 0.320519 
0.500000 0.328760 0.250408 0.376805 0.320314 
0.500000 0.328986 0.249610 0.377349 0.320035 
0.500000 0.329431 0.249152 0.377724 0.319799 
0.500000 0.329858 0.248943 0.377939 0.319635 
0.440679 0.330175 0.248885 0.378038 0.319542 
0.500000 0.353946 0.248903 0.378065 0.319499 
0.500000 0.342400 0.253836 0.378056 0.319487 
0.500000 0.335198 0.253931 0.375740 0.319491 
0.500000 0.331040 0.252932 0.375695 0.320499 
0.500000 0.329209 0.251567 0.376164 0.320519 
0.500000 0.328760 0.250408 0.376805 0.320314 
0.500000 0.328986 0.249610 0.377349 0.320035 
0.500000 0.329431 0.249152 0.377724 0.319799 
0.500000 0.329858 0.248943 0.377939 0.319635 
0.440679 0.330175 0.248885 0.378038 0.319542 
0.500000 0.353946 0.248903 0.378065 0.319499 
0.500000 0.342400 0.253836 0.378056 0.319487 
0.500000 0.335198 0.253931 0.375740 0.319491 
0.500000 0.331040 0.252932 0.375695 0.320499 
0.500000 0.329209 0.251567 0.376164 0.320519 
0.500000 0.328760 0.250408 0.376805 0.320314 
0.500000 0.328986 0.249610 0.377349 0.320035 
0.500000 0.329431 0.249152 0.377724 0.319799 
0.500000 0.329858 0.248943 0.377939 0.319635 
0.440679 0.330175 0.248885 0.378038 0.319542 
0.500000 0.353946 0.248903 0.378065 0.319499 
0.500000 0.342400 0.253836 0.378056 0.319487 
0.500000 0.335198 0.253931 0.375740 0.319491 
0.500000 0.331040 0.252932 0.375695 0.320499 
0.500000 0.329209 0.251567 0.376164 0.320519 
0.500000 0.328760 0.250408 0.376805 0.320314 
0.500000 0.328986 0.249610 0.377349 0.320035 
0.500000 0.268941 0.268941 0.500000 0.500000 
0.500000 0.319715 0.223581 0.368680 0.500000 
0.500000 0.330245 0.235520 0.390036 0.323582 
0.500000 0.336620 0.239867 0.384370 0.314304 
0.500000 0.337395 0.244449 0.382315 0.316752 
0.500000 0.336098 0.247332 0.380153 0.317642 
0.500000 0.334208 0.248942 0.378795 0.318580 
0.500000 0.332536 0.249624 0.378038 0.319170 
0.500000 0.331352 0.249766 0.377717 0.319499 
0.500000 0.330652 0.249653 0.377651 0.319638 
0.440679 0.330317 0.249463 0.377704 0.319667 
0.500000 0.353797 0.249288 0.377793 0.319644 
0.500000 0.342164 0.254055 0.377876 0.319605 
0.500000 0.334982 0.254028 0.375637 0.319569 
0.500000 0.330883 0.252955 0.375649 0.320544 
0.500000 0.329115 0.251554 0.376153 0.320538 
0.500000 0.328714 0.250384 0.376810 0.320319 
0.500000 0.328970 0.249587 0.377360 0.320033 
0.500000 0.329432 0.249135 0.377735 0.319794 
0.500000 0.329866 0.248933 0.377947 0.319631 
0.440679 0.330183 0.248880 0.378042 0.319538 
0.500000 0.353952 0.248902 0.378067 0.319497 
0.500000 0.342404 0.253836 0.378057 0.319486 
0.500000 0.335200 0.253932 0.375740 0.319491 
0.500000 0.331041 0.252932 0.375694 0.320499 
0.500000 0.329209 0.251567 0.376163 0.320519 
0.500000 0.328760 0.250409 0.376804 0.320314 
0.500000 0.328985 0.249611 0.377349 0.320036 
0.500000 0.329431 0.249152 0.377724 0.319799 
0.500000 0.329858 0.248943 0.377939 0.319635 
0.440679 0.330175 0.248885 0.378038 0.319542 
0.500000 0.353946 0.248903 0.378065 0.319499 
0.500000 0.342400 0.253836 0.378056 0.319487 
0.500000 0.335198 0.253931 0.375740 0.319491 
0.500000 0.331040 0.252931 0.375695 0.320499 
0.500000 0.329209 0.251567 0.376164 0.320519 
0.500000 0.328760 0.250408 0.376805 0.320314 
0.500000 0.328986 0.249610 0.377349 0.320035 
0.500000 0.329431 0.249152 0.377724 0.319799 
0.500000 0.329858 0.248943 0.377939 0.319635 
0.440679 0.330175 0.248885 0.378038 0.319542 
0.500000 0.353946 0.248903 0.378065 0.319499 
0.500000 0.342400 0.253836 0.378056 0.319487 
0.500000 0.335198 0.253931 0.375740 0.319491 
0.500000 0.331040 0.252932 0.375695 0.320499 
0.500000 0.329209 0.251567 0.376164 0.320519 
0.500000 0.328760 0.250408 0.376805 0.320314 
0.500000 0.328986 0.249610 0.377349 0.320035 
0.500000 0.329431 0.249152 0.377724 0.319799 
0.500000 0.329858 0.248943 0.377939 0.319635 
0.440679 0.330175 0.248885 0.378038 0.319542 
0.500000 0.353946 0.248903 0.378065 0.319499 
0.500000 0.342400 0.253836 0.378056 0.319487 
0.500000 0.335198 0.253931 0.375740 0.319491 
0.500000 0.331040 0.252932 0.375695 0.320499 
0.500000 0.329209 0.251567 0.376164 0.320519 
0.500000 0.328760 0.250408 0.376805 0.320314 
0.500000 0.328986 0.249610 0.377349 0.320035 
0.500000 0.329431 0.249152 0.377724 0.319799 
0.500000 0.329858 0.248943 0.377939 0.319635 
0.440679 0.330175 0.248885 0.378038 0.319542 
0.500000 0.353946 0.248903 0.378065 0.319499 
0.500000 0.342400 0.253836 0.378056 0.319487 
0.500000 0.335198 0.253931 0.375740 0.319491 
0.500000 0.331040 0.252932 0.375695 0.320499 
0.500000 0.329209 0.251567 0.376164 0.320519 
0.500000 0.328760 0.250408 0.376805 0.320314 
0.500000 0.328986 0.249610 0.377349 0.320035 
0.500000 0.329431 0.249152 0.377724 0.319799 
0.500000 0.329858 0.248943 0.377939 0.319635 
0.440679 0.330175 0.248885 0.378038 0.319542 
0.500000 0.353946 0.248903 0.378065 0.319499 
0.500000 0.342400 0.253836 0.378056 0.319487 
0.500000 0.335198 0.253931 0.375740 0.319491 
0.500000 0.331040 0.252932 0.375695 0.320499 
0.500000 0.329209 0.251567 0.376164 0.320519 
0.500000 0.328760 0.250408 0.376805 0.320314 
0.500000 0.328986 0.249610 0.377349 0.320035 
0.500000 0.329431 0.249152 0.377724 0.319799 
0.500000 0.329858 0.248943 0.377939 0.319635 
0.440679 0.330175 0.248885 0.378038 0.319542 
0.500000 0.353946 0.248903 0.378065 0.319499 
0.500000 0.342400 0.253836 0.378056 0.319487 
0.500000 0.335198 0.253931 0.375740 0.319491 
0.500000 0.331040 0.252932 0.375695 0.320499 
0.500000 0.329209 0.251567 0.376164 0.320519 
0.500000 0.328760 0.250408 0.376805 0.320314 
0.500000 0.328986 0.249610 0.377349 0.320035 
0.500000 0.329431 0.249152 0.377724 0.319799 
0.500000 0.329858 0.248943 0.377939 0.319635 
0.440679 0.330175 0.248885 0.378038 0.319542 
0.500000 0.353946 0.248903 0.378065 0.319499 
0.500000 0.342400 0.253836 0.378056 0.319487 
0.500000 0.335198 0.253931 0.375740 0.319491 
0.500000 0.331040 0.252932 0.375695 0.320499 
0.500000 0.329209 0.251567 0.376164 0.320519 
0.500000 0.328760 0.250408 0.376805 0.320314 
0.500000 0.328986 0.249610 0.377349 0.320035 
0.500000 0.329431 0.249152 0.377724 0.319799 
0.500000 0.329858 0.248943 0.377939 0.319635 
0.500000 0.268941 0.268941 0.500000 0.500000 
0.500000 0.319715 0.223581 0.368680 0.500000 
0.500000 0.330245 0.235520 0.390036 0.323582 
0.500000 0.336620 0.239867 0.384370 0.314304 
0.500000 0.337395 0.244449 0.382315 0.316752 
0.500000 0.336098 0.247332 0.380153 0.317642 
0.500000 0.334208 0.248942 0.378795 0.318580 
0.500000 0.332536 0.249624 0.378038 0.319170 
0.500000 0.331352 0.249766 0.377717 0.319499 
0.500000 0.330652 0.249653 0.377651 0.319638 
0.440679 0.330317 0.249463 0.377704 0.319667 
0.500000 0.353797 0.249288 0.377793 0.319644 
0.500000 0.342164 0.254055 0.377876 0.319605 
0.500000 0.334982 0.254028 0.375637 0.319569 
0.500000 0.330883 0.252955 0.375649 0.320544 
0.500000 0.329115 0.251554 0.376153 0.320538 
0.500000 0.328714 0.250384 0.376810 0.320319 
0.500000 0.328970 0.249587 0.377360 0.320033 
0.500000 0.329432 0.249135 0.377735 0.319794 
0.500000 0.329866 0.248933 0.377947 0.319631 
0.440679 0.330183 0.248880 0.378042 0.319538 
0.500000 0.353952 0.248902 0.378067 0.319497 
0.500000 0.342404 0.253836 0.378057 0.319486 
0.500000 0.335200 0.253932 0.375740 0.319491 
0.500000 0.331041 0.252932 0.375694 0.320499 
0.500000 0.329209 0.251567 0.376163 0.320519 
0.500000 0.328760 0.250409 0.376804 0.320314 
0.500000 0.328985 0.249611 0.377349 0.320036 
0.500000 0.329431 0.249152 0.377724 0.319799 
0.500000 0.329858 0.248943 0.377939 0.319635 
0.440679 0.330175 0.248885 0.378038 0.319542 
0.500000 0.353946 0.248903 0.378065 0.319499 
0.500000 0.342400 0.253836 0.378056 0.319487 
0.500000 0.335198 0.253931 0.375740 0.319491 
0.500000 0.331040 0.252931 0.375695 0.320499 
0.500000 0.329209 0.251567 0.376164 0.320519 
0.500000 0.328760 0.250408 0.376805 0.320314 
0.500000 0.328986 0.249610 0.377349 0.320035 
0.500000 0.329431 0.249152 0.377724 0.319799 
0.500000 0.329858 0.248943 0.377939 0.319635 
0.440679 0.330175 0.248885 0.378038 0.319542 
0.500000 0.353946 0.248903 0.378065 0.319499 
0.500000 0.342400 0.253836 0.378056 0.319487 
0.500000 0.335198 0.253931 0.375740 0.319491 
0.500000 0.331040 0.252932 0.375695 0.320499 
0.500000 0.329209 0.251567 0.376164 0.320519 
0.500000 0.328760 0.250408 0.376805 0.320314 
0.500000 0.328986 0.249610 0.377349 0.320035 
0.500000 0.329431 0.249152 0.377724 0.319799 
0.500000 0.329858 0.248943 0.377939 0.319635 
0.440679 0.330175 0.248885 0.378038 0.319542 
0.500000 0.353946 0.248903 0.378065 0.319499 
0.500000 0.342400 0.253836 0.378056 0.319487 
0.500000 0.335198 0.253931 0.375740 0.319491 
0.500000 0.331040 0.252932 0.375695 0.320499 
0.500000 0.329209 0.251567 0.376164 0.320519 
0.500000 0.328760 0.250408 0.376805 0.320314 
0.500000 0.328986 0.249610 0.377349 0.320035 
0.500000 0.329431 0.249152 0.377724 0.319799 
0.500000 0.329858 0.248943 0.377939 0.319635 
0.440679 0.330175 0.248885 0.378038 0.319542 
0.500000 0.353946 0.248903 0.378065 0.319499 
0.500000 0.342400 0.253836 0.378056 0.319487 
0.500000 0.335198 0.253931 0.375740 0.319491 
0.500000 0.331040 0.252932 0.375695 0.320499 
0.500000 0.329209 0.251567 0.376164 0.320519 
0.500000 0.328760 0.250408 0.376805 0.320314 
0.500000 0.328986 0.249610 0.377349 0.320035 
0.500000 0.329431 0.249152 0.377724 0.319799 
0.500000 0.329858 0.248943 0.377939 0.319635 
0.440679 0.330175 0.248885 0.378038 0.319542 
0.500000 0.353946 0.248903 0.378065 0.319499 
0.500000 0.342400 0.253836 0.378056 0.319487 
0.500000 0.335198 0.253931 0.375740 0.319491 
0.500000 0.331040 0.252932 0.375695 0.320499 
0.500000 0.329209 0.251567 0.376164 0.320519 
0.500000 0.328760 0.250408 0.376805 0.320314 
0.500000 0.328986 0.249610 0.377349 0.320035 
0.500000 0.329431 0.249152 0.377724 0.319799 
0.500000 0.329858 0.248943 0.377939 0.319635 
0.440679 0.330175 0.248885 0.378038 0.319542 
0.500000 0.353946 0.248903 0.378065 0.319499 
0.500000 0.342400 0.253836 0.378056 0.319487 
0.500000 0.335198 0.253931 0.375740 0.319491 
0.500000 0.331040 0.252932 0.375695 0.320499 
0.500000 0.329209 0.251567 0.376164 0.320519 
0.500000 0.328760 0.250408 0.376805 0.320314 
0.500000 0.328986 0.249610 0.377349 0.320035 
0.500000 0.329431 0.249152 0.377724 0.319799 
0.500000 0.329858 0.248943 0.377939 0.319635 
0.440679 0.330175 0.248885 0.378038 0.319542 
0.500000 0.353946 0.248903 0.378065 0.319499 
0.500000 0.342400 0.253836 0.378056 0.319487 
0.500000 0.335198 0.253931 0.375740 0.319491 
0.500000 0.331040 0.252932 0.375695 0.320499 
0.500000 0.329209 0.251567 0.376164 0.320519 
0.500000 0.328760 0.250408 0.376805 0.320314 
0.500000 0.328986 0.249610 0.377349 0.320035 
0.500000 0.329431 0.249152 0.377724 0.319799 
0.500000 0.329858 0.248943 0.377939 0.319635 
0.500000 0.500000 0.500000 0.500000 0.500000 
0.500000 0.500000 0.500000 0.500000 0.500000 
0.500000 0.500000 0.500000 0.500000 0.500000 
0.500000 0.500000 0.500000 0.500000 0.500000 
0.500000 0.500000 0.500000 0.500000 0.500000 
0.500000 0.500000 0.500000 0.500000 0.500000 
0.500000 0.500000 0.500000 0.500000 0.500000 
0.500000 0.500000 0.500000 0.500000 0.500000 
0.500000 0.500000 0.500000 0.500000 0.500000 
0.500000 0.500000 0.500000 0.500000 0.500000 
0.500000 0.500000 0.500000 0.500000 0.500000 
0.500000 0.500000 0.500000 0.500000 0.500000 
0.500000 0.500000 0.500000 0.500000 0.500000 
0.500000 0.500000 0.500000 0.500000 0.500000 
0.500000 0.500000 0.500000 0.500000 0.500000 
0.500000 0.500000 0.500000 0.500000 0.500000 
0.500000 0.500000 0.500000 0.500000 0.500000 
0.500000 0.500000 0.500000 0.500000 0.500000 
0.500000 0.500000 0.500000 0.500000 0.500000 
0.500000 0.500000 0.500000 0.500000 0.500000 
0.500000 0.500000 0.500000 0.500000 0.500000 
0.500000 0.500000 0.500000 0.500000 0.500000 
0.500000 0.500000 0.500000 0.500000 0.500000 
0.500000 0.500000 0.500000 0.500000 0.500000 
0.500000 0.500000 0.500000 0.500000 0.500000 
0.500000 0.500000 0.500000 0.500000 0.500000 
0.500000 0.500000 0.500000 0.500000 0.500000 
0.500000 0.500000 0.500000 0.500000 0.500000 
0.500000 0.500000 0.500000 0.500000 0.500000 
0.500000 0.500000 0.500000 0.500000 0.500000 
0.500000 0.500000 0.500000 0.500000 0.500000 
0.500000 0.500000 0.500000 0.500000 0.500000 
0.500000 0.500000 0.500000 0.500000 0.500000 
0.500000 0.500000 0.500000 0.500000 0.500000 
0.500000 0.500000 0.500000 0.500000 0.500000 
0.500000 0.500000 0.500000 0.500000 0.500000 
0.500000 0.500000 0.500000 0.500000 0.500000 
0.500000 0.500000 0.500000 0.500000 0.500000 
0.500000 0.500000 0.500000 0.500000 0.500000 
0.500000 0.500000 0.500000 0.500000 0.500000 
0.500000 0.500000 0.500000 0.500000 0.500000 
0.500000 0.500000 0.500000 0.500000 0.500000 
0.500000 0.500000 0.500000 0.500000 0.500000 
0.500000 0.500000 0.500000 0.500000 0.500000 
0.500000 0.500000 0.500000 0.500000 0.500000 
0.500000 0.500000 0.500000 0.500000 0.500000 
0.500000 0.500000 0.500000 0.500000 0.500000 
0.500000 0.500000 0.500000 0.500000 0.500000 
0.500000 0.500000 0.500000 0.500000 0.500000 
0.500000 0.500000 0.500000 0.500000 0.500000 
0.500000 0.500000 0.500000 0.500000 0.500000 
0.500000 0.500000 0.500000 0.500000 0.500000 
0.500000 0.500000 0.500000 0.500000 0.500000 
0.500000 0.500000 0.500000 0.500000 0.500000 
0.500000 0.500000 0.500000 0.500000 0.500000 
0.500000 0.500000 0.500000 0.500000 0.500000 
0.500000 0.500000 0.500000 0.500000 0.500000 
0.500000 0.500000 0.500000 0.500000 0.500000 
0.500000 0.500000 0.500000 0.500000 0.500000 
0.500000 0.500000 0.500000 0.500000 0.500000 
0.500000 0.500000 0.500000 0.500000 0.500000 
0.500000 0.500000 0.500000 0.500000 0.500000 
0.500000 0.500000 0.500000 0.500000 0.500000 
0.500000 0.500000 0.500000 0.500000 0.500000 
0.500000 0.500000 0.500000 0.500000 0.500000 
0.500000 0.500000 0.500000 0.500000 0.500000 
0.500000 0.500000 0.500000 0.500000 0.500000 
0.500000 0.500000 0.500000 0.500000 0.500000 
0.500000 0.500000 0.500000 0.500000 0.500000 
0.500000 0.500000 0.500000 0.500000 0.500000 
0.500000 0.500000 0.500000 0.500000 0.500000 
0.500000 0.500000 0.500000 0.500000 0.500000 
0.500000 0.500000 0.500000 0.500000 0.500000 
0.500000 0.500000 0.500000 0.500000 0.500000 
0.500000 0.500000 0.500000 0.500000 0.500000 
0.500000 0.500000 0.500000 0.500000 0.500000 
0.500000 0.500000 0.500000 0.500000 0.500000 
0.500000 0.500000 0.500000 0.500000 0.500000 
0.500000 0.500000 0.500000 0.500000 0.500000 
0.500000 0.500000 0.500000 0.500000 0.500000 
0.500000 0.500000 0.500000 0.500000 0.500000 
0.500000 0.500000 0.500000 0.500000 0.500000 
0.500000 0.500000 0.500000 0.500000 0.500000 
0.500000 0.500000 0.500000 0.500000 0.500000 
0.500000 0.500000 0.500000 0.500000 0.500000 
0.500000 0.500000 0.500000 0.500000 0.500000 
0.500000 0.500000 0.500000 0.500000 0.500000 
0.500000 0.500000 0.500000 0.500000 0.500000 
0.500000 0.500000 0.500000 0.500000 0.500000 
0.500000 0.500000 0.500000 0.500000 0.500000 
0.500000 0.500000 0.500000 0.500000 0.500000 
0.500000 0.500000 0.500000 0.500000 0.500000 
0.500000 0.500000 0.500000 0.500000 0.500000 
0.500000 0.500000 0.500000 0.500000 0.500000 
0.500000 0.500000 0.500000 0.500000 0.500000 
0.500000 0.500000 0.500000 0.500000 0.500000 
0.500000 0.500000 0.500000 0.500000 0.500000 
0.500000 0.268941 0.268941 0.500000 0.500000 
0.500000 0.319715 0.223581 0.368680 0.500000 
0.500000 0.330245 0.235520 0.390036 0.323582 
0.500000 0.336620 0.239867 0.384370 0.314304 
0.500000 0.337395 0.244449 0.382315 0.316752 
0.500000 0.336098 0.247332 0.380153 0.317642 
0.500000 0.334208 0.248942 0.378795 0.318580 
0.500000 0.332536 0.249624 0.378038 0.319170 
0.500000 0.331352 0.249766 0.377717 0.319499 
0.500000 0.330652 0.249653 0.377651 0.319638 
0.440679 0.330317 0.249463 0.377704 0.319667 
0.500000 0.353797 0.249288 0.377793 0.319644 
0.500000 0.342164 0.254055 0.377876 0.319605 
0.500000 0.334982 0.254028 0.375637 0.319569 
0.500000 0.330883 0.252955 0.375649 0.320544 
0.500000 0.329115 0.251554 0.376153 0.320538 
0.500000 0.328714 0.250384 0.376810 0.320319 
0.500000 0.328970 0.249587 0.377360 0.320033 
0.500000 0.329432 0.249135 0.377735 0.319794 
0.500000 0.329866 0.248933 0.377947 0.319631 
0.440679 0.330183 0.248880 0.378042 0.319538 
0.500000 0.353952 0.248902 0.378067 0.319497 
0.500000 0.342404 0.253836 0.378057 0.319486 
0.500000 0.335200 0.253932 0.375740 0.319491 
0.500000 0.331041 0.252932 0.375694 0.320499 
0.500000 0.329209 0.251567 0.376163 0.320519 
0.500000 0.328760 0.250409 0.376804 0.320314 
0.500000 0.328985 0.249611 0.377349 0.320036 
0.500000 0.329431 0.249152 0.377724 0.319799 
0.500000 0.329858 0.248943 0.377939 0.319635 
0.440679 0.330175 0.248885 0.378038 0.319542 
0.500000 0.353946 0.248903 0.378065 0.319499 
0.500000 0.342400 0.253836 0.378056 0.319487 
0.500000 0.335198 0.253931 0.375740 0.319491 
0.500000 0.331040 0.252931 0.375695 0.320499 
0.500000 0.329209 0.251567 0.376164 0.320519 
0.500000 0.328760 0.250408 0.376805 0.320314 
0.500000 0.328986 0.249610 0.377349 0.320035 
0.500000 0.329431 0.249152 0.377724 0.319799 
0.500000 0.329858 0.248943 0.377939 0.319635 
0.440679 0.330175 0.248885 0.378038 0.319542 
0.500000 0.353946 0.248903 0.378065 0.319499 
0.500000 0.342400 0.253836 0.378056 0.319487 
0.500000 0.335198 0.253931 0.375740 0.319491 
0.500000 0.331040 0.252932 0.375695 0.320499 
0.500000 0.329209 0.251567 0.376164 0.320519 
0.500000 0.328760 0.250408 0.376805 0.320314 
0.500000 0.328986 0.249610 0.377349 0.320035 
0.500000 0.329431 0.249152 0.377724 0.319799 
0.500000 0.329858 0.248943 0.377939 0.319635 
0.440679 0.330175 0.248885 0.378038 0.319542 
0.500000 0.353946 0.248903 0.378065 0.319499 
0.500000 0.342400 0.253836 0.378056 0.319487 
0.500000 0.335198 0.253931 0.375740 0.319491 
0.500000 0.331040 0.252932 0.375695 0.320499 
0.500000 0.329209 0.251567 0.376164 0.320519 
0.500000 0.328760 0.250408 0.376805 0.320314 
0.500000 0.328986 0.249610 0.377349 0.320035 
0.500000 0.329431 0.249152 0.377724 0.319799 
0.500000 0.329858 0.248943 0.377939 0.319635 
0.440679 0.330175 0.248885 0.378038 0.319542 
0.500000 0.353946 0.248903 0.378065 0.319499 
0.500000 0.342400 0.253836 0.378056 0.319487 
0.500000 0.335198 0.253931 0.375740 0.319491 
0.500000 0.331040 0.252932 0.375695 0.320499 
0.500000 0.329209 0.251567 0.376164 0.320519 
0.500000 0.328760 0.250408 0.376805 0.320314 
0.500000 0.328986 0.249610 0.377349 0.320035 
0.500000 0.329431 0.249152 0.377724 0.319799 
0.500000 0.329858 0.248943 0.377939 0.319635 
0.440679 0.330175 0.248885 0.378038 0.319542 
0.500000 0.353946 0.248903 0.378065 0.319499 
0.500000 0.342400 0.253836 0.378056 0.319487 
0.500000 0.335198 0.253931 0.375740 0.319491 
0.500000 0.331040 0.252932 0.375695 0.320499 
0.500000 0.329209 0.251567 0.376164 0.320519 
0.500000 0.328760 0.250408 0.376805 0.320314 
0.500000 0.328986 0.249610 0.377349 0.320035 
0.500000 0.329431 0.249152 0.377724 0.319799 
0.500000 0.329858 0.248943 0.377939 0.319635 
0.440679 0.330175 0.248885 0.378038 0.319542 
0.500000 0.353946 0.248903 0.378065 0.319499 
0.500000 0.342400 0.253836 0.378056 0.319487 
0.500000 0.335198 0.253931 0.375740 0.319491 
0.500000 0.331040 0.252932 0.375695 0.320499 
0.500000 0.329209 0.251567 0.376164 0.320519 
0.500000 0.328760 0.250408 0.376805 0.320314 
0.500000 0.328986 0.249610 0.377349 0.320035 
0.500000 0.329431 0.249152 0.377724 0.319799 
0.500000 0.329858 0.248943 0.377939 0.319635 
0.440679 0.330175 0.248885 0.378038 0.319542 
0.500000 0.353946 0.248903 0.378065 0.319499 
0.500000 0.342400 0.253836 0.378056 0.319487 
0.500000 0.335198 0.253931 0.375740 0.319491 
0.500000 0.331040 0.252932 0.375695 0.320499 
0.500000 0.329209 0.251567 0.376164 0.320519 
0.500000 0.328760 0.250408 0.376805 0.320314 
0.500000 0.328986 0.249610 0.377349 0.320035 
0.500000 0.329431 0.249152 0.377724 0.319799 
0.500000 0.329858 0.248943 0.377939 0.319635 
