0.500000 0.440679 0.500000 0.268941 0.500000 0.500000 0.500000 0.500000 0.500000 
0.500000 0.440679 0.500000 0.257399 0.500000 0.500000 0.500000 0.500000 0.500000 
0.500000 0.440679 0.500000 0.251776 0.500000 0.500000 0.500000 0.500000 0.500000 
0.500000 0.440679 0.500000 0.249005 0.384511 0.500000 0.500000 0.500000 0.500000 
0.500000 0.440679 0.500000 0.247631 0.397483 0.500000 0.500000 0.316691 0.500000 
0.500000 0.440679 0.500000 0.246946 0.405168 0.500000 0.500000 0.311103 0.500000 
0.500000 0.440679 0.500000 0.246604 0.409765 0.500000 0.500000 0.307819 0.500000 
0.500000 0.440679 0.500000 0.246434 0.412536 0.500000 0.500000 0.305863 0.500000 
0.500000 0.440679 0.500000 0.246349 0.414212 0.500000 0.500000 0.304688 0.500000 
0.500000 0.440679 0.500000 0.246306 0.415229 0.500000 0.500000 0.303978 0.500000 
0.500000 0.440679 0.500000 0.246285 0.415846 0.500000 0.500000 0.303548 0.500000 
0.500000 0.440679 0.500000 0.246274 0.416219 0.500000 0.500000 0.303288 0.500000 
0.500000 0.440679 0.500000 0.246269 0.416446 0.500000 0.500000 0.303130 0.500000 
0.500000 0.440679 0.500000 0.246266 0.416583 0.500000 0.500000 0.303034 0.500000 
0.500000 0.440679 0.500000 0.246265 0.416666 0.500000 0.500000 0.302976 0.500000 
0.500000 0.440679 0.500000 0.246264 0.416716 0.500000 0.500000 0.302941 0.500000 
0.500000 0.440679 0.500000 0.246264 0.416746 0.500000 0.500000 0.302920 0.500000 
0.500000 0.440679 0.500000 0.246264 0.416764 0.500000 0.500000 0.302907 0.500000 
0.500000 0.440679 0.500000 0.246263 0.416775 0.500000 0.500000 0.302900 0.500000 
0.500000 0.440679 0.500000 0.246263 0.416781 0.500000 0.500000 0.302895 0.500000 
0.500000 0.440679 0.500000 0.246263 0.416785 0.500000 0.500000 0.302892 0.500000 
0.500000 0.440679 0.500000 0.246263 0.416788 0.500000 0.500000 0.302891 0.500000 
0.500000 0.440679 0.500000 0.246263 0.416789 0.500000 0.500000 0.302890 0.500000 
0.500000 0.440679 0.500000 0.246263 0.416790 0.500000 0.500000 0.302889 0.500000 
0.500000 0.440679 0.500000 0.246263 0.416791 0.500000 0.500000 0.302889 0.500000 
0.500000 0.440679 0.500000 0.246263 0.416791 0.500000 0.500000 0.302888 0.500000 
0.500000 0.440679 0.500000 0.246263 0.416791 0.500000 0.500000 0.302888 0.500000 
0.500000 0.440679 0.500000 0.246263 0.416791 0.500000 0.500000 0.302888 0.500000 
0.500000 0.440679 0.500000 0.246263 0.416791 0.500000 0.500000 0.302888 0.500000 
0.500000 0.440679 0.500000 0.246263 0.416791 0.500000 0.500000 0.302888 0.500000 
0.500000 0.440679 0.500000 0.246263 0.416791 0.500000 0.500000 0.302888 0.500000 
0.500000 0.440679 0.500000 0.246263 0.416791 0.500000 0.500000 0.302888 0.500000 
0.500000 0.440679 0.500000 0.246263 0.416791 0.500000 0.500000 0.302888 0.500000 
0.500000 0.440679 0.500000 0.246263 0.416791 0.500000 0.500000 0.302888 0.500000 
0.500000 0.440679 0.500000 0.246263 0.416791 0.500000 0.500000 0.302888 0.500000 
0.500000 0.440679 0.500000 0.246263 0.416791 0.500000 0.500000 0.302888 0.500000 
0.500000 0.440679 0.500000 0.246263 0.416791 0.500000 0.500000 0.302888 0.500000 
0.500000 0.440679 0.500000 0.246263 0.416791 0.500000 0.500000 0.302888 0.500000 
0.500000 0.440679 0.500000 0.246263 0.416791 0.500000 0.500000 0.302888 0.500000 
0.500000 0.440679 0.500000 0.246263 0.416791 0.500000 0.500000 0.302888 0.500000 
0.500000 0.440679 0.500000 0.246263 0.416791 0.500000 0.500000 0.302888 0.500000 
0.500000 0.440679 0.500000 0.246263 0.416791 0.500000 0.500000 0.302888 0.500000 
0.500000 0.440679 0.500000 0.246263 0.416791 0.500000 0.500000 0.302888 0.500000 
0.500000 0.440679 0.500000 0.246263 0.416791 0.500000 0.500000 0.302888 0.500000 
0.500000 0.440679 0.500000 0.246263 0.416791 0.500000 0.500000 0.302888 0.500000 
0.500000 0.440679 0.500000 0.246263 0.416791 0.500000 0.500000 0.302888 0.500000 
0.500000 0.440679 0.500000 0.246263 0.416791 0.500000 0.500000 0.302888 0.500000 
0.500000 0.440679 0.500000 0.246263 0.416791 0.500000 0.500000 0.302888 0.500000 
0.500000 0.440679 0.500000 0.246263 0.416791 0.500000 0.500000 0.302888 0.500000 
0.500000 0.440679 0.500000 0.246263 0.416791 0.500000 0.500000 0.302888 0.500000 
0.500000 0.440679 0.500000 0.246263 0.416791 0.500000 0.500000 0.302888 0.500000 
0.500000 0.440679 0.500000 0.246263 0.416791 0.500000 0.500000 0.302888 0.500000 
0.500000 0.440679 0.500000 0.246263 0.416791 0.500000 0.500000 0.302888 0.500000 
0.500000 0.440679 0.500000 0.246263 0.416791 0.500000 0.500000 0.302888 0.500000 
0.500000 0.440679 0.500000 0.246263 0.416791 0.500000 0.500000 0.302888 0.500000 
0.500000 0.440679 0.500000 0.246263 0.416791 0.500000 0.500000 0.302888 0.500000 
0.500000 0.440679 0.500000 0.246263 0.416791 0.500000 0.500000 0.302888 0.500000 
0.500000 0.440679 0.500000 0.246263 0.416791 0.500000 0.500000 0.302888 0.500000 
0.500000 0.440679 0.500000 0.246263 0.416791 0.500000 0.500000 0.302888 0.500000 
0.500000 0.440679 0.500000 0.246263 0.416791 0.500000 0.500000 0.302888 0.500000 
0.500000 0.440679 0.500000 0.246263 0.416791 0.500000 0.500000 0.302888 0.500000 
0.500000 0.440679 0.500000 0.246263 0.416791 0.500000 0.500000 0.302888 0.500000 
0.500000 0.440679 0.500000 0.246263 0.416791 0.500000 0.500000 0.302888 0.500000 
0.500000 0.440679 0.500000 0.246263 0.416791 0.500000 0.500000 0.302888 0.500000 
0.500000 0.440679 0.500000 0.246263 0.416791 0.500000 0.500000 0.302888 0.500000 
0.500000 0.440679 0.500000 0.246263 0.416791 0.500000 0.500000 0.302888 0.500000 
0.500000 0.440679 0.500000 0.246263 0.416791 0.500000 0.500000 0.302888 0.500000 
0.500000 0.440679 0.500000 0.246263 0.416791 0.500000 0.500000 0.302888 0.500000 
0.500000 0.440679 0.500000 0.246263 0.416791 0.500000 0.500000 0.302888 0.500000 
0.500000 0.440679 0.500000 0.246263 0.416791 0.500000 0.500000 0.302888 0.500000 
0.500000 0.440679 0.500000 0.246263 0.416791 0.500000 0.500000 0.302888 0.500000 
0.500000 0.440679 0.500000 0.246263 0.416791 0.500000 0.500000 0.302888 0.500000 
0.500000 0.440679 0.500000 0.246263 0.416791 0.500000 0.500000 0.302888 0.500000 
0.500000 0.440679 0.500000 0.246263 0.416791 0.500000 0.500000 0.302888 0.500000 
0.500000 0.440679 0.500000 0.246263 0.416791 0.500000 0.500000 0.302888 0.500000 
0.500000 0.440679 0.500000 0.246263 0.416791 0.500000 0.500000 0.302888 0.500000 
0.500000 0.440679 0.500000 0.246263 0.416791 0.500000 0.500000 0.302888 0.500000 
0.500000 0.440679 0.500000 0.246263 0.416791 0.500000 0.500000 0.302888 0.500000 
0.500000 0.440679 0.500000 0.246263 0.416791 0.500000 0.500000 0.302888 0.500000 
0.500000 0.440679 0.500000 0.246263 0.416791 0.500000 0.500000 0.302888 0.500000 
0.500000 0.440679 0.500000 0.246263 0.416791 0.500000 0.500000 0.302888 0.500000 
0.500000 0.440679 0.500000 0.246263 0.416791 0.500000 0.500000 0.302888 0.500000 
0.500000 0.440679 0.500000 0.246263 0.416791 0.500000 0.500000 0.302888 0.500000 
0.500000 0.440679 0.500000 0.246263 0.416791 0.500000 0.500000 0.302888 0.500000 
0.500000 0.440679 0.500000 0.246263 0.416791 0.500000 0.500000 0.302888 0.500000 
0.500000 0.440679 0.500000 0.246263 0.416791 0.500000 0.500000 0.302888 0.500000 
0.500000 0.440679 0.500000 0.246263 0.416791 0.500000 0.500000 0.302888 0.500000 
0.500000 0.440679 0.500000 0.246263 0.416791 0.500000 0.500000 0.302888 0.500000 
0.500000 0.440679 0.500000 0.246263 0.416791 0.500000 0.500000 0.302888 0.500000 
0.500000 0.440679 0.500000 0.246263 0.416791 0.500000 0.500000 0.302888 0.500000 
0.500000 0.440679 0.500000 0.246263 0.416791 0.500000 0.500000 0.302888 0.500000 
0.500000 0.440679 0.500000 0.246263 0.416791 0.500000 0.500000 0.302888 0.500000 
0.500000 0.440679 0.500000 0.246263 0.416791 0.500000 0.500000 0.302888 0.500000 
0.500000 0.440679 0.500000 0.246263 0.416791 0.500000 0.500000 0.302888 0.500000 
0.500000 0.440679 0.500000 0.246263 0.416791 0.500000 0.500000 0.302888 0.500000 
0.500000 0.440679 0.500000 0.246263 0.416791 0.500000 0.500000 0.302888 0.500000 
0.500000 0.440679 0.500000 0.246263 0.416791 0.500000 0.500000 0.302888 0.500000 
0.500000 0.440679 0.500000 0.246263 0.416791 0.500000 0.500000 0.302888 0.500000 
0.500000 0.440679 0.500000 0.246263 0.416791 0.500000 0.500000 0.302888 0.500000 
0.500000 0.440679 0.500000 0.246263 0.416791 0.500000 0.500000 0.302888 0.500000 
