0.500000 0.268941 0.268941 0.500000 0.500000 
0.500000 0.339926 0.208107 0.368680 0.500000 
0.500000 0.398519 0.216078 0.397423 0.323582 
0.500000 0.438090 0.229345 0.393612 0.311129 
0.500000 0.459680 0.252322 0.387297 0.312765 
0.500000 0.470415 0.280427 0.376450 0.315486 
0.500000 0.475067 0.310812 0.363350 0.320190 
0.500000 0.475961 0.340852 0.349412 0.325919 
0.500000 0.473931 0.368441 0.335881 0.332073 
0.500000 0.468963 0.392112 0.323686 0.338102 
0.440679 0.460535 0.411125 0.313410 0.343582 
0.500000 0.457957 0.425369 0.305286 0.348232 
0.500000 0.442143 0.436692 0.299278 0.351929 
0.500000 0.421030 0.443613 0.294550 0.354674 
0.500000 0.395046 0.446717 0.291683 0.356841 
0.500000 0.365985 0.446103 0.290402 0.358159 
0.500000 0.336709 0.441574 0.290655 0.358748 
0.500000 0.310331 0.432657 0.292526 0.358631 
0.500000 0.289395 0.418810 0.296230 0.357771 
0.500000 0.275565 0.399854 0.302036 0.356070 
0.440679 0.269867 0.376553 0.310088 0.353412 
0.500000 0.297142 0.351033 0.320145 0.349741 
0.500000 0.307497 0.334951 0.331354 0.345181 
0.500000 0.324006 0.321099 0.338519 0.340131 
0.500000 0.344283 0.312745 0.344750 0.336923 
0.500000 0.365349 0.310321 0.348534 0.334144 
0.500000 0.384275 0.313622 0.349636 0.332463 
0.500000 0.399173 0.321647 0.348136 0.331974 
0.500000 0.409371 0.332986 0.344502 0.332639 
0.500000 0.414996 0.346113 0.339399 0.334255 
0.440679 0.416475 0.359606 0.333538 0.336529 
0.500000 0.429623 0.372287 0.327566 0.339152 
0.500000 0.423323 0.387023 0.322005 0.341834 
0.500000 0.413572 0.398202 0.315604 0.344341 
0.500000 0.400630 0.406259 0.310795 0.347237 
0.500000 0.385165 0.410975 0.307354 0.349420 
0.500000 0.368224 0.412348 0.305350 0.350986 
0.500000 0.351200 0.410389 0.304768 0.351900 
0.500000 0.335633 0.405144 0.305599 0.352165 
0.500000 0.322968 0.396769 0.307829 0.351786 
0.440679 0.314372 0.385661 0.311409 0.350770 
0.500000 0.334922 0.372592 0.316193 0.349141 
0.500000 0.334044 0.366042 0.321871 0.346970 
0.500000 0.336279 0.358444 0.324738 0.344401 
0.500000 0.341096 0.351896 0.328078 0.343108 
0.500000 0.347950 0.346855 0.330972 0.341603 
0.500000 0.356013 0.343841 0.333208 0.340303 
0.500000 0.364354 0.343068 0.334549 0.339300 
0.500000 0.372088 0.344474 0.334893 0.338699 
0.500000 0.378514 0.347757 0.334267 0.338545 
0.440679 0.383171 0.352440 0.332808 0.338825 
0.500000 0.404863 0.357963 0.330731 0.339479 
0.500000 0.403635 0.368897 0.328291 0.340411 
0.500000 0.399633 0.377786 0.323487 0.341508 
0.500000 0.393093 0.385140 0.319608 0.343672 
0.500000 0.384529 0.390422 0.316418 0.345424 
0.500000 0.374568 0.393448 0.314138 0.346868 
0.500000 0.363994 0.394132 0.312836 0.347901 
0.500000 0.353694 0.392499 0.312541 0.348493 
0.500000 0.344576 0.388682 0.313244 0.348626 
0.440679 0.337459 0.382950 0.314888 0.348308 
0.500000 0.356435 0.375742 0.317367 0.347561 
0.500000 0.352795 0.374267 0.320498 0.346438 
0.500000 0.350477 0.371033 0.321141 0.345021 
0.500000 0.349437 0.367546 0.322552 0.344731 
0.500000 0.349773 0.363943 0.324078 0.344094 
0.500000 0.351401 0.360598 0.325659 0.343405 
0.500000 0.354113 0.357823 0.327130 0.342693 
0.500000 0.357596 0.355869 0.328353 0.342030 
0.500000 0.361469 0.354892 0.329215 0.341480 
0.440679 0.365333 0.354939 0.329646 0.341092 
0.500000 0.389626 0.355947 0.329626 0.340898 
0.500000 0.390217 0.363589 0.329180 0.340908 
0.500000 0.388759 0.369864 0.325814 0.341108 
0.500000 0.385327 0.375480 0.323064 0.342623 
0.500000 0.380293 0.379867 0.320612 0.343863 
0.500000 0.374088 0.382803 0.318704 0.344970 
0.500000 0.367234 0.384144 0.317431 0.345833 
0.500000 0.360312 0.383859 0.316850 0.346409 
0.500000 0.353921 0.382017 0.316973 0.346672 
0.440679 0.348622 0.378791 0.317771 0.346616 
0.500000 0.367623 0.374463 0.319172 0.346255 
0.500000 0.363670 0.375673 0.321056 0.345621 
0.500000 0.360050 0.374961 0.320528 0.344769 
0.500000 0.356865 0.373581 0.320838 0.345008 
0.500000 0.354422 0.371493 0.321440 0.344868 
0.500000 0.352920 0.368927 0.322352 0.344596 
0.500000 0.352469 0.366122 0.323474 0.344184 
0.500000 0.353077 0.363345 0.324703 0.343678 
0.500000 0.354646 0.360856 0.325922 0.343124 
0.440679 0.356983 0.358884 0.327016 0.342574 
0.500000 0.381439 0.357598 0.327885 0.342081 
0.500000 0.382184 0.363212 0.328452 0.341691 
0.500000 0.381471 0.367639 0.325980 0.341436 
0.500000 0.379273 0.371750 0.324037 0.342548 
0.500000 0.375868 0.375038 0.322239 0.343423 
0.500000 0.371574 0.377320 0.320805 0.344235 
0.500000 0.366774 0.378465 0.319811 0.344883 
0.500000 0.361887 0.378432 0.319313 0.345332 
0.500000 0.357340 0.377268 0.319327 0.345557 
