0.440679 0.268941 0.268941 0.500000 0.500000 
0.440679 0.362982 0.240693 0.368680 0.500000 
0.440679 0.281947 0.317442 0.381925 0.323582 
0.440679 0.322314 0.234226 0.346404 0.317811 
0.440679 0.315293 0.325589 0.384983 0.333409 
0.440679 0.293281 0.231380 0.342724 0.316487 
0.440679 0.338899 0.325618 0.386331 0.335046 
0.440679 0.274627 0.233780 0.342711 0.315903 
0.440679 0.352486 0.320252 0.385194 0.335052 
0.440679 0.265277 0.239812 0.345133 0.316395 
0.440679 0.357834 0.311684 0.382341 0.333974 
0.440679 0.263285 0.248031 0.349016 0.317631 
0.440679 0.356914 0.301754 0.378467 0.332249 
0.440679 0.266739 0.257151 0.353541 0.319312 
0.440679 0.351508 0.291907 0.374186 0.330244 
0.440679 0.273893 0.266046 0.358055 0.321176 
0.440679 0.343251 0.283183 0.370029 0.328250 
0.440679 0.283109 0.273815 0.362076 0.322991 
0.440679 0.333681 0.276210 0.366414 0.326479 
0.440679 0.292894 0.279865 0.365303 0.324574 
0.440679 0.324161 0.271250 0.363610 0.325062 
0.440679 0.302013 0.283944 0.367606 0.325805 
0.440679 0.315743 0.268268 0.361724 0.324052 
0.440679 0.309617 0.286106 0.368994 0.326634 
0.440679 0.309086 0.267029 0.360727 0.323444 
0.440679 0.315263 0.286624 0.369571 0.327073 
0.440679 0.304460 0.267180 0.360488 0.323192 
0.440679 0.318867 0.285894 0.369500 0.327178 
0.440679 0.301817 0.268326 0.360824 0.323223 
0.440679 0.320599 0.284346 0.368967 0.327030 
0.440679 0.300901 0.270072 0.361539 0.323456 
0.440679 0.320788 0.282382 0.368154 0.326716 
0.440679 0.301336 0.272068 0.362446 0.323812 
0.440679 0.319839 0.280335 0.367226 0.326317 
0.440679 0.302702 0.274030 0.363392 0.324219 
0.440679 0.318168 0.278456 0.366315 0.325901 
0.440679 0.304595 0.275751 0.364262 0.324618 
0.440679 0.316155 0.276905 0.365516 0.325519 
0.440679 0.306660 0.277106 0.364981 0.324968 
0.440679 0.314115 0.275760 0.364888 0.325203 
0.440679 0.308623 0.278045 0.365512 0.325244 
0.440679 0.312280 0.275034 0.364453 0.324970 
0.440679 0.310296 0.278577 0.365849 0.325435 
0.440679 0.310797 0.274691 0.364206 0.324822 
0.440679 0.311573 0.278755 0.366008 0.325543 
0.440679 0.309732 0.274662 0.364124 0.324753 
0.440679 0.312424 0.278656 0.366021 0.325579 
0.440679 0.309088 0.274865 0.364170 0.324747 
0.440679 0.312872 0.278368 0.365927 0.325559 
0.440679 0.308820 0.275213 0.364303 0.324788 
0.440679 0.312978 0.277975 0.365766 0.325501 
0.440679 0.308855 0.275629 0.364485 0.324859 
0.440679 0.312826 0.277549 0.365573 0.325421 
0.440679 0.309104 0.276048 0.364683 0.324943 
0.440679 0.312502 0.277146 0.365378 0.325334 
0.440679 0.309482 0.276423 0.364869 0.325029 
0.440679 0.312090 0.276805 0.365205 0.325252 
0.440679 0.309911 0.276725 0.365027 0.325105 
0.440679 0.311659 0.276545 0.365065 0.325183 
0.440679 0.310330 0.276940 0.365148 0.325166 
0.440679 0.311263 0.276374 0.364965 0.325130 
0.440679 0.310696 0.277070 0.365227 0.325210 
0.440679 0.310934 0.276285 0.364905 0.325095 
0.440679 0.310982 0.277122 0.365268 0.325237 
0.440679 0.310692 0.276265 0.364880 0.325077 
0.440679 0.311180 0.277113 0.365277 0.325247 
0.440679 0.310538 0.276299 0.364885 0.325073 
0.440679 0.311292 0.277060 0.365262 0.325245 
0.440679 0.310466 0.276366 0.364909 0.325080 
0.440679 0.311329 0.276981 0.365231 0.325235 
0.440679 0.310460 0.276451 0.364946 0.325093 
0.440679 0.311307 0.276893 0.365191 0.325219 
0.440679 0.310504 0.276540 0.364987 0.325111 
0.440679 0.311246 0.276807 0.365150 0.325201 
0.440679 0.310578 0.276621 0.365026 0.325129 
0.440679 0.311163 0.276732 0.365112 0.325183 
0.440679 0.310667 0.276688 0.365061 0.325145 
0.440679 0.311072 0.276674 0.365081 0.325168 
0.440679 0.310756 0.276737 0.365088 0.325159 
0.440679 0.310987 0.276634 0.365059 0.325156 
0.440679 0.310835 0.276768 0.365107 0.325169 
0.440679 0.310915 0.276612 0.365044 0.325148 
0.440679 0.310899 0.276783 0.365117 0.325175 
0.440679 0.310860 0.276605 0.365038 0.325143 
0.440679 0.310945 0.276783 0.365120 0.325178 
0.440679 0.310824 0.276609 0.365037 0.325142 
0.440679 0.310972 0.276774 0.365118 0.325178 
0.440679 0.310805 0.276622 0.365042 0.325143 
0.440679 0.310983 0.276758 0.365112 0.325176 
0.440679 0.310801 0.276639 0.365049 0.325146 
0.440679 0.310981 0.276740 0.365104 0.325173 
0.440679 0.310808 0.276658 0.365057 0.325149 
0.440679 0.310970 0.276722 0.365095 0.325170 
0.440679 0.310823 0.276676 0.365066 0.325153 
0.440679 0.310953 0.276706 0.365087 0.325166 
0.440679 0.310841 0.276690 0.365073 0.325156 
0.440679 0.310934 0.276692 0.365080 0.325163 
0.440679 0.310860 0.276701 0.365079 0.325159 
0.440679 0.310916 0.276683 0.365075 0.325160 
0.440679 0.310877 0.276709 0.365084 0.325162 
