0.500000 0.500000 0.268941 0.500000 0.500000 
0.500000 0.500000 0.268941 0.368680 0.500000 
0.500000 0.428364 0.268941 0.368680 0.323582 
0.500000 0.451192 0.255021 0.368680 0.323582 
0.500000 0.462329 0.263604 0.375183 0.323582 
0.500000 0.465012 0.263174 0.371168 0.320741 
0.500000 0.466776 0.263826 0.371369 0.322493 
0.500000 0.467515 0.263974 0.371065 0.322406 
0.500000 0.467889 0.264074 0.370995 0.322539 
0.500000 0.468068 0.264117 0.370949 0.322569 
0.500000 0.468156 0.264139 0.370929 0.322589 
0.500000 0.468199 0.264150 0.370919 0.322598 
0.500000 0.468220 0.264155 0.370914 0.322603 
0.500000 0.468230 0.264157 0.370911 0.322605 
0.500000 0.468235 0.264159 0.370910 0.322606 
0.500000 0.468238 0.264159 0.370909 0.322606 
0.500000 0.468239 0.264160 0.370909 0.322607 
0.500000 0.468240 0.264160 0.370909 0.322607 
0.500000 0.468240 0.264160 0.370909 0.322607 
0.500000 0.468240 0.264160 0.370909 0.322607 
0.500000 0.468240 0.264160 0.370909 0.322607 
0.500000 0.468240 0.264160 0.370909 0.322607 
0.500000 0.468240 0.264160 0.370909 0.322607 
0.500000 0.468240 0.264160 0.370909 0.322607 
0.500000 0.468240 0.264160 0.370909 0.322607 
0.500000 0.468240 0.264160 0.370909 0.322607 
0.500000 0.468240 0.264160 0.370909 0.322607 
0.500000 0.468240 0.264160 0.370909 0.322607 
0.500000 0.468240 0.264160 0.370909 0.322607 
0.500000 0.468240 0.264160 0.370909 0.322607 
0.500000 0.468240 0.264160 0.370909 0.322607 
0.500000 0.468240 0.264160 0.370909 0.322607 
0.500000 0.468240 0.264160 0.370909 0.322607 
0.500000 0.468240 0.264160 0.370909 0.322607 
0.500000 0.468240 0.264160 0.370909 0.322607 
0.500000 0.468240 0.264160 0.370909 0.322607 
0.500000 0.468240 0.264160 0.370909 0.322607 
0.500000 0.468240 0.264160 0.370909 0.322607 
0.500000 0.468240 0.264160 0.370909 0.322607 
0.500000 0.468240 0.264160 0.370909 0.322607 
0.500000 0.468240 0.264160 0.370909 0.322607 
0.500000 0.468240 0.264160 0.370909 0.322607 
0.500000 0.468240 0.264160 0.370909 0.322607 
0.500000 0.468240 0.264160 0.370909 0.322607 
0.500000 0.468240 0.264160 0.370909 0.322607 
0.500000 0.468240 0.264160 0.370909 0.322607 
0.500000 0.468240 0.264160 0.370909 0.322607 
0.500000 0.468240 0.264160 0.370909 0.322607 
0.500000 0.468240 0.264160 0.370909 0.322607 
0.500000 0.468240 0.264160 0.370909 0.322607 
0.500000 0.468240 0.264160 0.370909 0.322607 
0.500000 0.468240 0.264160 0.370909 0.322607 
0.500000 0.468240 0.264160 0.370909 0.322607 
0.500000 0.468240 0.264160 0.370909 0.322607 
0.500000 0.468240 0.264160 0.370909 0.322607 
0.500000 0.468240 0.264160 0.370909 0.322607 
0.500000 0.468240 0.264160 0.370909 0.322607 
0.500000 0.468240 0.264160 0.370909 0.322607 
0.500000 0.468240 0.264160 0.370909 0.322607 
0.500000 0.468240 0.264160 0.370909 0.322607 
0.500000 0.468240 0.264160 0.370909 0.322607 
0.500000 0.468240 0.264160 0.370909 0.322607 
0.500000 0.468240 0.264160 0.370909 0.322607 
0.500000 0.468240 0.264160 0.370909 0.322607 
0.500000 0.468240 0.264160 0.370909 0.322607 
0.500000 0.468240 0.264160 0.370909 0.322607 
0.500000 0.468240 0.264160 0.370909 0.322607 
0.500000 0.468240 0.264160 0.370909 0.322607 
0.500000 0.468240 0.264160 0.370909 0.322607 
0.500000 0.468240 0.264160 0.370909 0.322607 
0.500000 0.468240 0.264160 0.370909 0.322607 
0.500000 0.468240 0.264160 0.370909 0.322607 
0.500000 0.468240 0.264160 0.370909 0.322607 
0.500000 0.468240 0.264160 0.370909 0.322607 
0.500000 0.468240 0.264160 0.370909 0.322607 
0.500000 0.468240 0.264160 0.370909 0.322607 
0.500000 0.468240 0.264160 0.370909 0.322607 
0.500000 0.468240 0.264160 0.370909 0.322607 
0.500000 0.468240 0.264160 0.370909 0.322607 
0.500000 0.468240 0.264160 0.370909 0.322607 
0.500000 0.468240 0.264160 0.370909 0.322607 
0.500000 0.468240 0.264160 0.370909 0.322607 
0.500000 0.468240 0.264160 0.370909 0.322607 
0.500000 0.468240 0.264160 0.370909 0.322607 
0.500000 0.468240 0.264160 0.370909 0.322607 
0.500000 0.468240 0.264160 0.370909 0.322607 
0.500000 0.468240 0.264160 0.370909 0.322607 
0.500000 0.468240 0.264160 0.370909 0.322607 
0.500000 0.468240 0.264160 0.370909 0.322607 
0.500000 0.468240 0.264160 0.370909 0.322607 
0.500000 0.468240 0.264160 0.370909 0.322607 
0.500000 0.468240 0.264160 0.370909 0.322607 
0.500000 0.468240 0.264160 0.370909 0.322607 
0.500000 0.468240 0.264160 0.370909 0.322607 
0.500000 0.468240 0.264160 0.370909 0.322607 
0.500000 0.468240 0.264160 0.370909 0.322607 
0.500000 0.468240 0.264160 0.370909 0.322607 
0.500000 0.468240 0.264160 0.370909 0.322607 
0.500000 0.468240 0.264160 0.370909 0.322607 
0.500000 0.468240 0.264160 0.370909 0.322607 
