0.500000 0.268941 0.268941 0.500000 0.500000 
0.500000 0.319715 0.231942 0.368680 0.500000 
0.500000 0.326299 0.324007 0.386065 0.323582 
0.500000 0.315451 0.235367 0.343437 0.316019 
0.500000 0.311356 0.329649 0.384442 0.334729 
0.500000 0.299999 0.229247 0.340898 0.316720 
0.500000 0.298168 0.334224 0.387343 0.335861 
0.500000 0.288258 0.222892 0.338844 0.315466 
0.500000 0.288619 0.339694 0.390364 0.336777 
0.500000 0.279670 0.216598 0.336398 0.314163 
0.440679 0.281739 0.346035 0.393363 0.337871 
0.500000 0.297396 0.210312 0.333573 0.312872 
0.500000 0.298463 0.357666 0.396367 0.339136 
0.500000 0.286720 0.204003 0.328422 0.311582 
0.500000 0.288666 0.365056 0.399390 0.341449 
0.500000 0.277548 0.197096 0.325170 0.310286 
0.500000 0.281212 0.372924 0.402709 0.342913 
0.500000 0.270516 0.190414 0.321727 0.308868 
0.500000 0.275555 0.381234 0.405927 0.344466 
0.500000 0.264981 0.184002 0.318111 0.307495 
0.440679 0.271117 0.389775 0.409023 0.346101 
0.500000 0.284033 0.177906 0.314417 0.306178 
0.500000 0.288961 0.402022 0.411974 0.347775 
0.500000 0.274690 0.500000 0.309161 0.304926 
0.500000 0.500000 0.409901 0.500000 0.350163 
0.500000 0.230067 0.500000 0.305806 0.500000 
0.500000 0.500000 0.407672 0.500000 0.351692 
0.500000 0.500000 0.500000 0.306753 0.500000 
0.500000 0.500000 0.436704 0.500000 0.351260 
0.500000 0.500000 0.500000 0.294546 0.500000 
0.440679 0.500000 0.456401 0.500000 0.356843 
0.500000 0.500000 0.500000 0.286427 0.500000 
0.500000 0.500000 0.469178 0.500000 0.360579 
0.500000 0.500000 0.500000 0.281232 0.500000 
0.500000 0.500000 0.477382 0.500000 0.362977 
0.500000 0.500000 0.500000 0.277928 0.500000 
0.500000 0.500000 0.482710 0.500000 0.364507 
0.500000 0.500000 0.500000 0.275794 0.500000 
0.500000 0.500000 0.486248 0.500000 0.365496 
0.500000 0.500000 0.500000 0.274383 0.500000 
0.440679 0.500000 0.488659 0.500000 0.366151 
0.500000 0.500000 0.500000 0.273424 0.500000 
0.500000 0.500000 0.490347 0.500000 0.366596 
0.500000 0.500000 0.500000 0.272754 0.500000 
0.500000 0.500000 0.491556 0.500000 0.366907 
0.500000 0.500000 0.500000 0.272275 0.500000 
0.500000 0.500000 0.492442 0.500000 0.367130 
0.500000 0.500000 0.500000 0.271924 0.500000 
0.500000 0.500000 0.493103 0.500000 0.367293 
0.500000 0.500000 0.500000 0.271662 0.500000 
0.440679 0.500000 0.493603 0.500000 0.367415 
0.500000 0.500000 0.500000 0.271464 0.500000 
0.500000 0.500000 0.493988 0.500000 0.367507 
0.500000 0.500000 0.500000 0.271312 0.500000 
0.500000 0.500000 0.494286 0.500000 0.367577 
0.500000 0.500000 0.500000 0.271194 0.500000 
0.500000 0.500000 0.494520 0.500000 0.367632 
0.500000 0.500000 0.500000 0.271102 0.500000 
0.500000 0.500000 0.494705 0.500000 0.367675 
0.500000 0.500000 0.500000 0.271029 0.500000 
0.440679 0.500000 0.494852 0.500000 0.367709 
0.500000 0.500000 0.500000 0.270971 0.500000 
0.500000 0.500000 0.494969 0.500000 0.367736 
0.500000 0.500000 0.500000 0.270924 0.500000 
0.500000 0.500000 0.495063 0.500000 0.367758 
0.500000 0.500000 0.500000 0.270887 0.500000 
0.500000 0.500000 0.495139 0.500000 0.367775 
0.500000 0.500000 0.500000 0.270857 0.500000 
0.500000 0.500000 0.495200 0.500000 0.367789 
0.500000 0.500000 0.500000 0.270833 0.500000 
0.440679 0.500000 0.495249 0.500000 0.367800 
0.500000 0.500000 0.500000 0.270814 0.500000 
0.500000 0.500000 0.495290 0.500000 0.367809 
0.500000 0.500000 0.500000 0.270798 0.500000 
0.500000 0.500000 0.495322 0.500000 0.367817 
0.500000 0.500000 0.500000 0.270785 0.500000 
0.500000 0.500000 0.495349 0.500000 0.367823 
0.500000 0.500000 0.500000 0.270774 0.500000 
0.500000 0.500000 0.495370 0.500000 0.367827 
0.500000 0.500000 0.500000 0.270766 0.500000 
0.440679 0.500000 0.495388 0.500000 0.367831 
0.500000 0.500000 0.500000 0.270759 0.500000 
0.500000 0.500000 0.495402 0.500000 0.367835 
0.500000 0.500000 0.500000 0.270753 0.500000 
0.500000 0.500000 0.495414 0.500000 0.367837 
0.500000 0.500000 0.500000 0.270749 0.500000 
0.500000 0.500000 0.495423 0.500000 0.367839 
0.500000 0.500000 0.500000 0.270745 0.500000 
0.500000 0.500000 0.495431 0.500000 0.367841 
0.500000 0.500000 0.500000 0.270742 0.500000 
0.440679 0.500000 0.495438 0.500000 0.367843 
0.500000 0.500000 0.500000 0.270739 0.500000 
0.500000 0.500000 0.495443 0.500000 0.367844 
0.500000 0.500000 0.500000 0.270737 0.500000 
0.500000 0.500000 0.495447 0.500000 0.367845 
0.500000 0.500000 0.500000 0.270736 0.500000 
0.500000 0.500000 0.495450 0.500000 0.367845 
0.500000 0.500000 0.500000 0.270734 0.500000 
0.500000 0.500000 0.495453 0.500000 0.367846 
0.500000 0.500000 0.500000 0.270733 0.500000 
0.500000 0.268941 0.268941 0.500000 0.500000 
0.500000 0.319715 0.231942 0.368680 0.500000 
0.500000 0.347794 0.269487 0.386065 0.323582 
0.500000 0.365776 0.253398 0.368426 0.316019 
0.500000 0.381364 0.265846 0.375945 0.323693 
0.500000 0.393125 0.261507 0.370123 0.320410 
0.500000 0.402943 0.266084 0.372148 0.322951 
0.500000 0.410695 0.265213 0.370011 0.322066 
0.500000 0.417118 0.267082 0.370418 0.322999 
0.500000 0.422342 0.267148 0.369546 0.322822 
0.440679 0.426696 0.268029 0.369516 0.323203 
0.500000 0.443282 0.268290 0.369105 0.323216 
0.500000 0.444687 0.270852 0.368984 0.323396 
0.500000 0.445602 0.269803 0.367791 0.323449 
0.500000 0.446418 0.270574 0.368279 0.323971 
0.500000 0.447102 0.270278 0.367920 0.323757 
0.500000 0.447709 0.270565 0.368058 0.323914 
0.500000 0.448231 0.270507 0.367925 0.323854 
0.500000 0.448690 0.270631 0.367952 0.323912 
0.500000 0.449089 0.270640 0.367894 0.323901 
0.440679 0.449439 0.270704 0.367890 0.323926 
0.500000 0.459491 0.270728 0.367860 0.323928 
0.500000 0.458824 0.272322 0.367849 0.323941 
0.500000 0.458061 0.271419 0.367108 0.323946 
0.500000 0.457390 0.271812 0.367528 0.324270 
0.500000 0.456774 0.271473 0.367345 0.324086 
0.500000 0.456232 0.271560 0.367503 0.324166 
0.500000 0.455743 0.271416 0.367462 0.324097 
0.500000 0.455310 0.271413 0.367529 0.324115 
0.500000 0.454924 0.271340 0.367530 0.324086 
0.440679 0.454581 0.271315 0.367564 0.324085 
0.500000 0.463224 0.271270 0.367576 0.324070 
0.500000 0.462180 0.272670 0.367597 0.324065 
0.500000 0.461093 0.271801 0.366946 0.324056 
0.500000 0.460120 0.272118 0.367350 0.324341 
0.500000 0.459228 0.271770 0.367203 0.324164 
0.500000 0.458430 0.271814 0.367364 0.324229 
0.500000 0.457710 0.271651 0.367344 0.324158 
0.500000 0.457067 0.271620 0.367420 0.324167 
0.500000 0.456490 0.271526 0.367434 0.324134 
0.440679 0.455975 0.271480 0.367478 0.324127 
0.500000 0.464242 0.271417 0.367499 0.324108 
0.500000 0.463103 0.272765 0.367528 0.324099 
0.500000 0.461933 0.271907 0.366902 0.324086 
0.500000 0.460881 0.272202 0.367301 0.324360 
0.500000 0.459915 0.271853 0.367163 0.324186 
0.500000 0.459050 0.271886 0.367326 0.324246 
0.500000 0.458266 0.271717 0.367311 0.324175 
0.500000 0.457565 0.271678 0.367389 0.324181 
0.500000 0.456936 0.271579 0.367407 0.324147 
0.440679 0.456373 0.271527 0.367453 0.324139 
0.500000 0.464534 0.271459 0.367478 0.324119 
0.500000 0.463368 0.272792 0.367509 0.324108 
0.500000 0.462175 0.271937 0.366890 0.324095 
0.500000 0.461100 0.272227 0.367287 0.324366 
0.500000 0.460113 0.271877 0.367152 0.324192 
0.500000 0.459228 0.271906 0.367315 0.324251 
0.500000 0.458427 0.271737 0.367301 0.324180 
0.500000 0.457710 0.271695 0.367380 0.324186 
0.500000 0.457065 0.271595 0.367399 0.324151 
0.440679 0.456489 0.271540 0.367446 0.324143 
0.500000 0.464618 0.271472 0.367471 0.324122 
0.500000 0.463445 0.272800 0.367503 0.324111 
0.500000 0.462245 0.271946 0.366886 0.324097 
0.500000 0.461163 0.272234 0.367283 0.324368 
0.500000 0.460171 0.271884 0.367149 0.324194 
0.500000 0.459280 0.271912 0.367312 0.324252 
0.500000 0.458474 0.271742 0.367298 0.324181 
0.500000 0.457752 0.271700 0.367377 0.324187 
0.500000 0.457102 0.271599 0.367397 0.324152 
0.440679 0.456522 0.271544 0.367444 0.324144 
0.500000 0.464643 0.271475 0.367469 0.324123 
0.500000 0.463467 0.272802 0.367501 0.324112 
0.500000 0.462265 0.271948 0.366885 0.324098 
0.500000 0.461182 0.272236 0.367282 0.324368 
0.500000 0.460188 0.271886 0.367148 0.324194 
0.500000 0.459295 0.271914 0.367311 0.324253 
0.500000 0.458488 0.271744 0.367298 0.324181 
0.500000 0.457764 0.271701 0.367377 0.324187 
0.500000 0.457113 0.271600 0.367396 0.324153 
0.440679 0.456532 0.271545 0.367443 0.324144 
0.500000 0.464650 0.271476 0.367469 0.324123 
0.500000 0.463474 0.272803 0.367501 0.324112 
0.500000 0.462271 0.271949 0.366885 0.324098 
0.500000 0.461187 0.272237 0.367281 0.324368 
0.500000 0.460193 0.271886 0.367148 0.324194 
0.500000 0.459300 0.271914 0.367310 0.324253 
0.500000 0.458492 0.271744 0.367297 0.324182 
0.500000 0.457767 0.271702 0.367376 0.324187 
0.500000 0.457117 0.271601 0.367396 0.324153 
0.440679 0.456535 0.271546 0.367443 0.324144 
0.500000 0.464652 0.271477 0.367469 0.324123 
0.500000 0.463476 0.272803 0.367501 0.324112 
0.500000 0.462273 0.271949 0.366884 0.324098 
0.500000 0.461189 0.272237 0.367281 0.324368 
0.500000 0.460194 0.271887 0.367148 0.324194 
0.500000 0.459301 0.271915 0.367310 0.324253 
0.500000 0.458493 0.271744 0.367297 0.324182 
0.500000 0.457768 0.271702 0.367376 0.324187 
0.500000 0.457118 0.271601 0.367396 0.324153 
0.500000 0.268941 0.268941 0.500000 0.500000 
0.500000 0.319715 0.231942 0.368680 0.500000 
0.500000 0.347794 0.248912 0.386065 0.323582 
0.500000 0.370689 0.246166 0.378052 0.316019 
0.500000 0.388841 0.250589 0.379344 0.319493 
0.500000 0.403050 0.251330 0.377264 0.318931 
0.500000 0.414269 0.253016 0.376916 0.319835 
0.500000 0.423180 0.253887 0.376124 0.319987 
0.500000 0.430332 0.254768 0.375715 0.320332 
0.500000 0.436123 0.255399 0.375303 0.320510 
0.440679 0.440858 0.255943 0.375007 0.320689 
0.500000 0.455367 0.256376 0.374752 0.320818 
0.500000 0.457135 0.258372 0.374549 0.320930 
0.500000 0.458458 0.257628 0.373614 0.321018 
0.500000 0.459616 0.258127 0.373962 0.321426 
0.500000 0.460613 0.258084 0.373729 0.321274 
0.500000 0.461477 0.258240 0.373749 0.321376 
0.500000 0.462227 0.258296 0.373676 0.321367 
0.500000 0.462881 0.258377 0.373649 0.321399 
0.500000 0.463451 0.258435 0.373611 0.321410 
0.440679 0.463950 0.258491 0.373584 0.321427 
0.500000 0.471493 0.258537 0.373558 0.321438 
0.500000 0.471165 0.259672 0.373537 0.321450 
0.500000 0.470784 0.259052 0.373006 0.321459 
0.500000 0.470451 0.259260 0.373296 0.321691 
0.500000 0.470151 0.259128 0.373198 0.321564 
0.500000 0.469882 0.259140 0.373260 0.321607 
0.500000 0.469641 0.259098 0.373255 0.321580 
0.500000 0.469425 0.259081 0.373274 0.321582 
0.500000 0.469232 0.259058 0.373282 0.321574 
0.440679 0.469059 0.259041 0.373293 0.321570 
0.500000 0.475161 0.259024 0.373301 0.321566 
0.500000 0.474480 0.259972 0.373309 0.321562 
0.500000 0.473791 0.259393 0.372865 0.321559 
0.500000 0.473170 0.259540 0.373136 0.321752 
0.500000 0.472604 0.259393 0.373067 0.321634 
0.500000 0.472092 0.259374 0.373136 0.321664 
0.500000 0.471628 0.259310 0.373145 0.321634 
0.500000 0.471210 0.259272 0.373175 0.321630 
0.500000 0.470833 0.259229 0.373193 0.321617 
0.440679 0.470494 0.259194 0.373213 0.321609 
0.500000 0.476201 0.259161 0.373229 0.321601 
0.500000 0.475430 0.260057 0.373245 0.321593 
0.500000 0.474660 0.259491 0.372826 0.321587 
0.500000 0.473963 0.259621 0.373090 0.321770 
0.500000 0.473325 0.259471 0.373029 0.321654 
0.500000 0.472746 0.259443 0.373100 0.321681 
0.500000 0.472220 0.259374 0.373113 0.321650 
0.500000 0.471744 0.259328 0.373145 0.321644 
0.500000 0.471314 0.259280 0.373166 0.321630 
0.440679 0.470927 0.259240 0.373189 0.321621 
0.500000 0.476516 0.259203 0.373208 0.321611 
0.500000 0.475718 0.260083 0.373225 0.321603 
0.500000 0.474925 0.259521 0.372813 0.321595 
0.500000 0.474205 0.259646 0.373076 0.321775 
0.500000 0.473546 0.259494 0.373018 0.321660 
0.500000 0.472946 0.259464 0.373089 0.321686 
0.500000 0.472402 0.259393 0.373103 0.321655 
0.500000 0.471908 0.259346 0.373136 0.321649 
0.500000 0.471462 0.259296 0.373158 0.321634 
0.440679 0.471060 0.259254 0.373181 0.321624 
0.500000 0.476613 0.259215 0.373201 0.321614 
0.500000 0.475808 0.260091 0.373219 0.321606 
0.500000 0.475007 0.259530 0.372810 0.321598 
0.500000 0.474280 0.259654 0.373072 0.321777 
0.500000 0.473614 0.259502 0.373014 0.321662 
0.500000 0.473008 0.259471 0.373085 0.321687 
0.500000 0.472458 0.259399 0.373100 0.321656 
0.500000 0.471959 0.259351 0.373133 0.321650 
0.500000 0.471509 0.259301 0.373156 0.321635 
0.440679 0.471102 0.259259 0.373179 0.321626 
0.500000 0.476643 0.259219 0.373199 0.321615 
0.500000 0.475835 0.260093 0.373217 0.321607 
0.500000 0.475033 0.259533 0.372809 0.321599 
0.500000 0.474303 0.259656 0.373070 0.321777 
0.500000 0.473636 0.259504 0.373013 0.321663 
0.500000 0.473028 0.259473 0.373084 0.321688 
0.500000 0.472476 0.259401 0.373099 0.321657 
0.500000 0.471975 0.259353 0.373133 0.321650 
0.500000 0.471523 0.259303 0.373155 0.321636 
0.440679 0.471115 0.259260 0.373178 0.321626 
0.500000 0.476653 0.259221 0.373198 0.321616 
0.500000 0.475844 0.260094 0.373217 0.321607 
0.500000 0.475041 0.259534 0.372808 0.321599 
0.500000 0.474311 0.259657 0.373070 0.321777 
0.500000 0.473642 0.259505 0.373013 0.321663 
0.500000 0.473034 0.259473 0.373084 0.321688 
0.500000 0.472481 0.259401 0.373099 0.321657 
0.500000 0.471980 0.259354 0.373132 0.321651 
0.500000 0.471527 0.259303 0.373155 0.321636 
0.440679 0.471119 0.259261 0.373178 0.321626 
0.500000 0.476656 0.259221 0.373198 0.321616 
0.500000 0.475847 0.260094 0.373217 0.321607 
0.500000 0.475043 0.259535 0.372808 0.321599 
0.500000 0.474313 0.259657 0.373070 0.321777 
0.500000 0.473644 0.259505 0.373013 0.321663 
0.500000 0.473036 0.259474 0.373084 0.321688 
0.500000 0.472483 0.259402 0.373098 0.321657 
0.500000 0.471982 0.259354 0.373132 0.321651 
0.500000 0.471529 0.259303 0.373155 0.321636 
0.500000 0.268941 0.268941 0.500000 0.500000 
0.500000 0.223581 0.231942 0.368680 0.500000 
0.500000 0.500000 0.231468 0.386065 0.323582 
0.500000 0.500000 0.279880 0.386289 0.316019 
0.500000 0.500000 0.254708 0.363603 0.315922 
0.500000 0.500000 0.265207 0.375330 0.325808 
0.500000 0.500000 0.260884 0.370420 0.320677 
0.500000 0.500000 0.262633 0.372439 0.322820 
0.500000 0.500000 0.261924 0.371622 0.321938 
0.500000 0.500000 0.262211 0.371953 0.322295 
0.440679 0.500000 0.262095 0.371819 0.322151 
0.500000 0.500000 0.262142 0.371873 0.322209 
0.500000 0.500000 0.262123 0.371851 0.322186 
0.500000 0.500000 0.262130 0.371860 0.322195 
0.500000 0.500000 0.262127 0.371856 0.322191 
0.500000 0.500000 0.262129 0.371858 0.322193 
0.500000 0.500000 0.262128 0.371857 0.322192 
0.500000 0.500000 0.262128 0.371858 0.322192 
0.500000 0.500000 0.262128 0.371857 0.322192 
0.500000 0.500000 0.262128 0.371857 0.322192 
0.440679 0.500000 0.262128 0.371857 0.322192 
0.500000 0.500000 0.262128 0.371857 0.322192 
0.500000 0.500000 0.262128 0.371857 0.322192 
0.500000 0.500000 0.262128 0.371857 0.322192 
0.500000 0.500000 0.262128 0.371857 0.322192 
0.500000 0.500000 0.262128 0.371857 0.322192 
0.500000 0.500000 0.262128 0.371857 0.322192 
0.500000 0.500000 0.262128 0.371857 0.322192 
0.500000 0.500000 0.262128 0.371857 0.322192 
0.500000 0.500000 0.262128 0.371857 0.322192 
0.440679 0.500000 0.262128 0.371857 0.322192 
0.500000 0.500000 0.262128 0.371857 0.322192 
0.500000 0.500000 0.262128 0.371857 0.322192 
0.500000 0.500000 0.262128 0.371857 0.322192 
0.500000 0.500000 0.262128 0.371857 0.322192 
0.500000 0.500000 0.262128 0.371857 0.322192 
0.500000 0.500000 0.262128 0.371857 0.322192 
0.500000 0.500000 0.262128 0.371857 0.322192 
0.500000 0.500000 0.262128 0.371857 0.322192 
0.500000 0.500000 0.262128 0.371857 0.322192 
0.440679 0.500000 0.262128 0.371857 0.322192 
0.500000 0.500000 0.262128 0.371857 0.322192 
0.500000 0.500000 0.262128 0.371857 0.322192 
0.500000 0.500000 0.262128 0.371857 0.322192 
0.500000 0.500000 0.262128 0.371857 0.322192 
0.500000 0.500000 0.262128 0.371857 0.322192 
0.500000 0.500000 0.262128 0.371857 0.322192 
0.500000 0.500000 0.262128 0.371857 0.322192 
0.500000 0.500000 0.262128 0.371857 0.322192 
0.500000 0.500000 0.262128 0.371857 0.322192 
0.440679 0.500000 0.262128 0.371857 0.322192 
0.500000 0.500000 0.262128 0.371857 0.322192 
0.500000 0.500000 0.262128 0.371857 0.322192 
0.500000 0.500000 0.262128 0.371857 0.322192 
0.500000 0.500000 0.262128 0.371857 0.322192 
0.500000 0.500000 0.262128 0.371857 0.322192 
0.500000 0.500000 0.262128 0.371857 0.322192 
0.500000 0.500000 0.262128 0.371857 0.322192 
0.500000 0.500000 0.262128 0.371857 0.322192 
0.500000 0.500000 0.262128 0.371857 0.322192 
0.440679 0.500000 0.262128 0.371857 0.322192 
0.500000 0.500000 0.262128 0.371857 0.322192 
0.500000 0.500000 0.262128 0.371857 0.322192 
0.500000 0.500000 0.262128 0.371857 0.322192 
0.500000 0.500000 0.262128 0.371857 0.322192 
0.500000 0.500000 0.262128 0.371857 0.322192 
0.500000 0.500000 0.262128 0.371857 0.322192 
0.500000 0.500000 0.262128 0.371857 0.322192 
0.500000 0.500000 0.262128 0.371857 0.322192 
0.500000 0.500000 0.262128 0.371857 0.322192 
0.440679 0.500000 0.262128 0.371857 0.322192 
0.500000 0.500000 0.262128 0.371857 0.322192 
0.500000 0.500000 0.262128 0.371857 0.322192 
0.500000 0.500000 0.262128 0.371857 0.322192 
0.500000 0.500000 0.262128 0.371857 0.322192 
0.500000 0.500000 0.262128 0.371857 0.322192 
0.500000 0.500000 0.262128 0.371857 0.322192 
0.500000 0.500000 0.262128 0.371857 0.322192 
0.500000 0.500000 0.262128 0.371857 0.322192 
0.500000 0.500000 0.262128 0.371857 0.322192 
0.440679 0.500000 0.262128 0.371857 0.322192 
0.500000 0.500000 0.262128 0.371857 0.322192 
0.500000 0.500000 0.262128 0.371857 0.322192 
0.500000 0.500000 0.262128 0.371857 0.322192 
0.500000 0.500000 0.262128 0.371857 0.322192 
0.500000 0.500000 0.262128 0.371857 0.322192 
0.500000 0.500000 0.262128 0.371857 0.322192 
0.500000 0.500000 0.262128 0.371857 0.322192 
0.500000 0.500000 0.262128 0.371857 0.322192 
0.500000 0.500000 0.262128 0.371857 0.322192 
0.440679 0.500000 0.262128 0.371857 0.322192 
0.500000 0.500000 0.262128 0.371857 0.322192 
0.500000 0.500000 0.262128 0.371857 0.322192 
0.500000 0.500000 0.262128 0.371857 0.322192 
0.500000 0.500000 0.262128 0.371857 0.322192 
0.500000 0.500000 0.262128 0.371857 0.322192 
0.500000 0.500000 0.262128 0.371857 0.322192 
0.500000 0.500000 0.262128 0.371857 0.322192 
0.500000 0.500000 0.262128 0.371857 0.322192 
0.500000 0.500000 0.262128 0.371857 0.322192 
0.500000 0.268941 0.268941 0.500000 0.500000 
0.500000 0.319715 0.231942 0.368680 0.500000 
0.500000 0.347794 0.210811 0.386065 0.323582 
0.500000 0.380276 0.206483 0.396129 0.316019 
0.500000 0.408275 0.209354 0.398201 0.311684 
0.500000 0.428899 0.214564 0.396826 0.310796 
0.500000 0.443207 0.219787 0.394335 0.311385 
0.500000 0.453050 0.224109 0.391843 0.312454 
0.500000 0.459942 0.227379 0.389784 0.313526 
0.500000 0.464907 0.229757 0.388230 0.314413 
0.440679 0.468594 0.231471 0.387101 0.315083 
0.500000 0.477187 0.232721 0.386288 0.315571 
0.500000 0.478478 0.234452 0.385696 0.315922 
0.500000 0.479461 0.235439 0.384876 0.316178 
0.500000 0.480224 0.235981 0.384408 0.316533 
0.500000 0.480842 0.236308 0.384152 0.316735 
0.500000 0.481356 0.236529 0.383997 0.316846 
0.500000 0.481791 0.236696 0.383892 0.316913 
0.500000 0.482163 0.236828 0.383814 0.316958 
0.500000 0.482482 0.236938 0.383751 0.316992 
0.440679 0.482757 0.237031 0.383699 0.317020 
0.500000 0.486503 0.237110 0.383655 0.317042 
0.500000 0.486355 0.237673 0.383618 0.317061 
0.500000 0.486199 0.237930 0.383352 0.317077 
0.500000 0.486040 0.238006 0.383230 0.317193 
0.500000 0.485889 0.238009 0.383194 0.317245 
0.500000 0.485750 0.237984 0.383193 0.317261 
0.500000 0.485625 0.237952 0.383205 0.317261 
0.500000 0.485513 0.237920 0.383220 0.317256 
0.500000 0.485414 0.237890 0.383235 0.317250 
0.440679 0.485325 0.237862 0.383249 0.317243 
0.500000 0.488301 0.237838 0.383262 0.317237 
0.500000 0.487969 0.238248 0.383274 0.317231 
0.500000 0.487649 0.238407 0.383080 0.317226 
0.500000 0.487343 0.238420 0.383005 0.317310 
0.500000 0.487059 0.238374 0.382999 0.317343 
0.500000 0.486800 0.238311 0.383020 0.317346 
0.500000 0.486565 0.238245 0.383050 0.317336 
0.500000 0.486353 0.238182 0.383081 0.317323 
0.500000 0.486163 0.238124 0.383111 0.317310 
0.440679 0.485993 0.238071 0.383139 0.317297 
0.500000 0.488776 0.238024 0.383163 0.317285 
0.500000 0.488400 0.238397 0.383186 0.317274 
0.500000 0.488041 0.238533 0.383009 0.317265 
0.500000 0.487699 0.238530 0.382945 0.317341 
0.500000 0.487382 0.238473 0.382947 0.317369 
0.500000 0.487091 0.238400 0.382973 0.317368 
0.500000 0.486828 0.238325 0.383008 0.317357 
0.500000 0.486589 0.238254 0.383043 0.317342 
0.500000 0.486375 0.238189 0.383077 0.317326 
0.440679 0.486183 0.238130 0.383108 0.317312 
0.500000 0.488911 0.238077 0.383136 0.317298 
0.500000 0.488524 0.238439 0.383161 0.317286 
0.500000 0.488153 0.238569 0.382989 0.317275 
0.500000 0.487802 0.238562 0.382928 0.317350 
0.500000 0.487475 0.238502 0.382932 0.317376 
0.500000 0.487176 0.238426 0.382960 0.317375 
0.500000 0.486904 0.238349 0.382996 0.317362 
0.500000 0.486658 0.238276 0.383032 0.317347 
0.500000 0.486437 0.238208 0.383067 0.317331 
0.440679 0.486238 0.238147 0.383099 0.317316 
0.500000 0.488950 0.238092 0.383127 0.317302 
0.500000 0.488560 0.238452 0.383153 0.317290 
0.500000 0.488186 0.238579 0.382984 0.317279 
0.500000 0.487832 0.238571 0.382923 0.317352 
0.500000 0.487502 0.238510 0.382927 0.317378 
0.500000 0.487200 0.238433 0.382956 0.317377 
0.500000 0.486926 0.238355 0.382992 0.317364 
0.500000 0.486678 0.238282 0.383029 0.317348 
0.500000 0.486455 0.238214 0.383064 0.317332 
0.440679 0.486254 0.238152 0.383096 0.317317 
0.500000 0.488962 0.238097 0.383125 0.317303 
0.500000 0.488571 0.238455 0.383151 0.317291 
0.500000 0.488196 0.238582 0.382982 0.317279 
0.500000 0.487840 0.238574 0.382922 0.317353 
0.500000 0.487510 0.238512 0.382926 0.317379 
0.500000 0.487208 0.238435 0.382955 0.317377 
0.500000 0.486933 0.238357 0.382991 0.317365 
0.500000 0.486684 0.238284 0.383028 0.317349 
0.500000 0.486460 0.238216 0.383063 0.317333 
0.440679 0.486259 0.238154 0.383095 0.317318 
0.500000 0.488965 0.238098 0.383124 0.317304 
0.500000 0.488574 0.238457 0.383151 0.317291 
0.500000 0.488199 0.238583 0.382981 0.317280 
0.500000 0.487843 0.238575 0.382921 0.317353 
0.500000 0.487512 0.238513 0.382926 0.317379 
0.500000 0.487210 0.238436 0.382955 0.317377 
0.500000 0.486935 0.238358 0.382991 0.317365 
0.500000 0.486686 0.238284 0.383028 0.317349 
0.500000 0.486462 0.238216 0.383063 0.317333 
0.440679 0.486260 0.238154 0.383095 0.317318 
0.500000 0.488966 0.238099 0.383124 0.317304 
0.500000 0.488575 0.238457 0.383150 0.317291 
0.500000 0.488200 0.238584 0.382981 0.317280 
0.500000 0.487844 0.238575 0.382921 0.317353 
0.500000 0.487513 0.238513 0.382925 0.317379 
0.500000 0.487210 0.238436 0.382954 0.317377 
0.500000 0.486935 0.238358 0.382991 0.317365 
0.500000 0.486686 0.238284 0.383028 0.317349 
0.500000 0.486462 0.238216 0.383063 0.317333 
0.500000 0.268941 0.268941 0.500000 0.500000 
0.500000 0.319715 0.231942 0.368680 0.500000 
0.500000 0.368213 0.210811 0.386065 0.323582 
0.500000 0.410437 0.209074 0.396129 0.316019 
0.500000 0.439701 0.214493 0.396960 0.311684 
0.500000 0.458141 0.221170 0.394368 0.311328 
0.500000 0.469648 0.226818 0.391184 0.312440 
0.500000 0.477037 0.230945 0.388497 0.313810 
0.500000 0.481977 0.233775 0.386537 0.314968 
0.500000 0.485413 0.235680 0.385196 0.315814 
0.440679 0.487888 0.236973 0.384295 0.316394 
0.500000 0.491866 0.237871 0.383683 0.316784 
0.500000 0.492805 0.238816 0.383258 0.317049 
0.500000 0.493540 0.239376 0.382811 0.317233 
0.500000 0.494129 0.239711 0.382547 0.317427 
0.500000 0.494607 0.239932 0.382389 0.317541 
0.500000 0.495001 0.240093 0.382284 0.317610 
0.500000 0.495330 0.240218 0.382208 0.317655 
0.500000 0.495605 0.240319 0.382149 0.317688 
0.500000 0.495838 0.240402 0.382102 0.317714 
0.440679 0.496036 0.240471 0.382062 0.317734 
0.500000 0.497005 0.240530 0.382030 0.317751 
0.500000 0.497051 0.240694 0.382002 0.317766 
0.500000 0.497091 0.240780 0.381924 0.317778 
0.500000 0.497125 0.240819 0.381884 0.317811 
0.500000 0.497156 0.240839 0.381865 0.317829 
0.500000 0.497183 0.240852 0.381856 0.317837 
0.500000 0.497206 0.240861 0.381850 0.317841 
0.500000 0.497228 0.240868 0.381846 0.317844 
0.500000 0.497246 0.240874 0.381842 0.317845 
0.440679 0.497263 0.240879 0.381839 0.317847 
0.500000 0.497853 0.240884 0.381837 0.317848 
0.500000 0.497812 0.240971 0.381835 0.317849 
0.500000 0.497774 0.241008 0.381794 0.317850 
0.500000 0.497740 0.241016 0.381776 0.317868 
0.500000 0.497708 0.241014 0.381772 0.317875 
0.500000 0.497678 0.241007 0.381774 0.317877 
0.500000 0.497652 0.241000 0.381777 0.317877 
0.500000 0.497628 0.240993 0.381780 0.317875 
0.500000 0.497606 0.240986 0.381783 0.317874 
0.440679 0.497586 0.240980 0.381786 0.317872 
0.500000 0.498082 0.240975 0.381789 0.317871 
0.500000 0.498023 0.241043 0.381792 0.317870 
0.500000 0.497968 0.241070 0.381759 0.317869 
0.500000 0.497917 0.241071 0.381747 0.317883 
0.500000 0.497870 0.241063 0.381746 0.317888 
0.500000 0.497827 0.241052 0.381750 0.317888 
0.500000 0.497787 0.241041 0.381755 0.317887 
0.500000 0.497751 0.241030 0.381761 0.317885 
0.500000 0.497718 0.241020 0.381766 0.317882 
0.440679 0.497688 0.241011 0.381770 0.317880 
0.500000 0.498155 0.241003 0.381775 0.317878 
0.500000 0.498090 0.241066 0.381779 0.317876 
0.500000 0.498030 0.241089 0.381749 0.317874 
0.500000 0.497974 0.241088 0.381738 0.317887 
0.500000 0.497922 0.241079 0.381738 0.317892 
0.500000 0.497875 0.241067 0.381743 0.317892 
0.500000 0.497831 0.241054 0.381748 0.317890 
0.500000 0.497791 0.241043 0.381754 0.317888 
0.500000 0.497755 0.241032 0.381760 0.317885 
0.440679 0.497721 0.241022 0.381765 0.317883 
0.500000 0.498179 0.241012 0.381770 0.317880 
0.500000 0.498113 0.241074 0.381774 0.317878 
0.500000 0.498051 0.241096 0.381745 0.317876 
0.500000 0.497993 0.241094 0.381735 0.317889 
0.500000 0.497940 0.241084 0.381735 0.317893 
0.500000 0.497891 0.241072 0.381740 0.317893 
0.500000 0.497846 0.241059 0.381746 0.317891 
0.500000 0.497805 0.241047 0.381752 0.317889 
0.500000 0.497767 0.241035 0.381758 0.317886 
0.440679 0.497733 0.241025 0.381763 0.317883 
0.500000 0.498187 0.241015 0.381768 0.317881 
0.500000 0.498120 0.241076 0.381773 0.317879 
0.500000 0.498058 0.241098 0.381744 0.317877 
0.500000 0.498000 0.241096 0.381734 0.317889 
0.500000 0.497946 0.241086 0.381735 0.317894 
0.500000 0.497897 0.241073 0.381739 0.317894 
0.500000 0.497851 0.241060 0.381745 0.317891 
0.500000 0.497809 0.241048 0.381751 0.317889 
0.500000 0.497771 0.241037 0.381757 0.317886 
0.440679 0.497736 0.241026 0.381763 0.317884 
0.500000 0.498190 0.241017 0.381768 0.317881 
0.500000 0.498123 0.241077 0.381772 0.317879 
0.500000 0.498060 0.241098 0.381744 0.317877 
0.500000 0.498002 0.241097 0.381733 0.317890 
0.500000 0.497948 0.241087 0.381734 0.317894 
0.500000 0.497898 0.241074 0.381739 0.317894 
0.500000 0.497853 0.241061 0.381745 0.317892 
0.500000 0.497811 0.241049 0.381751 0.317889 
0.500000 0.497773 0.241037 0.381757 0.317886 
0.440679 0.497738 0.241027 0.381762 0.317884 
0.500000 0.498191 0.241017 0.381767 0.317881 
0.500000 0.498124 0.241077 0.381772 0.317879 
0.500000 0.498061 0.241099 0.381743 0.317877 
0.500000 0.498003 0.241097 0.381733 0.317890 
0.500000 0.497949 0.241087 0.381734 0.317894 
0.500000 0.497899 0.241074 0.381739 0.317894 
0.500000 0.497853 0.241061 0.381745 0.317892 
0.500000 0.497812 0.241049 0.381751 0.317889 
0.500000 0.497773 0.241037 0.381757 0.317886 
0.500000 0.268941 0.268941 0.500000 0.500000 
0.500000 0.319715 0.259233 0.368680 0.500000 
0.500000 0.361368 0.241869 0.373211 0.323582 
0.500000 0.398374 0.235753 0.381370 0.321601 
0.500000 0.426715 0.235023 0.384260 0.318052 
0.500000 0.446662 0.235997 0.384606 0.316799 
0.500000 0.460334 0.237236 0.384144 0.316650 
0.500000 0.469739 0.238294 0.383558 0.316849 
0.500000 0.476316 0.239094 0.383058 0.317103 
0.500000 0.481012 0.239673 0.382680 0.317320 
0.440679 0.484439 0.240088 0.382406 0.317484 
0.500000 0.489691 0.240388 0.382210 0.317602 
0.500000 0.491024 0.240703 0.382069 0.317687 
0.500000 0.492071 0.240892 0.381920 0.317749 
0.500000 0.492906 0.241008 0.381831 0.317813 
0.500000 0.493580 0.241085 0.381776 0.317852 
0.500000 0.494132 0.241142 0.381740 0.317875 
0.500000 0.494587 0.241186 0.381713 0.317891 
0.500000 0.494966 0.241221 0.381692 0.317903 
0.500000 0.495284 0.241250 0.381676 0.317912 
0.440679 0.495553 0.241274 0.381662 0.317919 
0.500000 0.496671 0.241294 0.381651 0.317925 
0.500000 0.496749 0.241343 0.381641 0.317930 
0.500000 0.496818 0.241369 0.381618 0.317934 
0.500000 0.496878 0.241382 0.381606 0.317944 
0.500000 0.496931 0.241389 0.381600 0.317949 
0.500000 0.496978 0.241394 0.381596 0.317952 
0.500000 0.497020 0.241398 0.381594 0.317953 
0.500000 0.497057 0.241401 0.381592 0.317954 
0.500000 0.497090 0.241403 0.381591 0.317955 
0.440679 0.497119 0.241406 0.381590 0.317956 
0.500000 0.497748 0.241408 0.381589 0.317956 
0.500000 0.497713 0.241431 0.381588 0.317957 
0.500000 0.497680 0.241442 0.381576 0.317957 
0.500000 0.497651 0.241444 0.381572 0.317962 
0.500000 0.497624 0.241444 0.381570 0.317964 
0.500000 0.497599 0.241443 0.381570 0.317965 
0.500000 0.497577 0.241441 0.381571 0.317965 
0.500000 0.497557 0.241440 0.381572 0.317965 
0.500000 0.497538 0.241438 0.381572 0.317964 
0.440679 0.497522 0.241437 0.381573 0.317964 
0.500000 0.498033 0.241436 0.381574 0.317964 
0.500000 0.497975 0.241454 0.381574 0.317963 
0.500000 0.497921 0.241461 0.381566 0.317963 
0.500000 0.497871 0.241461 0.381562 0.317967 
0.500000 0.497825 0.241459 0.381562 0.317968 
0.500000 0.497783 0.241457 0.381563 0.317968 
0.500000 0.497745 0.241454 0.381564 0.317968 
0.500000 0.497709 0.241451 0.381566 0.317967 
0.500000 0.497677 0.241449 0.381567 0.317967 
0.440679 0.497648 0.241447 0.381568 0.317966 
0.500000 0.498124 0.241445 0.381569 0.317966 
0.500000 0.498059 0.241461 0.381570 0.317965 
0.500000 0.497999 0.241467 0.381562 0.317965 
0.500000 0.497943 0.241467 0.381560 0.317968 
0.500000 0.497891 0.241464 0.381560 0.317969 
0.500000 0.497844 0.241461 0.381561 0.317969 
0.500000 0.497800 0.241458 0.381562 0.317969 
0.500000 0.497760 0.241455 0.381564 0.317968 
0.500000 0.497723 0.241453 0.381565 0.317968 
0.440679 0.497690 0.241450 0.381566 0.317967 
0.500000 0.498154 0.241448 0.381568 0.317967 
0.500000 0.498087 0.241463 0.381569 0.317966 
0.500000 0.498025 0.241469 0.381561 0.317966 
0.500000 0.497967 0.241469 0.381559 0.317969 
0.500000 0.497914 0.241466 0.381559 0.317970 
0.500000 0.497864 0.241463 0.381560 0.317970 
0.500000 0.497819 0.241460 0.381561 0.317969 
0.500000 0.497777 0.241457 0.381563 0.317969 
0.500000 0.497739 0.241454 0.381564 0.317968 
0.440679 0.497704 0.241451 0.381566 0.317967 
0.500000 0.498164 0.241449 0.381567 0.317967 
0.500000 0.498097 0.241464 0.381568 0.317966 
0.500000 0.498034 0.241470 0.381561 0.317966 
0.500000 0.497975 0.241469 0.381558 0.317969 
0.500000 0.497921 0.241467 0.381558 0.317970 
0.500000 0.497871 0.241463 0.381560 0.317970 
0.500000 0.497825 0.241460 0.381561 0.317969 
0.500000 0.497783 0.241457 0.381563 0.317969 
0.500000 0.497745 0.241454 0.381564 0.317968 
0.440679 0.497709 0.241452 0.381566 0.317967 
0.500000 0.498168 0.241449 0.381567 0.317967 
0.500000 0.498100 0.241464 0.381568 0.317966 
0.500000 0.498037 0.241470 0.381561 0.317966 
0.500000 0.497978 0.241469 0.381558 0.317969 
0.500000 0.497924 0.241467 0.381558 0.317970 
0.500000 0.497874 0.241464 0.381560 0.317970 
0.500000 0.497828 0.241460 0.381561 0.317969 
0.500000 0.497785 0.241457 0.381563 0.317969 
0.500000 0.497747 0.241454 0.381564 0.317968 
0.440679 0.497711 0.241452 0.381566 0.317967 
0.500000 0.498169 0.241449 0.381567 0.317967 
0.500000 0.498101 0.241465 0.381568 0.317966 
0.500000 0.498038 0.241470 0.381561 0.317966 
0.500000 0.497979 0.241470 0.381558 0.317969 
0.500000 0.497925 0.241467 0.381558 0.317970 
0.500000 0.497875 0.241464 0.381560 0.317970 
0.500000 0.497828 0.241460 0.381561 0.317969 
0.500000 0.497786 0.241457 0.381563 0.317969 
0.500000 0.497747 0.241454 0.381564 0.317968 
0.500000 0.268941 0.268941 0.500000 0.500000 
0.500000 0.319715 0.194364 0.368680 0.500000 
0.500000 0.378293 0.500000 0.404024 0.323582 
0.500000 0.364768 0.500000 0.500000 0.308307 
0.500000 0.355736 0.182133 0.500000 0.500000 
0.500000 0.411691 0.183108 0.409927 0.500000 
0.500000 0.444954 0.189733 0.409456 0.305794 
0.500000 0.464380 0.201311 0.406256 0.305995 
0.500000 0.475398 0.212558 0.400683 0.307356 
0.500000 0.481858 0.221192 0.395293 0.309734 
0.440679 0.485878 0.227075 0.391173 0.312043 
0.500000 0.490926 0.230886 0.388374 0.313814 
0.500000 0.492225 0.234085 0.386566 0.315021 
0.500000 0.493171 0.235914 0.385049 0.315802 
0.500000 0.493891 0.236965 0.384184 0.316458 
0.500000 0.494456 0.237625 0.383686 0.316832 
0.500000 0.494910 0.238079 0.383375 0.317048 
0.500000 0.495281 0.238416 0.383160 0.317183 
0.500000 0.495587 0.238679 0.383000 0.317276 
0.500000 0.495843 0.238890 0.382876 0.317345 
0.440679 0.496058 0.239064 0.382776 0.317399 
0.500000 0.497033 0.239208 0.382694 0.317442 
0.500000 0.497087 0.239582 0.382626 0.317477 
0.500000 0.497132 0.239780 0.382449 0.317507 
0.500000 0.497170 0.239873 0.382356 0.317584 
0.500000 0.497203 0.239921 0.382312 0.317624 
0.500000 0.497233 0.239951 0.382289 0.317643 
0.500000 0.497258 0.239973 0.382275 0.317653 
0.500000 0.497281 0.239990 0.382265 0.317659 
0.500000 0.497301 0.240005 0.382257 0.317664 
0.440679 0.497319 0.240018 0.382250 0.317667 
0.500000 0.497898 0.240029 0.382244 0.317670 
0.500000 0.497859 0.240220 0.382238 0.317673 
0.500000 0.497822 0.240302 0.382148 0.317675 
0.500000 0.497788 0.240321 0.382109 0.317714 
0.500000 0.497756 0.240315 0.382100 0.317731 
0.500000 0.497727 0.240301 0.382103 0.317735 
0.500000 0.497701 0.240285 0.382110 0.317734 
0.500000 0.497678 0.240270 0.382117 0.317731 
0.500000 0.497656 0.240255 0.382125 0.317728 
0.440679 0.497637 0.240242 0.382132 0.317724 
0.500000 0.498123 0.240230 0.382138 0.317721 
0.500000 0.498065 0.240381 0.382144 0.317719 
0.500000 0.498011 0.240438 0.382072 0.317716 
0.500000 0.497960 0.240441 0.382045 0.317747 
0.500000 0.497913 0.240424 0.382044 0.317759 
0.500000 0.497870 0.240399 0.382052 0.317759 
0.500000 0.497831 0.240375 0.382063 0.317756 
0.500000 0.497796 0.240351 0.382075 0.317751 
0.500000 0.497763 0.240329 0.382086 0.317746 
0.440679 0.497734 0.240309 0.382097 0.317741 
0.500000 0.498192 0.240291 0.382106 0.317737 
0.500000 0.498129 0.240430 0.382115 0.317732 
0.500000 0.498069 0.240480 0.382049 0.317729 
0.500000 0.498014 0.240478 0.382026 0.317757 
0.500000 0.497963 0.240457 0.382026 0.317767 
0.500000 0.497916 0.240430 0.382036 0.317767 
0.500000 0.497873 0.240403 0.382049 0.317763 
0.500000 0.497834 0.240377 0.382062 0.317757 
0.500000 0.497798 0.240353 0.382074 0.317752 
0.440679 0.497765 0.240330 0.382086 0.317746 
0.500000 0.498214 0.240310 0.382096 0.317741 
0.500000 0.498149 0.240445 0.382106 0.317737 
0.500000 0.498089 0.240493 0.382042 0.317733 
0.500000 0.498032 0.240490 0.382019 0.317760 
0.500000 0.497979 0.240468 0.382021 0.317770 
0.500000 0.497931 0.240440 0.382031 0.317770 
0.500000 0.497887 0.240412 0.382044 0.317765 
0.500000 0.497846 0.240385 0.382058 0.317759 
0.500000 0.497809 0.240360 0.382070 0.317754 
0.440679 0.497775 0.240337 0.382082 0.317748 
0.500000 0.498221 0.240316 0.382093 0.317743 
0.500000 0.498156 0.240451 0.382103 0.317738 
0.500000 0.498095 0.240498 0.382039 0.317734 
0.500000 0.498038 0.240494 0.382017 0.317761 
0.500000 0.497985 0.240472 0.382019 0.317771 
0.500000 0.497936 0.240444 0.382029 0.317770 
0.500000 0.497891 0.240415 0.382043 0.317766 
0.500000 0.497850 0.240388 0.382056 0.317760 
0.500000 0.497813 0.240363 0.382069 0.317754 
0.440679 0.497779 0.240340 0.382081 0.317749 
0.500000 0.498224 0.240319 0.382092 0.317743 
0.500000 0.498159 0.240452 0.382102 0.317739 
0.500000 0.498097 0.240499 0.382039 0.317734 
0.500000 0.498040 0.240496 0.382016 0.317762 
0.500000 0.497986 0.240473 0.382018 0.317771 
0.500000 0.497937 0.240445 0.382029 0.317771 
0.500000 0.497893 0.240416 0.382042 0.317766 
0.500000 0.497851 0.240389 0.382056 0.317760 
0.500000 0.497814 0.240364 0.382068 0.317754 
0.440679 0.497780 0.240340 0.382080 0.317749 
0.500000 0.498225 0.240319 0.382091 0.317744 
0.500000 0.498159 0.240453 0.382101 0.317739 
0.500000 0.498098 0.240500 0.382038 0.317735 
0.500000 0.498040 0.240496 0.382016 0.317762 
0.500000 0.497987 0.240473 0.382018 0.317771 
0.500000 0.497938 0.240445 0.382029 0.317771 
0.500000 0.497893 0.240417 0.382042 0.317766 
0.500000 0.497852 0.240389 0.382055 0.317760 
0.500000 0.497814 0.240364 0.382068 0.317754 
0.500000 0.268941 0.268941 0.500000 0.500000 
0.500000 0.288982 0.194364 0.368680 0.500000 
0.500000 0.310552 0.500000 0.404024 0.323582 
0.500000 0.302344 0.500000 0.500000 0.308307 
0.500000 0.298952 0.500000 0.500000 0.500000 
0.500000 0.295904 0.500000 0.500000 0.500000 
0.500000 0.293166 0.500000 0.500000 0.500000 
0.500000 0.290707 0.500000 0.500000 0.500000 
0.500000 0.288499 0.500000 0.500000 0.500000 
0.500000 0.286517 0.500000 0.500000 0.500000 
0.440679 0.284736 0.500000 0.500000 0.500000 
0.500000 0.307487 0.500000 0.500000 0.500000 
0.500000 0.303577 0.500000 0.500000 0.500000 
0.500000 0.300061 0.500000 0.500000 0.500000 
0.500000 0.296900 0.500000 0.500000 0.500000 
0.500000 0.294061 0.500000 0.500000 0.500000 
0.500000 0.291511 0.500000 0.500000 0.500000 
0.500000 0.289221 0.500000 0.500000 0.500000 
0.500000 0.287164 0.500000 0.500000 0.500000 
0.500000 0.285318 0.500000 0.500000 0.500000 
0.440679 0.283660 0.500000 0.500000 0.500000 
0.500000 0.306503 0.500000 0.500000 0.500000 
0.500000 0.302692 0.500000 0.500000 0.500000 
0.500000 0.299265 0.500000 0.500000 0.500000 
0.500000 0.296185 0.500000 0.500000 0.500000 
0.500000 0.293419 0.500000 0.500000 0.500000 
0.500000 0.290934 0.500000 0.500000 0.500000 
0.500000 0.288703 0.500000 0.500000 0.500000 
0.500000 0.286699 0.500000 0.500000 0.500000 
0.500000 0.284900 0.500000 0.500000 0.500000 
0.440679 0.283285 0.500000 0.500000 0.500000 
0.500000 0.306160 0.500000 0.500000 0.500000 
0.500000 0.302383 0.500000 0.500000 0.500000 
0.500000 0.298987 0.500000 0.500000 0.500000 
0.500000 0.295936 0.500000 0.500000 0.500000 
0.500000 0.293195 0.500000 0.500000 0.500000 
0.500000 0.290733 0.500000 0.500000 0.500000 
0.500000 0.288522 0.500000 0.500000 0.500000 
0.500000 0.286537 0.500000 0.500000 0.500000 
0.500000 0.284755 0.500000 0.500000 0.500000 
0.440679 0.283154 0.500000 0.500000 0.500000 
0.500000 0.306040 0.500000 0.500000 0.500000 
0.500000 0.302276 0.500000 0.500000 0.500000 
0.500000 0.298891 0.500000 0.500000 0.500000 
0.500000 0.295849 0.500000 0.500000 0.500000 
0.500000 0.293117 0.500000 0.500000 0.500000 
0.500000 0.290663 0.500000 0.500000 0.500000 
0.500000 0.288459 0.500000 0.500000 0.500000 
0.500000 0.286481 0.500000 0.500000 0.500000 
0.500000 0.284704 0.500000 0.500000 0.500000 
0.440679 0.283109 0.500000 0.500000 0.500000 
0.500000 0.305998 0.500000 0.500000 0.500000 
0.500000 0.302238 0.500000 0.500000 0.500000 
0.500000 0.298857 0.500000 0.500000 0.500000 
0.500000 0.295819 0.500000 0.500000 0.500000 
0.500000 0.293090 0.500000 0.500000 0.500000 
0.500000 0.290638 0.500000 0.500000 0.500000 
0.500000 0.288437 0.500000 0.500000 0.500000 
0.500000 0.286461 0.500000 0.500000 0.500000 
0.500000 0.284686 0.500000 0.500000 0.500000 
0.440679 0.283093 0.500000 0.500000 0.500000 
0.500000 0.305984 0.500000 0.500000 0.500000 
0.500000 0.302225 0.500000 0.500000 0.500000 
0.500000 0.298845 0.500000 0.500000 0.500000 
0.500000 0.295808 0.500000 0.500000 0.500000 
0.500000 0.293080 0.500000 0.500000 0.500000 
0.500000 0.290630 0.500000 0.500000 0.500000 
0.500000 0.288430 0.500000 0.500000 0.500000 
0.500000 0.286454 0.500000 0.500000 0.500000 
0.500000 0.284680 0.500000 0.500000 0.500000 
0.440679 0.283087 0.500000 0.500000 0.500000 
0.500000 0.305979 0.500000 0.500000 0.500000 
0.500000 0.302220 0.500000 0.500000 0.500000 
0.500000 0.298841 0.500000 0.500000 0.500000 
0.500000 0.295805 0.500000 0.500000 0.500000 
0.500000 0.293077 0.500000 0.500000 0.500000 
0.500000 0.290627 0.500000 0.500000 0.500000 
0.500000 0.288427 0.500000 0.500000 0.500000 
0.500000 0.286452 0.500000 0.500000 0.500000 
0.500000 0.284678 0.500000 0.500000 0.500000 
0.440679 0.283085 0.500000 0.500000 0.500000 
0.500000 0.305977 0.500000 0.500000 0.500000 
0.500000 0.302219 0.500000 0.500000 0.500000 
0.500000 0.298840 0.500000 0.500000 0.500000 
0.500000 0.295803 0.500000 0.500000 0.500000 
0.500000 0.293076 0.500000 0.500000 0.500000 
0.500000 0.290626 0.500000 0.500000 0.500000 
0.500000 0.288426 0.500000 0.500000 0.500000 
0.500000 0.286451 0.500000 0.500000 0.500000 
0.500000 0.284677 0.500000 0.500000 0.500000 
0.440679 0.283085 0.500000 0.500000 0.500000 
0.500000 0.305976 0.500000 0.500000 0.500000 
0.500000 0.302218 0.500000 0.500000 0.500000 
0.500000 0.298839 0.500000 0.500000 0.500000 
0.500000 0.295803 0.500000 0.500000 0.500000 
0.500000 0.293075 0.500000 0.500000 0.500000 
0.500000 0.290625 0.500000 0.500000 0.500000 
0.500000 0.288426 0.500000 0.500000 0.500000 
0.500000 0.286451 0.500000 0.500000 0.500000 
0.500000 0.284677 0.500000 0.500000 0.500000 
0.500000 0.268941 0.268941 0.500000 0.500000 
0.500000 0.359370 0.194364 0.368680 0.500000 
0.500000 0.442514 0.180600 0.404024 0.323582 
0.500000 0.479555 0.194989 0.410669 0.308307 
0.500000 0.491680 0.213544 0.403722 0.305480 
0.500000 0.495941 0.226833 0.394822 0.308435 
0.500000 0.497720 0.234267 0.388489 0.312245 
0.500000 0.498590 0.237957 0.384963 0.314971 
0.500000 0.499067 0.239708 0.383217 0.316495 
0.500000 0.499350 0.240545 0.382390 0.317251 
0.440679 0.499529 0.240962 0.381995 0.317609 
0.500000 0.499722 0.241183 0.381798 0.317781 
0.500000 0.499780 0.241334 0.381693 0.317866 
0.500000 0.499821 0.241416 0.381622 0.317911 
0.500000 0.499852 0.241462 0.381584 0.317942 
0.500000 0.499875 0.241491 0.381562 0.317959 
0.500000 0.499893 0.241510 0.381548 0.317968 
0.500000 0.499907 0.241524 0.381539 0.317974 
0.500000 0.499917 0.241534 0.381533 0.317978 
0.500000 0.499926 0.241542 0.381528 0.317981 
0.440679 0.499933 0.241548 0.381524 0.317983 
0.500000 0.499952 0.241553 0.381521 0.317985 
0.500000 0.499954 0.241562 0.381519 0.317986 
0.500000 0.499957 0.241566 0.381515 0.317987 
0.500000 0.499959 0.241569 0.381513 0.317989 
0.500000 0.499960 0.241571 0.381511 0.317990 
0.500000 0.499962 0.241572 0.381511 0.317990 
0.500000 0.499963 0.241573 0.381510 0.317991 
0.500000 0.499964 0.241574 0.381510 0.317991 
0.500000 0.499965 0.241574 0.381509 0.317991 
0.440679 0.499966 0.241575 0.381509 0.317991 
0.500000 0.499974 0.241576 0.381509 0.317991 
0.500000 0.499974 0.241578 0.381508 0.317992 
0.500000 0.499974 0.241580 0.381507 0.317992 
0.500000 0.499973 0.241580 0.381506 0.317992 
0.500000 0.499973 0.241580 0.381506 0.317993 
0.500000 0.499973 0.241580 0.381506 0.317993 
0.500000 0.499973 0.241580 0.381506 0.317993 
0.500000 0.499973 0.241580 0.381506 0.317993 
0.500000 0.499973 0.241580 0.381506 0.317993 
0.440679 0.499973 0.241580 0.381506 0.317993 
0.500000 0.499979 0.241580 0.381506 0.317993 
0.500000 0.499978 0.241582 0.381506 0.317993 
0.500000 0.499978 0.241583 0.381505 0.317993 
0.500000 0.499977 0.241583 0.381505 0.317993 
0.500000 0.499977 0.241583 0.381505 0.317993 
0.500000 0.499976 0.241582 0.381505 0.317993 
0.500000 0.499976 0.241582 0.381505 0.317993 
0.500000 0.499976 0.241582 0.381505 0.317993 
0.500000 0.499975 0.241582 0.381505 0.317993 
0.440679 0.499975 0.241582 0.381505 0.317993 
0.500000 0.499980 0.241581 0.381505 0.317993 
0.500000 0.499980 0.241583 0.381506 0.317993 
0.500000 0.499979 0.241584 0.381505 0.317993 
0.500000 0.499978 0.241584 0.381505 0.317993 
0.500000 0.499978 0.241583 0.381505 0.317993 
0.500000 0.499977 0.241583 0.381505 0.317993 
0.500000 0.499977 0.241583 0.381505 0.317993 
0.500000 0.499977 0.241583 0.381505 0.317993 
0.500000 0.499976 0.241582 0.381505 0.317993 
0.440679 0.499976 0.241582 0.381505 0.317993 
0.500000 0.499981 0.241582 0.381505 0.317993 
0.500000 0.499980 0.241583 0.381505 0.317993 
0.500000 0.499979 0.241584 0.381505 0.317993 
0.500000 0.499979 0.241584 0.381504 0.317993 
0.500000 0.499978 0.241584 0.381504 0.317993 
0.500000 0.499978 0.241583 0.381505 0.317993 
0.500000 0.499977 0.241583 0.381505 0.317993 
0.500000 0.499977 0.241583 0.381505 0.317993 
0.500000 0.499976 0.241582 0.381505 0.317993 
0.440679 0.499976 0.241582 0.381505 0.317993 
0.500000 0.499981 0.241582 0.381505 0.317993 
0.500000 0.499980 0.241583 0.381505 0.317993 
0.500000 0.499980 0.241584 0.381505 0.317993 
0.500000 0.268941 0.268941 0.500000 0.500000 
0.500000 0.359370 0.194364 0.368680 0.500000 
0.500000 0.442514 0.191097 0.404024 0.323582 
0.500000 0.478296 0.214860 0.405598 0.308307 
0.500000 0.490187 0.234022 0.394193 0.307636 
0.500000 0.494741 0.242757 0.385079 0.312515 
0.500000 0.496868 0.245894 0.380951 0.316445 
0.500000 0.498005 0.247065 0.379473 0.318234 
0.500000 0.498663 0.247620 0.378921 0.318875 
0.500000 0.499065 0.247941 0.378660 0.319115 
0.440679 0.499322 0.248140 0.378509 0.319228 
0.500000 0.499599 0.248267 0.378415 0.319294 
0.500000 0.499683 0.248386 0.378356 0.319335 
0.500000 0.499743 0.248442 0.378300 0.319361 
0.500000 0.499787 0.248473 0.378273 0.319385 
0.500000 0.499821 0.248494 0.378259 0.319397 
0.500000 0.499846 0.248509 0.378249 0.319403 
0.500000 0.499866 0.248521 0.378242 0.319407 
0.500000 0.499881 0.248530 0.378236 0.319410 
0.500000 0.499894 0.248538 0.378232 0.319413 
0.440679 0.499904 0.248544 0.378228 0.319415 
0.500000 0.499931 0.248548 0.378225 0.319416 
0.500000 0.499935 0.248558 0.378223 0.319417 
0.500000 0.499938 0.248562 0.378219 0.319418 
0.500000 0.499941 0.248564 0.378217 0.319420 
0.500000 0.499943 0.248565 0.378216 0.319421 
0.500000 0.499945 0.248566 0.378215 0.319422 
0.500000 0.499947 0.248567 0.378215 0.319422 
0.500000 0.499949 0.248568 0.378214 0.319422 
0.500000 0.499950 0.248569 0.378214 0.319422 
0.440679 0.499951 0.248569 0.378214 0.319422 
0.500000 0.499963 0.248570 0.378213 0.319422 
0.500000 0.499962 0.248574 0.378213 0.319423 
0.500000 0.499962 0.248575 0.378211 0.319423 
0.500000 0.499962 0.248575 0.378211 0.319424 
0.500000 0.499962 0.248575 0.378211 0.319424 
0.500000 0.499962 0.248575 0.378211 0.319424 
0.500000 0.499962 0.248575 0.378211 0.319424 
0.500000 0.499962 0.248575 0.378211 0.319424 
0.500000 0.499962 0.248575 0.378211 0.319424 
0.440679 0.499962 0.248575 0.378211 0.319424 
0.500000 0.499970 0.248575 0.378211 0.319424 
0.500000 0.499969 0.248577 0.378211 0.319424 
0.500000 0.499968 0.248578 0.378210 0.319424 
0.500000 0.499968 0.248578 0.378209 0.319424 
0.500000 0.499967 0.248577 0.378209 0.319424 
0.500000 0.499966 0.248577 0.378210 0.319424 
0.500000 0.499966 0.248577 0.378210 0.319424 
0.500000 0.499965 0.248577 0.378210 0.319424 
0.500000 0.499965 0.248576 0.378210 0.319424 
0.440679 0.499965 0.248576 0.378210 0.319424 
0.500000 0.499972 0.248576 0.378210 0.319424 
0.500000 0.499971 0.248578 0.378210 0.319424 
0.500000 0.499970 0.248579 0.378209 0.319424 
0.500000 0.499969 0.248579 0.378209 0.319424 
0.500000 0.499969 0.248578 0.378209 0.319425 
0.500000 0.499968 0.248578 0.378209 0.319424 
0.500000 0.499967 0.248578 0.378209 0.319424 
0.500000 0.499967 0.248577 0.378209 0.319424 
0.500000 0.499966 0.248577 0.378210 0.319424 
0.440679 0.499966 0.248577 0.378210 0.319424 
0.500000 0.499973 0.248577 0.378210 0.319424 
0.500000 0.499972 0.248579 0.378210 0.319424 
0.500000 0.499971 0.248579 0.378209 0.319424 
0.500000 0.499970 0.248579 0.378209 0.319425 
0.500000 0.499969 0.248578 0.378209 0.319425 
0.500000 0.499968 0.248578 0.378209 0.319425 
0.500000 0.499968 0.248578 0.378209 0.319424 
0.500000 0.499967 0.248577 0.378209 0.319424 
0.500000 0.499966 0.248577 0.378210 0.319424 
0.440679 0.499966 0.248577 0.378210 0.319424 
0.500000 0.499973 0.248577 0.378210 0.319424 
0.500000 0.499972 0.248579 0.378210 0.319424 
0.500000 0.499971 0.248579 0.378209 0.319424 
0.500000 0.499970 0.248579 0.378209 0.319425 
0.500000 0.499969 0.248579 0.378209 0.319425 
0.500000 0.499968 0.248578 0.378209 0.319425 
0.500000 0.499968 0.248578 0.378209 0.319424 
0.500000 0.499967 0.248577 0.378209 0.319424 
0.500000 0.499967 0.248577 0.378209 0.319424 
0.440679 0.499966 0.248577 0.378210 0.319424 
0.500000 0.499973 0.248577 0.378210 0.319424 
0.500000 0.499972 0.248579 0.378210 0.319424 
0.500000 0.499971 0.248579 0.378209 0.319424 
0.500000 0.499970 0.248579 0.378209 0.319425 
0.500000 0.499969 0.248579 0.378209 0.319425 
0.500000 0.499969 0.248578 0.378209 0.319425 
0.500000 0.499968 0.248578 0.378209 0.319424 
0.500000 0.499967 0.248578 0.378209 0.319424 
0.500000 0.499967 0.248577 0.378209 0.319424 
0.440679 0.499966 0.248577 0.378210 0.319424 
0.500000 0.499973 0.248577 0.378210 0.319424 
0.500000 0.499972 0.248579 0.378210 0.319424 
0.500000 0.499971 0.248579 0.378209 0.319424 
0.500000 0.499970 0.248579 0.378209 0.319425 
0.500000 0.499969 0.248579 0.378209 0.319425 
0.500000 0.499969 0.248578 0.378209 0.319425 
0.500000 0.499968 0.248578 0.378209 0.319424 
0.500000 0.499967 0.248578 0.378209 0.319424 
0.500000 0.499967 0.248577 0.378209 0.319424 
0.500000 0.268941 0.268941 0.500000 0.500000 
0.500000 0.359370 0.194364 0.368680 0.500000 
0.500000 0.442514 0.209455 0.404024 0.323582 
0.500000 0.476052 0.238516 0.396778 0.308307 
0.500000 0.487854 0.248696 0.382953 0.311406 
0.500000 0.493112 0.251025 0.378154 0.317365 
0.500000 0.495828 0.252223 0.377059 0.319448 
0.500000 0.497332 0.253009 0.376496 0.319925 
0.500000 0.498211 0.253450 0.376127 0.320170 
0.500000 0.498749 0.253703 0.375921 0.320330 
0.440679 0.499092 0.253860 0.375802 0.320420 
0.500000 0.499464 0.253963 0.375728 0.320472 
0.500000 0.499576 0.254080 0.375680 0.320504 
0.500000 0.499657 0.254112 0.375625 0.320525 
0.500000 0.499716 0.254133 0.375610 0.320549 
0.500000 0.499761 0.254151 0.375600 0.320556 
0.500000 0.499795 0.254165 0.375592 0.320560 
0.500000 0.499821 0.254176 0.375585 0.320564 
0.500000 0.499842 0.254184 0.375580 0.320566 
0.500000 0.499859 0.254190 0.375576 0.320569 
0.440679 0.499872 0.254195 0.375573 0.320570 
0.500000 0.499908 0.254200 0.375571 0.320572 
0.500000 0.499913 0.254211 0.375569 0.320573 
0.500000 0.499918 0.254213 0.375563 0.320573 
0.500000 0.499921 0.254214 0.375563 0.320576 
0.500000 0.499925 0.254215 0.375562 0.320576 
0.500000 0.499927 0.254216 0.375562 0.320576 
0.500000 0.499930 0.254217 0.375561 0.320577 
0.500000 0.499932 0.254218 0.375561 0.320577 
0.500000 0.499934 0.254218 0.375560 0.320577 
0.440679 0.499935 0.254219 0.375560 0.320577 
0.500000 0.268941 0.268941 0.500000 0.500000 
0.500000 0.359370 0.194364 0.368680 0.500000 
0.500000 0.436872 0.196864 0.404024 0.323582 
0.500000 0.473557 0.222165 0.402820 0.308307 
0.500000 0.486776 0.239189 0.390710 0.308820 
0.500000 0.492264 0.245725 0.382635 0.314014 
0.500000 0.495042 0.247933 0.379552 0.317503 
0.500000 0.496636 0.248938 0.378513 0.318841 
0.500000 0.497614 0.249548 0.378040 0.319292 
0.500000 0.498243 0.249941 0.377753 0.319498 
0.440679 0.498664 0.250196 0.377568 0.319623 
0.500000 0.499176 0.250366 0.377448 0.319703 
0.500000 0.499322 0.250557 0.377369 0.319755 
0.500000 0.499431 0.250635 0.377279 0.319790 
0.500000 0.499514 0.250677 0.377242 0.319829 
0.500000 0.499578 0.250708 0.377223 0.319845 
0.500000 0.499629 0.250734 0.377208 0.319853 
0.500000 0.499669 0.250754 0.377196 0.319860 
0.500000 0.499701 0.250770 0.377186 0.319865 
0.500000 0.499727 0.250783 0.377179 0.319869 
0.440679 0.499749 0.250794 0.377173 0.319873 
0.500000 0.499817 0.250802 0.377168 0.319875 
0.500000 0.499824 0.250826 0.377164 0.319877 
0.500000 0.499831 0.250833 0.377153 0.319879 
0.500000 0.499837 0.250835 0.377149 0.319884 
0.500000 0.499842 0.250837 0.377148 0.319885 
0.500000 0.499846 0.250839 0.377147 0.319886 
0.500000 0.499850 0.250841 0.377146 0.319886 
0.500000 0.499854 0.250842 0.377146 0.319887 
0.500000 0.499857 0.250844 0.377145 0.319887 
0.440679 0.499859 0.250845 0.377144 0.319887 
0.500000 0.499891 0.250846 0.377144 0.319888 
0.500000 0.499890 0.250857 0.377143 0.319888 
0.500000 0.499889 0.250859 0.377138 0.319888 
0.500000 0.499888 0.250858 0.377137 0.319890 
0.500000 0.499888 0.250858 0.377137 0.319891 
0.500000 0.499887 0.250857 0.377138 0.319891 
0.500000 0.499886 0.250857 0.377138 0.319890 
0.500000 0.499886 0.250857 0.377138 0.319890 
0.500000 0.499885 0.250857 0.377138 0.319890 
0.440679 0.499885 0.250856 0.377138 0.319890 
0.500000 0.499909 0.250856 0.377138 0.319890 
0.500000 0.499906 0.250864 0.377138 0.319890 
0.500000 0.499904 0.250865 0.377135 0.319890 
0.500000 0.499902 0.250864 0.377134 0.319892 
0.500000 0.499900 0.250863 0.377135 0.319892 
0.500000 0.499898 0.250862 0.377135 0.319892 
0.500000 0.499897 0.250861 0.377136 0.319892 
0.500000 0.499895 0.250861 0.377136 0.319891 
0.500000 0.499894 0.250860 0.377136 0.319891 
0.440679 0.499893 0.250860 0.377136 0.319891 
0.500000 0.499914 0.250859 0.377137 0.319891 
0.500000 0.499912 0.250867 0.377137 0.319891 
0.500000 0.499909 0.250867 0.377133 0.319891 
0.500000 0.499906 0.250866 0.377133 0.319892 
0.500000 0.499904 0.250865 0.377134 0.319892 
0.500000 0.499902 0.250864 0.377134 0.319892 
0.500000 0.499900 0.250863 0.377135 0.319892 
0.500000 0.499898 0.250862 0.377135 0.319892 
0.500000 0.499897 0.250861 0.377136 0.319892 
0.440679 0.499895 0.250861 0.377136 0.319891 
0.500000 0.499916 0.250860 0.377136 0.319891 
0.500000 0.499913 0.250867 0.377136 0.319891 
0.500000 0.499911 0.250868 0.377133 0.319891 
0.500000 0.499908 0.250866 0.377133 0.319892 
0.500000 0.499905 0.250865 0.377134 0.319893 
0.500000 0.499903 0.250864 0.377134 0.319892 
0.500000 0.499901 0.250863 0.377135 0.319892 
0.500000 0.499899 0.250863 0.377135 0.319892 
0.500000 0.499898 0.250862 0.377135 0.319892 
0.440679 0.499896 0.250861 0.377136 0.319891 
0.500000 0.499917 0.250861 0.377136 0.319891 
0.500000 0.499914 0.250868 0.377136 0.319891 
0.500000 0.499911 0.250868 0.377133 0.319891 
0.500000 0.499908 0.250867 0.377133 0.319892 
0.500000 0.499906 0.250865 0.377133 0.319893 
0.500000 0.499904 0.250865 0.377134 0.319892 
0.500000 0.499902 0.250864 0.377134 0.319892 
0.500000 0.499900 0.250863 0.377135 0.319892 
0.500000 0.499898 0.250862 0.377135 0.319892 
0.440679 0.499896 0.250861 0.377136 0.319892 
0.500000 0.499917 0.250861 0.377136 0.319891 
0.500000 0.499914 0.250868 0.377136 0.319891 
0.500000 0.499911 0.250868 0.377133 0.319891 
0.500000 0.499909 0.250867 0.377133 0.319892 
0.500000 0.499906 0.250866 0.377133 0.319893 
0.500000 0.499904 0.250865 0.377134 0.319892 
0.500000 0.499902 0.250864 0.377134 0.319892 
0.500000 0.499900 0.250863 0.377135 0.319892 
0.500000 0.499898 0.250862 0.377135 0.319892 
0.440679 0.499896 0.250861 0.377136 0.319892 
0.500000 0.499917 0.250861 0.377136 0.319891 
0.500000 0.499914 0.250868 0.377136 0.319891 
0.500000 0.499911 0.250868 0.377133 0.319891 
0.500000 0.499909 0.250867 0.377133 0.319892 
0.500000 0.499906 0.250866 0.377133 0.319893 
0.500000 0.499904 0.250865 0.377134 0.319892 
0.500000 0.499902 0.250864 0.377134 0.319892 
0.500000 0.499900 0.250863 0.377135 0.319892 
0.500000 0.499898 0.250862 0.377135 0.319892 
0.500000 0.268941 0.268941 0.500000 0.500000 
0.500000 0.359370 0.194364 0.368680 0.500000 
0.500000 0.436872 0.196864 0.404024 0.323582 
0.500000 0.473557 0.222165 0.402820 0.308307 
0.500000 0.486776 0.239189 0.390710 0.308820 
0.500000 0.492264 0.245725 0.382635 0.314014 
0.500000 0.495042 0.247933 0.379552 0.317503 
0.500000 0.496636 0.248938 0.378513 0.318841 
0.500000 0.497614 0.249548 0.378040 0.319292 
0.500000 0.498243 0.249941 0.377753 0.319498 
0.440679 0.498664 0.250196 0.377568 0.319623 
0.500000 0.499176 0.250366 0.377448 0.319703 
0.500000 0.499322 0.250557 0.377369 0.319755 
0.500000 0.499431 0.250635 0.377279 0.319790 
0.500000 0.499514 0.250677 0.377242 0.319829 
0.500000 0.499578 0.250708 0.377223 0.319845 
0.500000 0.499629 0.250734 0.377208 0.319853 
0.500000 0.499669 0.250754 0.377196 0.319860 
0.500000 0.499701 0.250770 0.377186 0.319865 
0.500000 0.499727 0.250783 0.377179 0.319869 
0.440679 0.499749 0.250794 0.377173 0.319873 
0.500000 0.499817 0.250802 0.377168 0.319875 
0.500000 0.499824 0.250826 0.377164 0.319877 
0.500000 0.499831 0.250833 0.377153 0.319879 
0.500000 0.499837 0.250835 0.377149 0.319884 
0.500000 0.499842 0.250837 0.377148 0.319885 
0.500000 0.499846 0.250839 0.377147 0.319886 
0.500000 0.499850 0.250841 0.377146 0.319886 
0.500000 0.499854 0.250842 0.377146 0.319887 
0.500000 0.499857 0.250844 0.377145 0.319887 
0.440679 0.499859 0.250845 0.377144 0.319887 
0.500000 0.499891 0.250846 0.377144 0.319888 
0.500000 0.499890 0.250857 0.377143 0.319888 
0.500000 0.499889 0.250859 0.377138 0.319888 
0.500000 0.499888 0.250858 0.377137 0.319890 
0.500000 0.499888 0.250858 0.377137 0.319891 
0.500000 0.499887 0.250857 0.377138 0.319891 
0.500000 0.499886 0.250857 0.377138 0.319890 
0.500000 0.499886 0.250857 0.377138 0.319890 
0.500000 0.499885 0.250857 0.377138 0.319890 
0.440679 0.499885 0.250856 0.377138 0.319890 
0.500000 0.499909 0.250856 0.377138 0.319890 
0.500000 0.499906 0.250864 0.377138 0.319890 
0.500000 0.499904 0.250865 0.377135 0.319890 
0.500000 0.499902 0.250864 0.377134 0.319892 
0.500000 0.499900 0.250863 0.377135 0.319892 
0.500000 0.499898 0.250862 0.377135 0.319892 
0.500000 0.499897 0.250861 0.377136 0.319892 
0.500000 0.499895 0.250861 0.377136 0.319891 
0.500000 0.499894 0.250860 0.377136 0.319891 
0.440679 0.499893 0.250860 0.377136 0.319891 
0.500000 0.499914 0.250859 0.377137 0.319891 
0.500000 0.499912 0.250867 0.377137 0.319891 
0.500000 0.499909 0.250867 0.377133 0.319891 
0.500000 0.499906 0.250866 0.377133 0.319892 
0.500000 0.499904 0.250865 0.377134 0.319892 
0.500000 0.499902 0.250864 0.377134 0.319892 
0.500000 0.499900 0.250863 0.377135 0.319892 
0.500000 0.499898 0.250862 0.377135 0.319892 
0.500000 0.499897 0.250861 0.377136 0.319892 
0.440679 0.499895 0.250861 0.377136 0.319891 
0.500000 0.499916 0.250860 0.377136 0.319891 
0.500000 0.499913 0.250867 0.377136 0.319891 
0.500000 0.499911 0.250868 0.377133 0.319891 
0.500000 0.499908 0.250866 0.377133 0.319892 
0.500000 0.499905 0.250865 0.377134 0.319893 
0.500000 0.499903 0.250864 0.377134 0.319892 
0.500000 0.499901 0.250863 0.377135 0.319892 
0.500000 0.499899 0.250863 0.377135 0.319892 
0.500000 0.499898 0.250862 0.377135 0.319892 
0.440679 0.499896 0.250861 0.377136 0.319891 
0.500000 0.499917 0.250861 0.377136 0.319891 
0.500000 0.499914 0.250868 0.377136 0.319891 
0.500000 0.499911 0.250868 0.377133 0.319891 
0.500000 0.499908 0.250867 0.377133 0.319892 
0.500000 0.499906 0.250865 0.377133 0.319893 
0.500000 0.499904 0.250865 0.377134 0.319892 
0.500000 0.499902 0.250864 0.377134 0.319892 
0.500000 0.499900 0.250863 0.377135 0.319892 
0.500000 0.499898 0.250862 0.377135 0.319892 
0.440679 0.499896 0.250861 0.377136 0.319892 
0.500000 0.499917 0.250861 0.377136 0.319891 
0.500000 0.499914 0.250868 0.377136 0.319891 
0.500000 0.499911 0.250868 0.377133 0.319891 
0.500000 0.499909 0.250867 0.377133 0.319892 
0.500000 0.499906 0.250866 0.377133 0.319893 
0.500000 0.499904 0.250865 0.377134 0.319892 
0.500000 0.499902 0.250864 0.377134 0.319892 
0.500000 0.499900 0.250863 0.377135 0.319892 
0.500000 0.499898 0.250862 0.377135 0.319892 
0.440679 0.499896 0.250861 0.377136 0.319892 
0.500000 0.499917 0.250861 0.377136 0.319891 
0.500000 0.499914 0.250868 0.377136 0.319891 
0.500000 0.499911 0.250868 0.377133 0.319891 
0.500000 0.499909 0.250867 0.377133 0.319892 
0.500000 0.499906 0.250866 0.377133 0.319893 
0.500000 0.499904 0.250865 0.377134 0.319892 
0.500000 0.499902 0.250864 0.377134 0.319892 
0.500000 0.499900 0.250863 0.377135 0.319892 
0.500000 0.499898 0.250862 0.377135 0.319892 
0.500000 0.268941 0.268941 0.500000 0.500000 
0.500000 0.359370 0.500000 0.368680 0.500000 
0.500000 0.334791 0.500000 0.500000 0.323582 
0.500000 0.328246 0.500000 0.500000 0.500000 
0.500000 0.322308 0.500000 0.500000 0.500000 
0.500000 0.316938 0.500000 0.500000 0.500000 
0.500000 0.312089 0.500000 0.500000 0.500000 
0.500000 0.307720 0.500000 0.500000 0.500000 
0.500000 0.303787 0.500000 0.500000 0.500000 
0.500000 0.300249 0.500000 0.500000 0.500000 
0.440679 0.297069 0.500000 0.500000 0.500000 
0.500000 0.318662 0.500000 0.500000 0.500000 
0.500000 0.313645 0.500000 0.500000 0.500000 
0.500000 0.309121 0.500000 0.500000 0.500000 
0.500000 0.305047 0.500000 0.500000 0.500000 
0.500000 0.301383 0.500000 0.500000 0.500000 
0.500000 0.298088 0.500000 0.500000 0.500000 
0.500000 0.295128 0.500000 0.500000 0.500000 
0.500000 0.292469 0.500000 0.500000 0.500000 
0.500000 0.290081 0.500000 0.500000 0.500000 
0.440679 0.287937 0.500000 0.500000 0.500000 
0.500000 0.310404 0.500000 0.500000 0.500000 
0.500000 0.306202 0.500000 0.500000 0.500000 
0.500000 0.302422 0.500000 0.500000 0.500000 
0.500000 0.299022 0.500000 0.500000 0.500000 
0.500000 0.295967 0.500000 0.500000 0.500000 
0.500000 0.293223 0.500000 0.500000 0.500000 
0.500000 0.290758 0.500000 0.500000 0.500000 
0.500000 0.288545 0.500000 0.500000 0.500000 
0.500000 0.286557 0.500000 0.500000 0.500000 
0.440679 0.284773 0.500000 0.500000 0.500000 
0.500000 0.307520 0.500000 0.500000 0.500000 
0.500000 0.303607 0.500000 0.500000 0.500000 
0.500000 0.300088 0.500000 0.500000 0.500000 
0.500000 0.296924 0.500000 0.500000 0.500000 
0.500000 0.294083 0.500000 0.500000 0.500000 
0.500000 0.291530 0.500000 0.500000 0.500000 
0.500000 0.289238 0.500000 0.500000 0.500000 
0.500000 0.287180 0.500000 0.500000 0.500000 
0.500000 0.285332 0.500000 0.500000 0.500000 
0.440679 0.283673 0.500000 0.500000 0.500000 
0.500000 0.306514 0.500000 0.500000 0.500000 
0.500000 0.302702 0.500000 0.500000 0.500000 
0.500000 0.299274 0.500000 0.500000 0.500000 
0.500000 0.296194 0.500000 0.500000 0.500000 
0.500000 0.293426 0.500000 0.500000 0.500000 
0.500000 0.290941 0.500000 0.500000 0.500000 
0.500000 0.288709 0.500000 0.500000 0.500000 
0.500000 0.286705 0.500000 0.500000 0.500000 
0.500000 0.284905 0.500000 0.500000 0.500000 
0.440679 0.283289 0.500000 0.500000 0.500000 
0.500000 0.306164 0.500000 0.500000 0.500000 
0.500000 0.302387 0.500000 0.500000 0.500000 
0.500000 0.298991 0.500000 0.500000 0.500000 
0.500000 0.295939 0.500000 0.500000 0.500000 
0.500000 0.293197 0.500000 0.500000 0.500000 
0.500000 0.290735 0.500000 0.500000 0.500000 
0.500000 0.288524 0.500000 0.500000 0.500000 
0.500000 0.286539 0.500000 0.500000 0.500000 
0.500000 0.284756 0.500000 0.500000 0.500000 
0.440679 0.283156 0.500000 0.500000 0.500000 
0.500000 0.306042 0.500000 0.500000 0.500000 
0.500000 0.302277 0.500000 0.500000 0.500000 
0.500000 0.298892 0.500000 0.500000 0.500000 
0.500000 0.295850 0.500000 0.500000 0.500000 
0.500000 0.293118 0.500000 0.500000 0.500000 
0.500000 0.290664 0.500000 0.500000 0.500000 
0.500000 0.288460 0.500000 0.500000 0.500000 
0.500000 0.286481 0.500000 0.500000 0.500000 
0.500000 0.284705 0.500000 0.500000 0.500000 
0.440679 0.283109 0.500000 0.500000 0.500000 
0.500000 0.305999 0.500000 0.500000 0.500000 
0.500000 0.302238 0.500000 0.500000 0.500000 
0.500000 0.298857 0.500000 0.500000 0.500000 
0.500000 0.295819 0.500000 0.500000 0.500000 
0.500000 0.293090 0.500000 0.500000 0.500000 
0.500000 0.290639 0.500000 0.500000 0.500000 
0.500000 0.288438 0.500000 0.500000 0.500000 
0.500000 0.286461 0.500000 0.500000 0.500000 
0.500000 0.284687 0.500000 0.500000 0.500000 
0.440679 0.283093 0.500000 0.500000 0.500000 
0.500000 0.305984 0.500000 0.500000 0.500000 
0.500000 0.302225 0.500000 0.500000 0.500000 
0.500000 0.298845 0.500000 0.500000 0.500000 
0.500000 0.295808 0.500000 0.500000 0.500000 
0.500000 0.293080 0.500000 0.500000 0.500000 
0.500000 0.290630 0.500000 0.500000 0.500000 
0.500000 0.288430 0.500000 0.500000 0.500000 
0.500000 0.286454 0.500000 0.500000 0.500000 
0.500000 0.284680 0.500000 0.500000 0.500000 
0.440679 0.283087 0.500000 0.500000 0.500000 
0.500000 0.305979 0.500000 0.500000 0.500000 
0.500000 0.302220 0.500000 0.500000 0.500000 
0.500000 0.298841 0.500000 0.500000 0.500000 
0.500000 0.295805 0.500000 0.500000 0.500000 
0.500000 0.293077 0.500000 0.500000 0.500000 
0.500000 0.290627 0.500000 0.500000 0.500000 
0.500000 0.288427 0.500000 0.500000 0.500000 
0.500000 0.286452 0.500000 0.500000 0.500000 
0.500000 0.284678 0.500000 0.500000 0.500000 
0.500000 0.268941 0.268941 0.500000 0.500000 
0.500000 0.359370 0.194364 0.368680 0.500000 
0.500000 0.436872 0.196864 0.404024 0.323582 
0.500000 0.473557 0.222165 0.402820 0.308307 
0.500000 0.486776 0.239189 0.390710 0.308820 
0.500000 0.492264 0.245725 0.382635 0.314014 
0.500000 0.495042 0.247933 0.379552 0.317503 
0.500000 0.496636 0.248938 0.378513 0.318841 
0.500000 0.497614 0.249548 0.378040 0.319292 
0.500000 0.498243 0.249941 0.377753 0.319498 
0.440679 0.498664 0.250196 0.377568 0.319623 
0.500000 0.499176 0.250366 0.377448 0.319703 
0.500000 0.499322 0.250557 0.377369 0.319755 
0.500000 0.499431 0.250635 0.377279 0.319790 
0.500000 0.499514 0.250677 0.377242 0.319829 
0.500000 0.499578 0.250708 0.377223 0.319845 
0.500000 0.499629 0.250734 0.377208 0.319853 
0.500000 0.499669 0.250754 0.377196 0.319860 
0.500000 0.499701 0.250770 0.377186 0.319865 
0.500000 0.499727 0.250783 0.377179 0.319869 
0.440679 0.499749 0.250794 0.377173 0.319873 
0.500000 0.499817 0.250802 0.377168 0.319875 
0.500000 0.499824 0.250826 0.377164 0.319877 
0.500000 0.499831 0.250833 0.377153 0.319879 
0.500000 0.499837 0.250835 0.377149 0.319884 
0.500000 0.499842 0.250837 0.377148 0.319885 
0.500000 0.499846 0.250839 0.377147 0.319886 
0.500000 0.499850 0.250841 0.377146 0.319886 
0.500000 0.499854 0.250842 0.377146 0.319887 
0.500000 0.499857 0.250844 0.377145 0.319887 
0.440679 0.499859 0.250845 0.377144 0.319887 
0.500000 0.499891 0.250846 0.377144 0.319888 
0.500000 0.499890 0.250857 0.377143 0.319888 
0.500000 0.499889 0.250859 0.377138 0.319888 
0.500000 0.499888 0.250858 0.377137 0.319890 
0.500000 0.499888 0.250858 0.377137 0.319891 
0.500000 0.499887 0.250857 0.377138 0.319891 
0.500000 0.499886 0.250857 0.377138 0.319890 
0.500000 0.499886 0.250857 0.377138 0.319890 
0.500000 0.499885 0.250857 0.377138 0.319890 
0.440679 0.499885 0.250856 0.377138 0.319890 
0.500000 0.499909 0.250856 0.377138 0.319890 
0.500000 0.499906 0.250864 0.377138 0.319890 
0.500000 0.499904 0.250865 0.377135 0.319890 
0.500000 0.499902 0.250864 0.377134 0.319892 
0.500000 0.499900 0.250863 0.377135 0.319892 
0.500000 0.499898 0.250862 0.377135 0.319892 
0.500000 0.499897 0.250861 0.377136 0.319892 
0.500000 0.499895 0.250861 0.377136 0.319891 
0.500000 0.499894 0.250860 0.377136 0.319891 
0.440679 0.499893 0.250860 0.377136 0.319891 
0.500000 0.499914 0.250859 0.377137 0.319891 
0.500000 0.499912 0.250867 0.377137 0.319891 
0.500000 0.499909 0.250867 0.377133 0.319891 
0.500000 0.499906 0.250866 0.377133 0.319892 
0.500000 0.499904 0.250865 0.377134 0.319892 
0.500000 0.499902 0.250864 0.377134 0.319892 
0.500000 0.499900 0.250863 0.377135 0.319892 
0.500000 0.499898 0.250862 0.377135 0.319892 
0.500000 0.499897 0.250861 0.377136 0.319892 
0.440679 0.499895 0.250861 0.377136 0.319891 
0.500000 0.499916 0.250860 0.377136 0.319891 
0.500000 0.499913 0.250867 0.377136 0.319891 
0.500000 0.499911 0.250868 0.377133 0.319891 
0.500000 0.499908 0.250866 0.377133 0.319892 
0.500000 0.499905 0.250865 0.377134 0.319893 
0.500000 0.499903 0.250864 0.377134 0.319892 
0.500000 0.499901 0.250863 0.377135 0.319892 
0.500000 0.499899 0.250863 0.377135 0.319892 
0.500000 0.499898 0.250862 0.377135 0.319892 
0.440679 0.499896 0.250861 0.377136 0.319891 
0.500000 0.499917 0.250861 0.377136 0.319891 
0.500000 0.499914 0.250868 0.377136 0.319891 
0.500000 0.499911 0.250868 0.377133 0.319891 
0.500000 0.499908 0.250867 0.377133 0.319892 
0.500000 0.499906 0.250865 0.377133 0.319893 
0.500000 0.499904 0.250865 0.377134 0.319892 
0.500000 0.499902 0.250864 0.377134 0.319892 
0.500000 0.499900 0.250863 0.377135 0.319892 
0.500000 0.499898 0.250862 0.377135 0.319892 
0.440679 0.499896 0.250861 0.377136 0.319892 
0.500000 0.499917 0.250861 0.377136 0.319891 
0.500000 0.499914 0.250868 0.377136 0.319891 
0.500000 0.499911 0.250868 0.377133 0.319891 
0.500000 0.499909 0.250867 0.377133 0.319892 
0.500000 0.499906 0.250866 0.377133 0.319893 
0.500000 0.499904 0.250865 0.377134 0.319892 
0.500000 0.499902 0.250864 0.377134 0.319892 
0.500000 0.499900 0.250863 0.377135 0.319892 
0.500000 0.499898 0.250862 0.377135 0.319892 
0.440679 0.499896 0.250861 0.377136 0.319892 
0.500000 0.499917 0.250861 0.377136 0.319891 
0.500000 0.499914 0.250868 0.377136 0.319891 
0.500000 0.499911 0.250868 0.377133 0.319891 
0.500000 0.499909 0.250867 0.377133 0.319892 
0.500000 0.499906 0.250866 0.377133 0.319893 
0.500000 0.499904 0.250865 0.377134 0.319892 
0.500000 0.499902 0.250864 0.377134 0.319892 
0.500000 0.499900 0.250863 0.377135 0.319892 
0.500000 0.499898 0.250862 0.377135 0.319892 
0.500000 0.268941 0.268941 0.500000 0.500000 
0.500000 0.359370 0.194364 0.368680 0.500000 
0.500000 0.436872 0.180658 0.404024 0.323582 
0.500000 0.475841 0.203408 0.410641 0.308307 
0.500000 0.489081 0.221215 0.399676 0.305492 
0.500000 0.494127 0.225997 0.391162 0.310164 
0.500000 0.496533 0.226113 0.388887 0.313819 
0.500000 0.497839 0.226220 0.388832 0.314800 
0.500000 0.498588 0.226616 0.388781 0.314824 
0.500000 0.499036 0.226905 0.388593 0.314846 
0.440679 0.499315 0.227045 0.388455 0.314927 
0.500000 0.499603 0.227118 0.388389 0.314986 
0.500000 0.499691 0.227200 0.388354 0.315015 
0.500000 0.499754 0.227234 0.388315 0.315030 
0.500000 0.499799 0.227248 0.388299 0.315047 
0.500000 0.499833 0.227260 0.388292 0.315053 
0.500000 0.499858 0.227271 0.388287 0.315056 
0.500000 0.499878 0.227279 0.388282 0.315059 
0.500000 0.499893 0.227285 0.388278 0.315061 
0.500000 0.499905 0.227290 0.388275 0.315063 
0.440679 0.499915 0.227293 0.388273 0.315064 
0.500000 0.499939 0.227296 0.388271 0.315065 
0.500000 0.499943 0.227304 0.388269 0.315066 
0.500000 0.499946 0.227306 0.388266 0.315066 
0.500000 0.499949 0.227306 0.388265 0.315068 
0.500000 0.499951 0.227307 0.388265 0.315068 
0.500000 0.499953 0.227308 0.388264 0.315068 
0.500000 0.499955 0.227308 0.388264 0.315069 
0.500000 0.499956 0.227309 0.388264 0.315069 
0.500000 0.499958 0.227309 0.388263 0.315069 
0.440679 0.499959 0.227310 0.388263 0.315069 
0.500000 0.499968 0.227310 0.388263 0.315069 
0.500000 0.499968 0.227313 0.388263 0.315069 
0.500000 0.499968 0.227314 0.388261 0.315069 
0.500000 0.499968 0.227313 0.388261 0.315070 
0.500000 0.499968 0.227313 0.388261 0.315070 
0.500000 0.499968 0.227313 0.388261 0.315070 
0.500000 0.499968 0.227313 0.388261 0.315070 
0.500000 0.499968 0.227313 0.388261 0.315070 
0.500000 0.499968 0.227313 0.388261 0.315070 
0.440679 0.499968 0.227313 0.388261 0.315070 
0.500000 0.499975 0.227313 0.388261 0.315070 
0.500000 0.499974 0.227315 0.388261 0.315070 
0.500000 0.499974 0.227315 0.388260 0.315070 
0.500000 0.499973 0.227315 0.388260 0.315070 
0.500000 0.499973 0.227315 0.388261 0.315070 
0.500000 0.499972 0.227315 0.388261 0.315070 
0.500000 0.499972 0.227314 0.388261 0.315070 
0.500000 0.499971 0.227314 0.388261 0.315070 
0.500000 0.499971 0.227314 0.388261 0.315070 
0.440679 0.499971 0.227314 0.388261 0.315070 
0.500000 0.499977 0.227314 0.388261 0.315070 
0.500000 0.499976 0.227316 0.388261 0.315070 
0.500000 0.499975 0.227316 0.388260 0.315070 
0.500000 0.499975 0.227315 0.388260 0.315070 
0.500000 0.499974 0.227315 0.388260 0.315070 
0.500000 0.499973 0.227315 0.388260 0.315070 
0.500000 0.499973 0.227315 0.388261 0.315070 
0.500000 0.499972 0.227315 0.388261 0.315070 
0.500000 0.499972 0.227314 0.388261 0.315070 
0.440679 0.499972 0.227314 0.388261 0.315070 
0.500000 0.499977 0.227314 0.388261 0.315070 
0.500000 0.499976 0.227316 0.388261 0.315070 
0.500000 0.499976 0.227316 0.388260 0.315070 
0.500000 0.499975 0.227316 0.388260 0.315070 
0.500000 0.499974 0.227315 0.388260 0.315070 
0.500000 0.499974 0.227315 0.388260 0.315070 
0.500000 0.499973 0.227315 0.388260 0.315070 
0.500000 0.499973 0.227315 0.388261 0.315070 
0.500000 0.499972 0.227315 0.388261 0.315070 
0.440679 0.499972 0.227314 0.388261 0.315070 
0.500000 0.499978 0.227314 0.388261 0.315070 
0.500000 0.499977 0.227316 0.388261 0.315070 
0.500000 0.499976 0.227316 0.388260 0.315070 
0.500000 0.499975 0.227316 0.388260 0.315070 
0.500000 0.499975 0.227315 0.388260 0.315070 
0.500000 0.499974 0.227315 0.388260 0.315070 
0.500000 0.499973 0.227315 0.388260 0.315070 
0.500000 0.499973 0.227315 0.388261 0.315070 
0.500000 0.499972 0.227315 0.388261 0.315070 
0.440679 0.499972 0.227314 0.388261 0.315070 
0.500000 0.499978 0.227314 0.388261 0.315070 
0.500000 0.499977 0.227316 0.388261 0.315070 
0.500000 0.499976 0.227316 0.388260 0.315070 
0.500000 0.499975 0.227316 0.388260 0.315070 
0.500000 0.499975 0.227315 0.388260 0.315070 
0.500000 0.499974 0.227315 0.388260 0.315070 
0.500000 0.499973 0.227315 0.388260 0.315070 
0.500000 0.499973 0.227315 0.388261 0.315070 
0.500000 0.499972 0.227315 0.388261 0.315070 
0.440679 0.499972 0.227315 0.388261 0.315070 
0.500000 0.499978 0.227314 0.388261 0.315070 
0.500000 0.499977 0.227316 0.388261 0.315070 
0.500000 0.499976 0.227316 0.388260 0.315070 
0.500000 0.499975 0.227316 0.388260 0.315070 
0.500000 0.499975 0.227315 0.388260 0.315070 
0.500000 0.499974 0.227315 0.388260 0.315070 
0.500000 0.499973 0.227315 0.388260 0.315070 
0.500000 0.499973 0.227315 0.388261 0.315070 
0.500000 0.499972 0.227315 0.388261 0.315070 
0.500000 0.268941 0.268941 0.500000 0.500000 
0.500000 0.359370 0.194364 0.368680 0.500000 
0.500000 0.436872 0.177779 0.404024 0.323582 
0.500000 0.476242 0.199977 0.412035 0.308307 
0.500000 0.489467 0.218079 0.401323 0.304900 
0.500000 0.494419 0.222636 0.392657 0.309460 
0.500000 0.496752 0.222365 0.390485 0.313176 
0.500000 0.498006 0.222327 0.390614 0.314111 
0.500000 0.498716 0.222725 0.390633 0.314055 
0.500000 0.499134 0.223018 0.390443 0.314047 
0.440679 0.499392 0.223141 0.390304 0.314129 
0.500000 0.499651 0.223198 0.390245 0.314189 
0.500000 0.499732 0.223267 0.390218 0.314214 
0.500000 0.499788 0.223296 0.390185 0.314226 
0.500000 0.499828 0.223308 0.390171 0.314240 
0.500000 0.499858 0.223318 0.390165 0.314246 
0.500000 0.499880 0.223327 0.390161 0.314249 
0.500000 0.499897 0.223334 0.390156 0.314251 
0.500000 0.499911 0.223339 0.390153 0.314252 
0.500000 0.499921 0.223343 0.390151 0.314254 
0.440679 0.499930 0.223346 0.390149 0.314255 
0.500000 0.499950 0.223349 0.390147 0.314256 
0.500000 0.499953 0.223355 0.390146 0.314256 
0.500000 0.499956 0.223357 0.390143 0.314257 
0.500000 0.499958 0.223357 0.390143 0.314258 
0.500000 0.499960 0.223357 0.390142 0.314258 
0.500000 0.499962 0.223358 0.390142 0.314259 
0.500000 0.499963 0.223359 0.390142 0.314259 
0.500000 0.499965 0.223359 0.390142 0.314259 
0.500000 0.499966 0.223359 0.390141 0.314259 
0.440679 0.499967 0.223360 0.390141 0.314259 
0.500000 0.499974 0.223360 0.390141 0.314259 
0.500000 0.499974 0.223362 0.390141 0.314259 
0.500000 0.499974 0.223363 0.390140 0.314259 
0.500000 0.499974 0.223362 0.390140 0.314260 
0.500000 0.499974 0.223362 0.390140 0.314260 
0.500000 0.499974 0.223362 0.390140 0.314260 
0.500000 0.499974 0.223362 0.390140 0.314260 
0.500000 0.499974 0.223362 0.390140 0.314260 
0.500000 0.499974 0.223362 0.390140 0.314260 
0.440679 0.499974 0.223362 0.390140 0.314260 
0.500000 0.499980 0.223362 0.390140 0.314260 
0.500000 0.499979 0.223364 0.390140 0.314260 
0.500000 0.499979 0.223364 0.390139 0.314260 
0.500000 0.499978 0.223364 0.390139 0.314260 
0.500000 0.499978 0.223364 0.390139 0.314260 
0.500000 0.499978 0.223364 0.390139 0.314260 
0.500000 0.499977 0.223363 0.390139 0.314260 
0.500000 0.499977 0.223363 0.390139 0.314260 
0.500000 0.499977 0.223363 0.390139 0.314260 
0.440679 0.499977 0.223363 0.390139 0.314260 
0.500000 0.499981 0.223363 0.390139 0.314260 
0.500000 0.499981 0.223364 0.390139 0.314260 
0.500000 0.499980 0.223365 0.390139 0.314260 
0.500000 0.499980 0.223364 0.390139 0.314260 
0.500000 0.499979 0.223364 0.390139 0.314260 
0.500000 0.499979 0.223364 0.390139 0.314260 
0.500000 0.499978 0.223364 0.390139 0.314260 
0.500000 0.499978 0.223364 0.390139 0.314260 
0.500000 0.499978 0.223364 0.390139 0.314260 
0.440679 0.499977 0.223363 0.390139 0.314260 
0.500000 0.499982 0.223363 0.390139 0.314260 
0.500000 0.499981 0.223365 0.390139 0.314260 
0.500000 0.499981 0.223365 0.390139 0.314260 
0.500000 0.499980 0.223364 0.390139 0.314260 
0.500000 0.499980 0.223364 0.390139 0.314260 
0.500000 0.499979 0.223364 0.390139 0.314260 
0.500000 0.499979 0.223364 0.390139 0.314260 
0.500000 0.499978 0.223364 0.390139 0.314260 
0.500000 0.499978 0.223364 0.390139 0.314260 
0.440679 0.499978 0.223363 0.390139 0.314260 
0.500000 0.499982 0.223363 0.390139 0.314260 
0.500000 0.499981 0.223365 0.390139 0.314260 
0.500000 0.499981 0.223365 0.390139 0.314260 
0.500000 0.499980 0.223364 0.390139 0.314260 
0.500000 0.499980 0.223364 0.390139 0.314260 
0.500000 0.499979 0.223364 0.390139 0.314260 
0.500000 0.499979 0.223364 0.390139 0.314260 
0.500000 0.499978 0.223364 0.390139 0.314260 
0.500000 0.499978 0.223364 0.390139 0.314260 
0.440679 0.499978 0.223364 0.390139 0.314260 
0.500000 0.499982 0.223363 0.390139 0.314260 
0.500000 0.499981 0.223365 0.390139 0.314260 
0.500000 0.499981 0.223365 0.390139 0.314260 
0.500000 0.499980 0.223364 0.390139 0.314260 
0.500000 0.499980 0.223364 0.390139 0.314260 
0.500000 0.499979 0.223364 0.390139 0.314260 
0.500000 0.499979 0.223364 0.390139 0.314260 
0.500000 0.499978 0.223364 0.390139 0.314260 
0.500000 0.499978 0.223364 0.390139 0.314260 
0.440679 0.499978 0.223364 0.390139 0.314260 
0.500000 0.499982 0.223363 0.390139 0.314260 
0.500000 0.499981 0.223365 0.390139 0.314260 
0.500000 0.499981 0.223365 0.390139 0.314260 
0.500000 0.499980 0.223364 0.390139 0.314260 
0.500000 0.499980 0.223364 0.390139 0.314260 
0.500000 0.499979 0.223364 0.390139 0.314260 
0.500000 0.499979 0.223364 0.390139 0.314260 
0.500000 0.499978 0.223364 0.390139 0.314260 
0.500000 0.499978 0.223364 0.390139 0.314260 
0.500000 0.268941 0.268941 0.500000 0.500000 
0.500000 0.359370 0.194364 0.368680 0.500000 
0.500000 0.427554 0.177779 0.404024 0.323582 
0.500000 0.469578 0.197677 0.412035 0.308307 
0.500000 0.485479 0.215667 0.402429 0.304900 
0.500000 0.491713 0.221312 0.393808 0.308987 
0.500000 0.494763 0.221664 0.391116 0.312681 
0.500000 0.496512 0.221801 0.390948 0.313839 
0.500000 0.497580 0.222286 0.390883 0.313911 
0.500000 0.498255 0.222675 0.390652 0.313939 
0.440679 0.498697 0.222879 0.390467 0.314039 
0.500000 0.499209 0.222992 0.390370 0.314119 
0.500000 0.499360 0.223135 0.390316 0.314160 
0.500000 0.499470 0.223191 0.390248 0.314184 
0.500000 0.499553 0.223214 0.390221 0.314213 
0.500000 0.499616 0.223234 0.390211 0.314224 
0.500000 0.499665 0.223253 0.390201 0.314229 
0.500000 0.499704 0.223269 0.390192 0.314233 
0.500000 0.499735 0.223280 0.390184 0.314237 
0.500000 0.499760 0.223290 0.390179 0.314240 
0.440679 0.499781 0.223297 0.390174 0.314243 
0.500000 0.499841 0.223303 0.390171 0.314245 
0.500000 0.499848 0.223321 0.390168 0.314246 
0.500000 0.499855 0.223326 0.390159 0.314248 
0.500000 0.499860 0.223326 0.390157 0.314251 
0.500000 0.499865 0.223327 0.390157 0.314252 
0.500000 0.499869 0.223329 0.390157 0.314252 
0.500000 0.499873 0.223330 0.390156 0.314252 
0.500000 0.499876 0.223331 0.390155 0.314253 
0.500000 0.499879 0.223332 0.390155 0.314253 
0.440679 0.499882 0.223333 0.390154 0.314253 
0.500000 0.499909 0.223334 0.390154 0.314253 
0.500000 0.499908 0.223342 0.390153 0.314254 
0.500000 0.499907 0.223343 0.390150 0.314254 
0.500000 0.499907 0.223342 0.390149 0.314255 
0.500000 0.499906 0.223341 0.390150 0.314256 
0.500000 0.499906 0.223341 0.390150 0.314255 
0.500000 0.499906 0.223341 0.390150 0.314255 
0.500000 0.499905 0.223341 0.390150 0.314255 
0.500000 0.499905 0.223341 0.390150 0.314255 
0.440679 0.499905 0.223341 0.390150 0.314255 
0.500000 0.499925 0.223341 0.390150 0.314255 
0.500000 0.499923 0.223347 0.390150 0.314255 
0.500000 0.499921 0.223347 0.390147 0.314255 
0.500000 0.499919 0.223346 0.390147 0.314256 
0.500000 0.499917 0.223345 0.390148 0.314257 
0.500000 0.499916 0.223345 0.390148 0.314256 
0.500000 0.499915 0.223344 0.390148 0.314256 
0.500000 0.499914 0.223344 0.390148 0.314256 
0.500000 0.499912 0.223344 0.390149 0.314256 
0.440679 0.499911 0.223343 0.390149 0.314256 
0.500000 0.499929 0.223343 0.390149 0.314256 
0.500000 0.499927 0.223348 0.390149 0.314256 
0.500000 0.499925 0.223349 0.390147 0.314256 
0.500000 0.499923 0.223347 0.390146 0.314257 
0.500000 0.499921 0.223346 0.390147 0.314257 
0.500000 0.499919 0.223346 0.390147 0.314257 
0.500000 0.499918 0.223345 0.390148 0.314256 
0.500000 0.499916 0.223345 0.390148 0.314256 
0.500000 0.499915 0.223344 0.390148 0.314256 
0.440679 0.499914 0.223344 0.390148 0.314256 
0.500000 0.499931 0.223344 0.390149 0.314256 
0.500000 0.499929 0.223349 0.390149 0.314256 
0.500000 0.499926 0.223349 0.390146 0.314256 
0.500000 0.499924 0.223348 0.390146 0.314257 
0.500000 0.499922 0.223347 0.390147 0.314257 
0.500000 0.499920 0.223346 0.390147 0.314257 
0.500000 0.499919 0.223346 0.390147 0.314256 
0.500000 0.499917 0.223345 0.390148 0.314256 
0.500000 0.499916 0.223345 0.390148 0.314256 
0.440679 0.499914 0.223344 0.390148 0.314256 
0.500000 0.499932 0.223344 0.390148 0.314256 
0.500000 0.499929 0.223349 0.390149 0.314256 
0.500000 0.499927 0.223349 0.390146 0.314256 
0.500000 0.499925 0.223348 0.390146 0.314257 
0.500000 0.499923 0.223347 0.390147 0.314257 
0.500000 0.499921 0.223346 0.390147 0.314257 
0.500000 0.499919 0.223346 0.390147 0.314256 
0.500000 0.499917 0.223345 0.390148 0.314256 
0.500000 0.499916 0.223345 0.390148 0.314256 
0.440679 0.499915 0.223344 0.390148 0.314256 
0.500000 0.499932 0.223344 0.390148 0.314256 
0.500000 0.499929 0.223349 0.390149 0.314256 
0.500000 0.499927 0.223349 0.390146 0.314256 
0.500000 0.499925 0.223348 0.390146 0.314257 
0.500000 0.499923 0.223347 0.390147 0.314257 
0.500000 0.499921 0.223346 0.390147 0.314257 
0.500000 0.499919 0.223346 0.390147 0.314256 
0.500000 0.499918 0.223345 0.390148 0.314256 
0.500000 0.499916 0.223345 0.390148 0.314256 
0.440679 0.499915 0.223344 0.390148 0.314256 
0.500000 0.499932 0.223344 0.390148 0.314256 
0.500000 0.499929 0.223349 0.390149 0.314256 
0.500000 0.499927 0.223349 0.390146 0.314256 
0.500000 0.499925 0.223348 0.390146 0.314257 
0.500000 0.499923 0.223347 0.390147 0.314257 
0.500000 0.499921 0.223346 0.390147 0.314257 
0.500000 0.499919 0.223346 0.390147 0.314256 
0.500000 0.499918 0.223345 0.390148 0.314256 
0.500000 0.499916 0.223345 0.390148 0.314256 
0.500000 0.268941 0.268941 0.500000 0.500000 
0.500000 0.359370 0.194364 0.368680 0.500000 
0.500000 0.458978 0.177779 0.404024 0.323582 
0.500000 0.488875 0.205594 0.412035 0.308307 
0.500000 0.496055 0.223010 0.398627 0.304900 
0.500000 0.498367 0.224754 0.390307 0.310613 
0.500000 0.499272 0.223220 0.389478 0.314187 
0.500000 0.499652 0.222924 0.390208 0.314545 
0.500000 0.499821 0.223201 0.390348 0.314230 
0.500000 0.499901 0.223349 0.390216 0.314170 
0.440679 0.499942 0.223362 0.390146 0.314227 
0.500000 0.499972 0.223355 0.390140 0.314257 
0.500000 0.499981 0.223360 0.390143 0.314260 
0.500000 0.499987 0.223365 0.390141 0.314258 
0.500000 0.499991 0.223367 0.390138 0.314259 
0.500000 0.499993 0.223368 0.390138 0.314260 
0.500000 0.499995 0.223368 0.390137 0.314261 
0.500000 0.499996 0.223369 0.390137 0.314261 
0.500000 0.499997 0.223369 0.390137 0.314261 
0.500000 0.499997 0.223369 0.390137 0.314261 
0.440679 0.499998 0.223370 0.390136 0.314261 
0.500000 0.499998 0.223370 0.390136 0.314261 
0.500000 0.499999 0.223370 0.390136 0.314261 
0.500000 0.499999 0.223370 0.390136 0.314261 
0.500000 0.499999 0.223370 0.390136 0.314261 
0.500000 0.499999 0.223370 0.390136 0.314261 
0.500000 0.499999 0.223370 0.390136 0.314261 
0.500000 0.499999 0.223370 0.390136 0.314261 
0.500000 0.499999 0.223370 0.390136 0.314261 
0.500000 0.499999 0.223370 0.390136 0.314261 
0.440679 0.499999 0.223370 0.390136 0.314261 
0.500000 0.499999 0.223370 0.390136 0.314261 
0.500000 0.499999 0.223370 0.390136 0.314261 
0.500000 0.499999 0.223370 0.390136 0.314261 
0.500000 0.499999 0.223370 0.390136 0.314261 
0.500000 0.499999 0.223370 0.390136 0.314261 
0.500000 0.499999 0.223370 0.390136 0.314261 
0.500000 0.499999 0.223370 0.390136 0.314261 
0.500000 0.499999 0.223370 0.390136 0.314261 
0.500000 0.500000 0.223370 0.390136 0.314261 
0.440679 0.500000 0.223370 0.390136 0.314261 
0.500000 0.500000 0.223370 0.390136 0.314261 
0.500000 0.500000 0.223370 0.390136 0.314261 
0.500000 0.500000 0.223370 0.390136 0.314261 
0.500000 0.500000 0.223370 0.390136 0.314261 
0.500000 0.500000 0.223370 0.390136 0.314261 
0.500000 0.500000 0.223370 0.390136 0.314261 
0.500000 0.500000 0.223370 0.390136 0.314261 
0.500000 0.500000 0.223370 0.390136 0.314261 
0.500000 0.500000 0.223370 0.390136 0.314261 
0.440679 0.500000 0.223370 0.390136 0.314261 
0.500000 0.500000 0.223370 0.390136 0.314261 
0.500000 0.500000 0.223370 0.390136 0.314261 
0.500000 0.500000 0.223370 0.390136 0.314261 
0.500000 0.500000 0.223370 0.390136 0.314261 
0.500000 0.500000 0.223370 0.390136 0.314261 
0.500000 0.500000 0.223370 0.390136 0.314261 
0.500000 0.500000 0.223370 0.390136 0.314261 
0.500000 0.500000 0.223370 0.390136 0.314261 
0.500000 0.500000 0.223370 0.390136 0.314261 
0.440679 0.500000 0.223370 0.390136 0.314261 
0.500000 0.500000 0.223370 0.390136 0.314261 
0.500000 0.500000 0.223370 0.390136 0.314261 
0.500000 0.500000 0.223370 0.390136 0.314261 
0.500000 0.500000 0.223370 0.390136 0.314261 
0.500000 0.500000 0.223370 0.390136 0.314261 
0.500000 0.500000 0.223370 0.390136 0.314261 
0.500000 0.500000 0.223370 0.390136 0.314261 
0.500000 0.500000 0.223370 0.390136 0.314261 
0.500000 0.500000 0.223370 0.390136 0.314261 
0.440679 0.500000 0.223370 0.390136 0.314261 
0.500000 0.500000 0.223370 0.390136 0.314261 
0.500000 0.500000 0.223370 0.390136 0.314261 
0.500000 0.500000 0.223370 0.390136 0.314261 
0.500000 0.500000 0.223370 0.390136 0.314261 
0.500000 0.500000 0.223370 0.390136 0.314261 
0.500000 0.500000 0.223370 0.390136 0.314261 
0.500000 0.500000 0.223370 0.390136 0.314261 
0.500000 0.500000 0.223370 0.390136 0.314261 
0.500000 0.500000 0.223370 0.390136 0.314261 
0.440679 0.500000 0.223370 0.390136 0.314261 
0.500000 0.500000 0.223370 0.390136 0.314261 
0.500000 0.500000 0.223370 0.390136 0.314261 
0.500000 0.500000 0.223370 0.390136 0.314261 
0.500000 0.500000 0.223370 0.390136 0.314261 
0.500000 0.500000 0.223370 0.390136 0.314261 
0.500000 0.500000 0.223370 0.390136 0.314261 
0.500000 0.500000 0.223370 0.390136 0.314261 
0.500000 0.500000 0.223370 0.390136 0.314261 
0.500000 0.500000 0.223370 0.390136 0.314261 
0.440679 0.500000 0.223370 0.390136 0.314261 
0.500000 0.500000 0.223370 0.390136 0.314261 
0.500000 0.500000 0.223370 0.390136 0.314261 
0.500000 0.500000 0.223370 0.390136 0.314261 
0.500000 0.500000 0.223370 0.390136 0.314261 
0.500000 0.500000 0.223370 0.390136 0.314261 
0.500000 0.500000 0.223370 0.390136 0.314261 
0.500000 0.500000 0.223370 0.390136 0.314261 
0.500000 0.500000 0.223370 0.390136 0.314261 
0.500000 0.500000 0.223370 0.390136 0.314261 
0.500000 0.268941 0.268941 0.500000 0.500000 
0.500000 0.359370 0.194364 0.368680 0.500000 
0.500000 0.442514 0.177779 0.404024 0.323582 
0.500000 0.479890 0.201389 0.412035 0.308307 
0.500000 0.491514 0.219446 0.400645 0.304900 
0.500000 0.495732 0.223310 0.392005 0.309750 
0.500000 0.497654 0.222683 0.390165 0.313456 
0.500000 0.498637 0.222555 0.390463 0.314249 
0.500000 0.499165 0.222908 0.390524 0.314120 
0.500000 0.499462 0.223152 0.390356 0.314094 
0.440679 0.499637 0.223237 0.390240 0.314167 
0.500000 0.499799 0.223269 0.390200 0.314217 
0.500000 0.499851 0.223311 0.390184 0.314234 
0.500000 0.499886 0.223330 0.390164 0.314241 
0.500000 0.499910 0.223337 0.390155 0.314249 
0.500000 0.499927 0.223343 0.390152 0.314253 
0.500000 0.499940 0.223348 0.390149 0.314255 
0.500000 0.499950 0.223352 0.390146 0.314256 
0.500000 0.499957 0.223355 0.390145 0.314257 
0.500000 0.499963 0.223357 0.390143 0.314258 
0.440679 0.499967 0.223359 0.390142 0.314258 
0.500000 0.499977 0.223360 0.390141 0.314259 
0.500000 0.499979 0.223363 0.390141 0.314259 
0.500000 0.499980 0.223364 0.390139 0.314259 
0.500000 0.499981 0.223364 0.390139 0.314260 
0.500000 0.499982 0.223365 0.390139 0.314260 
0.500000 0.499983 0.223365 0.390139 0.314260 
0.500000 0.499984 0.223365 0.390139 0.314260 
0.500000 0.499985 0.223365 0.390138 0.314260 
0.500000 0.499985 0.223366 0.390138 0.314260 
0.440679 0.499986 0.223366 0.390138 0.314260 
0.500000 0.499989 0.223366 0.390138 0.314260 
0.500000 0.499989 0.223367 0.390138 0.314260 
0.500000 0.499989 0.223367 0.390138 0.314260 
0.500000 0.499989 0.223367 0.390138 0.314261 
0.500000 0.499989 0.223367 0.390138 0.314261 
0.500000 0.499989 0.223367 0.390138 0.314261 
0.500000 0.499989 0.223367 0.390138 0.314261 
0.500000 0.499989 0.223367 0.390138 0.314261 
0.500000 0.499989 0.223367 0.390138 0.314261 
0.440679 0.499989 0.223367 0.390138 0.314261 
0.500000 0.499992 0.223367 0.390138 0.314261 
0.500000 0.499991 0.223368 0.390138 0.314261 
0.500000 0.499991 0.223368 0.390137 0.314261 
0.500000 0.499991 0.223368 0.390137 0.314261 
0.500000 0.499991 0.223368 0.390137 0.314261 
0.500000 0.499991 0.223368 0.390137 0.314261 
0.500000 0.499991 0.223367 0.390137 0.314261 
0.500000 0.499991 0.223367 0.390137 0.314261 
0.500000 0.499990 0.223367 0.390137 0.314261 
0.440679 0.499990 0.223367 0.390137 0.314261 
0.500000 0.499992 0.223367 0.390137 0.314261 
0.500000 0.499992 0.223368 0.390137 0.314261 
0.500000 0.499992 0.223368 0.390137 0.314261 
0.500000 0.499992 0.223368 0.390137 0.314261 
0.500000 0.499991 0.223368 0.390137 0.314261 
0.500000 0.499991 0.223368 0.390137 0.314261 
0.500000 0.499991 0.223368 0.390137 0.314261 
0.500000 0.499991 0.223368 0.390137 0.314261 
0.500000 0.499991 0.223368 0.390137 0.314261 
0.440679 0.499991 0.223367 0.390137 0.314261 
0.500000 0.499993 0.223367 0.390137 0.314261 
0.500000 0.499992 0.223368 0.390137 0.314261 
0.500000 0.499992 0.223368 0.390137 0.314261 
0.500000 0.499992 0.223368 0.390137 0.314261 
0.500000 0.499992 0.223368 0.390137 0.314261 
0.500000 0.499991 0.223368 0.390137 0.314261 
0.500000 0.499991 0.223368 0.390137 0.314261 
0.500000 0.499991 0.223368 0.390137 0.314261 
0.500000 0.499991 0.223368 0.390137 0.314261 
0.440679 0.499991 0.223368 0.390137 0.314261 
0.500000 0.499993 0.223367 0.390137 0.314261 
0.500000 0.499992 0.223368 0.390137 0.314261 
0.500000 0.499992 0.223368 0.390137 0.314261 
0.500000 0.499992 0.223368 0.390137 0.314261 
0.500000 0.499992 0.223368 0.390137 0.314261 
0.500000 0.499991 0.223368 0.390137 0.314261 
0.500000 0.499991 0.223368 0.390137 0.314261 
0.500000 0.499991 0.223368 0.390137 0.314261 
0.500000 0.499991 0.223368 0.390137 0.314261 
0.440679 0.499991 0.223368 0.390137 0.314261 
0.500000 0.499993 0.223368 0.390137 0.314261 
0.500000 0.499992 0.223368 0.390137 0.314261 
0.500000 0.499992 0.223368 0.390137 0.314261 
0.500000 0.499992 0.223368 0.390137 0.314261 
0.500000 0.499992 0.223368 0.390137 0.314261 
0.500000 0.499992 0.223368 0.390137 0.314261 
0.500000 0.499991 0.223368 0.390137 0.314261 
0.500000 0.499991 0.223368 0.390137 0.314261 
0.500000 0.499991 0.223368 0.390137 0.314261 
0.440679 0.499991 0.223368 0.390137 0.314261 
0.500000 0.499993 0.223368 0.390137 0.314261 
0.500000 0.499992 0.223368 0.390137 0.314261 
0.500000 0.499992 0.223368 0.390137 0.314261 
0.500000 0.499992 0.223368 0.390137 0.314261 
0.500000 0.499992 0.223368 0.390137 0.314261 
0.500000 0.499992 0.223368 0.390137 0.314261 
0.500000 0.499991 0.223368 0.390137 0.314261 
0.500000 0.499991 0.223368 0.390137 0.314261 
0.500000 0.499991 0.223368 0.390137 0.314261 
0.500000 0.268941 0.268941 0.500000 0.500000 
0.500000 0.359370 0.194364 0.368680 0.500000 
0.500000 0.442514 0.154807 0.404024 0.323582 
0.500000 0.482580 0.500000 0.423209 0.308307 
0.500000 0.475341 0.500000 0.500000 0.300185 
0.500000 0.467427 0.159154 0.500000 0.500000 
0.500000 0.490024 0.167423 0.421088 0.500000 
0.500000 0.496364 0.165568 0.417062 0.301077 
0.500000 0.498560 0.164462 0.417964 0.302774 
0.500000 0.499380 0.164059 0.418502 0.302393 
0.440679 0.499711 0.163943 0.418699 0.302166 
0.500000 0.499886 0.163929 0.418755 0.302083 
0.500000 0.499937 0.163953 0.418762 0.302059 
0.500000 0.499963 0.163981 0.418750 0.302057 
0.500000 0.499977 0.164006 0.418737 0.302062 
0.500000 0.499985 0.164025 0.418725 0.302067 
0.500000 0.499990 0.164040 0.418715 0.302072 
0.500000 0.499993 0.164051 0.418708 0.302076 
0.500000 0.499995 0.164060 0.418702 0.302079 
0.500000 0.499996 0.164066 0.418698 0.302082 
0.440679 0.499997 0.164070 0.418695 0.302083 
0.500000 0.499998 0.164074 0.418693 0.302085 
0.500000 0.499998 0.164076 0.418692 0.302086 
0.500000 0.499999 0.164078 0.418690 0.302086 
0.500000 0.499999 0.164079 0.418689 0.302087 
0.500000 0.499999 0.164080 0.418689 0.302087 
0.500000 0.499999 0.164081 0.418688 0.302087 
0.500000 0.499999 0.164081 0.418688 0.302088 
0.500000 0.499999 0.164081 0.418688 0.302088 
0.500000 0.499999 0.164082 0.418688 0.302088 
0.440679 0.499999 0.164082 0.418688 0.302088 
0.500000 0.500000 0.164082 0.418688 0.302088 
0.500000 0.500000 0.164082 0.418687 0.302088 
0.500000 0.500000 0.164082 0.418687 0.302088 
0.500000 0.500000 0.164082 0.418687 0.302088 
0.500000 0.500000 0.164082 0.418687 0.302088 
0.500000 0.500000 0.164082 0.418687 0.302088 
0.500000 0.500000 0.164082 0.418687 0.302088 
0.500000 0.500000 0.164082 0.418687 0.302088 
0.500000 0.500000 0.164082 0.418687 0.302088 
0.440679 0.500000 0.164082 0.418687 0.302088 
0.500000 0.500000 0.164082 0.418687 0.302088 
0.500000 0.500000 0.164082 0.418687 0.302088 
0.500000 0.500000 0.164082 0.418687 0.302088 
0.500000 0.500000 0.164082 0.418687 0.302088 
0.500000 0.500000 0.164082 0.418687 0.302088 
0.500000 0.500000 0.164082 0.418687 0.302088 
0.500000 0.500000 0.164082 0.418687 0.302088 
0.500000 0.500000 0.164082 0.418687 0.302088 
0.500000 0.500000 0.164082 0.418687 0.302088 
0.440679 0.500000 0.164082 0.418687 0.302088 
0.500000 0.500000 0.164082 0.418687 0.302088 
0.500000 0.500000 0.164082 0.418687 0.302088 
0.500000 0.500000 0.164082 0.418687 0.302088 
0.500000 0.500000 0.164082 0.418687 0.302088 
0.500000 0.500000 0.164082 0.418687 0.302088 
0.500000 0.500000 0.164082 0.418687 0.302088 
0.500000 0.500000 0.164082 0.418687 0.302088 
0.500000 0.500000 0.164082 0.418687 0.302088 
0.500000 0.500000 0.164082 0.418687 0.302088 
0.440679 0.500000 0.164082 0.418687 0.302088 
0.500000 0.500000 0.164082 0.418687 0.302088 
0.500000 0.500000 0.164082 0.418687 0.302088 
0.500000 0.500000 0.164082 0.418687 0.302088 
0.500000 0.500000 0.164082 0.418687 0.302088 
0.500000 0.500000 0.164082 0.418687 0.302088 
0.500000 0.500000 0.164082 0.418687 0.302088 
0.500000 0.500000 0.164082 0.418687 0.302088 
0.500000 0.500000 0.164082 0.418687 0.302088 
0.500000 0.500000 0.164082 0.418687 0.302088 
0.440679 0.500000 0.164082 0.418687 0.302088 
0.500000 0.500000 0.164082 0.418687 0.302088 
0.500000 0.500000 0.164082 0.418687 0.302088 
0.500000 0.500000 0.164082 0.418687 0.302088 
0.500000 0.500000 0.164082 0.418687 0.302088 
0.500000 0.500000 0.164082 0.418687 0.302088 
0.500000 0.500000 0.164082 0.418687 0.302088 
0.500000 0.500000 0.164082 0.418687 0.302088 
0.500000 0.500000 0.164082 0.418687 0.302088 
0.500000 0.500000 0.164082 0.418687 0.302088 
0.440679 0.500000 0.164082 0.418687 0.302088 
0.500000 0.500000 0.164082 0.418687 0.302088 
0.500000 0.500000 0.164082 0.418687 0.302088 
0.500000 0.500000 0.164082 0.418687 0.302088 
0.500000 0.500000 0.164082 0.418687 0.302088 
0.500000 0.500000 0.164082 0.418687 0.302088 
0.500000 0.500000 0.164082 0.418687 0.302088 
0.500000 0.500000 0.164082 0.418687 0.302088 
0.500000 0.500000 0.164082 0.418687 0.302088 
0.500000 0.500000 0.164082 0.418687 0.302088 
0.440679 0.500000 0.164082 0.418687 0.302088 
0.500000 0.500000 0.164082 0.418687 0.302088 
0.500000 0.500000 0.164082 0.418687 0.302088 
0.500000 0.500000 0.164082 0.418687 0.302088 
0.500000 0.500000 0.164082 0.418687 0.302088 
0.500000 0.500000 0.164082 0.418687 0.302088 
0.500000 0.500000 0.164082 0.418687 0.302088 
0.500000 0.500000 0.164082 0.418687 0.302088 
0.500000 0.500000 0.164082 0.418687 0.302088 
0.500000 0.500000 0.164082 0.418687 0.302088 
