0.500000 0.440679 0.500000 0.268941 0.500000 0.500000 0.500000 0.500000 0.500000 
0.500000 0.440679 0.500000 0.257399 0.500000 0.500000 0.500000 0.500000 0.500000 
0.500000 0.440679 0.500000 0.251776 0.500000 0.500000 0.500000 0.500000 0.500000 
0.500000 0.440679 0.500000 0.249005 0.500000 0.500000 0.500000 0.500000 0.500000 
0.500000 0.440679 0.500000 0.247631 0.500000 0.500000 0.500000 0.500000 0.500000 
0.500000 0.440679 0.500000 0.246946 0.500000 0.500000 0.500000 0.500000 0.500000 
0.500000 0.440679 0.500000 0.246604 0.500000 0.500000 0.500000 0.500000 0.500000 
0.500000 0.440679 0.389941 0.246434 0.500000 0.500000 0.500000 0.500000 0.500000 
0.500000 0.440679 0.399105 0.276456 0.500000 0.500000 0.314345 0.500000 0.500000 
0.500000 0.440679 0.406898 0.289506 0.500000 0.500000 0.310409 0.500000 0.500000 
0.500000 0.440679 0.413536 0.293788 0.500000 0.500000 0.307082 0.500000 0.500000 
0.500000 0.440679 0.419204 0.293970 0.500000 0.500000 0.304265 0.500000 0.500000 
0.500000 0.440679 0.424058 0.292394 0.500000 0.500000 0.301870 0.500000 0.500000 
0.500000 0.440679 0.428228 0.290187 0.500000 0.500000 0.299828 0.500000 0.500000 
0.500000 0.440679 0.431823 0.287872 0.500000 0.500000 0.298080 0.500000 0.500000 
0.500000 0.440679 0.434931 0.285675 0.500000 0.500000 0.296578 0.500000 0.500000 
0.500000 0.440679 0.437628 0.283684 0.500000 0.500000 0.295283 0.500000 0.500000 
0.500000 0.440679 0.439975 0.281916 0.500000 0.500000 0.294162 0.500000 0.500000 
0.500000 0.440679 0.442023 0.280362 0.500000 0.500000 0.293188 0.500000 0.500000 
0.500000 0.440679 0.443816 0.279003 0.500000 0.500000 0.292340 0.500000 0.500000 
0.500000 0.440679 0.445388 0.277815 0.500000 0.500000 0.291599 0.500000 0.500000 
0.500000 0.440679 0.446771 0.276777 0.500000 0.500000 0.290950 0.500000 0.500000 
0.500000 0.440679 0.447990 0.275867 0.500000 0.500000 0.290379 0.500000 0.500000 
0.500000 0.440679 0.449066 0.275069 0.500000 0.500000 0.289877 0.500000 0.500000 
0.500000 0.440679 0.450017 0.274368 0.500000 0.500000 0.289435 0.500000 0.500000 
0.500000 0.440679 0.450860 0.273750 0.500000 0.500000 0.289043 0.500000 0.500000 
0.500000 0.440679 0.451609 0.273205 0.500000 0.500000 0.288697 0.500000 0.500000 
0.500000 0.440679 0.452273 0.272722 0.500000 0.500000 0.288390 0.500000 0.500000 
0.500000 0.440679 0.452865 0.272295 0.500000 0.500000 0.288117 0.500000 0.500000 
0.500000 0.440679 0.453391 0.271917 0.500000 0.500000 0.287874 0.500000 0.500000 
0.500000 0.440679 0.453861 0.271580 0.500000 0.500000 0.287659 0.500000 0.500000 
0.500000 0.440679 0.454280 0.271281 0.500000 0.500000 0.287466 0.500000 0.500000 
0.500000 0.440679 0.454654 0.271015 0.500000 0.500000 0.287295 0.500000 0.500000 
0.500000 0.440679 0.454989 0.270777 0.500000 0.500000 0.287141 0.500000 0.500000 
0.500000 0.440679 0.455288 0.270565 0.500000 0.500000 0.287004 0.500000 0.500000 
0.500000 0.440679 0.455556 0.270376 0.500000 0.500000 0.286882 0.500000 0.500000 
0.500000 0.440679 0.455795 0.270207 0.500000 0.500000 0.286772 0.500000 0.500000 
0.500000 0.440679 0.456010 0.270056 0.500000 0.500000 0.286674 0.500000 0.500000 
0.500000 0.440679 0.456203 0.269921 0.500000 0.500000 0.286587 0.500000 0.500000 
0.500000 0.440679 0.456375 0.269799 0.500000 0.500000 0.286508 0.500000 0.500000 
0.500000 0.440679 0.456530 0.269691 0.500000 0.500000 0.286437 0.500000 0.500000 
0.500000 0.440679 0.456669 0.269594 0.500000 0.500000 0.286374 0.500000 0.500000 
0.500000 0.440679 0.456794 0.269506 0.500000 0.500000 0.286317 0.500000 0.500000 
0.500000 0.440679 0.456906 0.269428 0.500000 0.500000 0.286266 0.500000 0.500000 
0.500000 0.440679 0.457006 0.269358 0.500000 0.500000 0.286221 0.500000 0.500000 
0.500000 0.440679 0.457097 0.269295 0.500000 0.500000 0.286179 0.500000 0.500000 
0.500000 0.440679 0.457178 0.269238 0.500000 0.500000 0.286143 0.500000 0.500000 
0.500000 0.440679 0.457251 0.269188 0.500000 0.500000 0.286109 0.500000 0.500000 
0.500000 0.440679 0.457316 0.269142 0.500000 0.500000 0.286080 0.500000 0.500000 
0.500000 0.440679 0.457375 0.269101 0.500000 0.500000 0.286053 0.500000 0.500000 
0.500000 0.440679 0.457428 0.269064 0.500000 0.500000 0.286029 0.500000 0.500000 
0.500000 0.440679 0.457476 0.269031 0.500000 0.500000 0.286007 0.500000 0.500000 
0.500000 0.440679 0.457518 0.269001 0.500000 0.500000 0.285988 0.500000 0.500000 
0.500000 0.440679 0.457557 0.268975 0.500000 0.500000 0.285970 0.500000 0.500000 
0.500000 0.440679 0.457591 0.268951 0.500000 0.500000 0.285955 0.500000 0.500000 
0.500000 0.440679 0.457623 0.268929 0.500000 0.500000 0.285940 0.500000 0.500000 
0.500000 0.440679 0.457651 0.268910 0.500000 0.500000 0.285928 0.500000 0.500000 
0.500000 0.440679 0.457676 0.268892 0.500000 0.500000 0.285916 0.500000 0.500000 
0.500000 0.440679 0.457698 0.268876 0.500000 0.500000 0.285906 0.500000 0.500000 
0.500000 0.440679 0.457719 0.268862 0.500000 0.500000 0.285897 0.500000 0.500000 
0.500000 0.440679 0.457737 0.268850 0.500000 0.500000 0.285888 0.500000 0.500000 
0.500000 0.440679 0.457754 0.268838 0.500000 0.500000 0.285881 0.500000 0.500000 
0.500000 0.440679 0.457768 0.268828 0.500000 0.500000 0.285874 0.500000 0.500000 
0.500000 0.440679 0.457782 0.268819 0.500000 0.500000 0.285868 0.500000 0.500000 
0.500000 0.440679 0.457794 0.268810 0.500000 0.500000 0.285863 0.500000 0.500000 
0.500000 0.440679 0.457805 0.268803 0.500000 0.500000 0.285858 0.500000 0.500000 
0.500000 0.440679 0.457814 0.268796 0.500000 0.500000 0.285853 0.500000 0.500000 
0.500000 0.440679 0.457823 0.268790 0.500000 0.500000 0.285849 0.500000 0.500000 
0.500000 0.440679 0.457831 0.268784 0.500000 0.500000 0.285846 0.500000 0.500000 
0.500000 0.440679 0.457838 0.268780 0.500000 0.500000 0.285843 0.500000 0.500000 
0.500000 0.440679 0.457844 0.268775 0.500000 0.500000 0.285840 0.500000 0.500000 
0.500000 0.440679 0.457850 0.268771 0.500000 0.500000 0.285837 0.500000 0.500000 
0.500000 0.440679 0.457855 0.268768 0.500000 0.500000 0.285835 0.500000 0.500000 
0.500000 0.440679 0.457860 0.268764 0.500000 0.500000 0.285833 0.500000 0.500000 
0.500000 0.440679 0.457864 0.268761 0.500000 0.500000 0.285831 0.500000 0.500000 
0.500000 0.440679 0.457868 0.268759 0.500000 0.500000 0.285829 0.500000 0.500000 
0.500000 0.440679 0.457871 0.268757 0.500000 0.500000 0.285828 0.500000 0.500000 
0.500000 0.440679 0.457874 0.268754 0.500000 0.500000 0.285826 0.500000 0.500000 
0.500000 0.440679 0.457877 0.268753 0.500000 0.500000 0.285825 0.500000 0.500000 
0.500000 0.440679 0.457879 0.268751 0.500000 0.500000 0.285824 0.500000 0.500000 
0.500000 0.440679 0.457882 0.268749 0.500000 0.500000 0.285823 0.500000 0.500000 
0.500000 0.440679 0.457884 0.268748 0.500000 0.500000 0.285822 0.500000 0.500000 
0.500000 0.440679 0.457886 0.268747 0.500000 0.500000 0.285821 0.500000 0.500000 
0.500000 0.440679 0.457887 0.268746 0.500000 0.500000 0.285820 0.500000 0.500000 
0.500000 0.440679 0.457889 0.268745 0.500000 0.500000 0.285820 0.500000 0.500000 
0.500000 0.440679 0.457890 0.268744 0.500000 0.500000 0.285819 0.500000 0.500000 
0.500000 0.440679 0.457891 0.268743 0.500000 0.500000 0.285819 0.500000 0.500000 
0.500000 0.440679 0.457892 0.268742 0.500000 0.500000 0.285818 0.500000 0.500000 
0.500000 0.440679 0.457893 0.268741 0.500000 0.500000 0.285818 0.500000 0.500000 
0.500000 0.440679 0.457894 0.268741 0.500000 0.500000 0.285817 0.500000 0.500000 
0.500000 0.440679 0.457895 0.268740 0.500000 0.500000 0.285817 0.500000 0.500000 
0.500000 0.440679 0.457895 0.268740 0.500000 0.500000 0.285817 0.500000 0.500000 
0.500000 0.440679 0.457896 0.268739 0.500000 0.500000 0.285816 0.500000 0.500000 
0.500000 0.440679 0.457897 0.268739 0.500000 0.500000 0.285816 0.500000 0.500000 
0.500000 0.440679 0.457897 0.268739 0.500000 0.500000 0.285816 0.500000 0.500000 
0.500000 0.440679 0.457898 0.268738 0.500000 0.500000 0.285816 0.500000 0.500000 
0.500000 0.440679 0.457898 0.268738 0.500000 0.500000 0.285815 0.500000 0.500000 
0.500000 0.440679 0.457898 0.268738 0.500000 0.500000 0.285815 0.500000 0.500000 
0.500000 0.440679 0.457899 0.268738 0.500000 0.500000 0.285815 0.500000 0.500000 
0.500000 0.440679 0.457899 0.268737 0.500000 0.500000 0.285815 0.500000 0.500000 
