0.440679 0.268941 0.268941 0.500000 0.500000 
0.440679 0.292886 0.364064 0.368680 0.500000 
0.440679 0.294073 0.409954 0.325606 0.323582 
0.440679 0.290785 0.434389 0.305783 0.342717 
0.440679 0.287280 0.448734 0.295509 0.351702 
0.440679 0.284544 0.457708 0.289571 0.356401 
0.440679 0.282601 0.463556 0.285893 0.359130 
0.440679 0.281270 0.467477 0.283511 0.360825 
0.440679 0.280371 0.470161 0.281921 0.361924 
0.440679 0.279764 0.472027 0.280835 0.362659 
0.440679 0.279353 0.473339 0.280082 0.363161 
0.440679 0.279073 0.474271 0.279553 0.363509 
0.440679 0.278880 0.474936 0.279178 0.363754 
0.440679 0.278747 0.475413 0.278911 0.363928 
0.440679 0.278653 0.475757 0.278719 0.364052 
0.440679 0.278587 0.476004 0.278581 0.364141 
0.440679 0.278541 0.476184 0.278481 0.364205 
0.440679 0.278508 0.476313 0.278409 0.364251 
0.440679 0.278484 0.476407 0.278357 0.364284 
0.440679 0.278467 0.476475 0.278319 0.364308 
0.440679 0.278454 0.476524 0.278292 0.364326 
0.440679 0.278445 0.476560 0.278272 0.364338 
0.440679 0.278439 0.476586 0.278258 0.364347 
0.440679 0.278434 0.476605 0.278247 0.364354 
0.440679 0.278431 0.476618 0.278240 0.364359 
0.440679 0.278429 0.476628 0.278234 0.364362 
0.440679 0.278427 0.476635 0.278230 0.364365 
0.440679 0.278426 0.476641 0.278228 0.364367 
0.440679 0.278425 0.476644 0.278225 0.364368 
0.440679 0.278424 0.476647 0.278224 0.364369 
0.440679 0.278423 0.476649 0.278223 0.364370 
0.440679 0.278423 0.476651 0.278222 0.364370 
0.440679 0.278423 0.476652 0.278221 0.364371 
0.440679 0.278423 0.476652 0.278221 0.364371 
0.440679 0.278423 0.476653 0.278221 0.364371 
0.440679 0.278422 0.476653 0.278220 0.364371 
0.440679 0.278422 0.476654 0.278220 0.364371 
0.440679 0.278422 0.476654 0.278220 0.364371 
0.440679 0.278422 0.476654 0.278220 0.364371 
0.440679 0.278422 0.476654 0.278220 0.364372 
0.440679 0.278422 0.476654 0.278220 0.364372 
0.440679 0.278422 0.476654 0.278220 0.364372 
0.440679 0.278422 0.476654 0.278220 0.364372 
0.440679 0.278422 0.476654 0.278220 0.364372 
0.440679 0.278422 0.476654 0.278220 0.364372 
0.440679 0.278422 0.476654 0.278220 0.364372 
0.440679 0.278422 0.476654 0.278220 0.364372 
0.440679 0.278422 0.476654 0.278220 0.364372 
0.440679 0.278422 0.476654 0.278220 0.364372 
0.440679 0.278422 0.476654 0.278220 0.364372 
0.440679 0.278422 0.476654 0.278220 0.364372 
0.440679 0.278422 0.476654 0.278220 0.364372 
0.440679 0.278422 0.476654 0.278220 0.364372 
0.440679 0.278422 0.476654 0.278220 0.364372 
0.440679 0.278422 0.476654 0.278220 0.364372 
0.440679 0.278422 0.476654 0.278220 0.364372 
0.440679 0.278422 0.476654 0.278220 0.364372 
0.440679 0.278422 0.476654 0.278220 0.364372 
0.440679 0.278422 0.476654 0.278220 0.364372 
0.440679 0.278422 0.476654 0.278220 0.364372 
0.440679 0.278422 0.476654 0.278220 0.364372 
0.440679 0.278422 0.476654 0.278220 0.364372 
0.440679 0.278422 0.476654 0.278220 0.364372 
0.440679 0.278422 0.476654 0.278220 0.364372 
0.440679 0.278422 0.476654 0.278220 0.364372 
0.440679 0.278422 0.476654 0.278220 0.364372 
0.440679 0.278422 0.476654 0.278220 0.364372 
0.440679 0.278422 0.476654 0.278220 0.364372 
0.440679 0.278422 0.476654 0.278220 0.364372 
0.440679 0.278422 0.476654 0.278220 0.364372 
0.440679 0.278422 0.476654 0.278220 0.364372 
0.440679 0.278422 0.476654 0.278220 0.364372 
0.440679 0.278422 0.476654 0.278220 0.364372 
0.440679 0.278422 0.476654 0.278220 0.364372 
0.440679 0.278422 0.476654 0.278220 0.364372 
0.440679 0.278422 0.476654 0.278220 0.364372 
0.440679 0.278422 0.476654 0.278220 0.364372 
0.440679 0.278422 0.476654 0.278220 0.364372 
0.440679 0.278422 0.476654 0.278220 0.364372 
0.440679 0.278422 0.476654 0.278220 0.364372 
0.440679 0.278422 0.476654 0.278220 0.364372 
0.440679 0.278422 0.476654 0.278220 0.364372 
0.440679 0.278422 0.476654 0.278220 0.364372 
0.440679 0.278422 0.476654 0.278220 0.364372 
0.440679 0.278422 0.476654 0.278220 0.364372 
0.440679 0.278422 0.476654 0.278220 0.364372 
0.440679 0.278422 0.476654 0.278220 0.364372 
0.440679 0.278422 0.476654 0.278220 0.364372 
0.440679 0.278422 0.476654 0.278220 0.364372 
0.440679 0.278422 0.476654 0.278220 0.364372 
0.440679 0.278422 0.476654 0.278220 0.364372 
0.440679 0.278422 0.476654 0.278220 0.364372 
0.440679 0.278422 0.476654 0.278220 0.364372 
0.440679 0.278422 0.476654 0.278220 0.364372 
0.440679 0.278422 0.476654 0.278220 0.364372 
0.440679 0.278422 0.476654 0.278220 0.364372 
0.440679 0.278422 0.476654 0.278220 0.364372 
0.440679 0.278422 0.476654 0.278220 0.364372 
0.440679 0.278422 0.476654 0.278220 0.364372 
0.440679 0.278422 0.476654 0.278220 0.364372 
0.440679 0.268941 0.268941 0.500000 0.500000 
0.440679 0.292886 0.364064 0.368680 0.500000 
0.440679 0.256696 0.409954 0.325606 0.323582 
0.440679 0.225201 0.443800 0.305783 0.342717 
0.440679 0.205243 0.466027 0.291605 0.351702 
0.440679 0.192435 0.478828 0.282508 0.358194 
0.440679 0.500000 0.485977 0.277348 0.362387 
0.440679 0.500000 0.461498 0.274491 0.364776 
0.440679 0.500000 0.425716 0.284348 0.366101 
0.440679 0.500000 0.387631 0.299133 0.361538 
0.440679 0.500000 0.354718 0.315342 0.354741 
0.440679 0.500000 0.329468 0.329723 0.347355 
0.440679 0.193609 0.311219 0.340979 0.340864 
0.440679 0.200291 0.419961 0.349227 0.335825 
0.440679 0.206141 0.461028 0.301551 0.332155 
0.440679 0.195588 0.476503 0.284539 0.353634 
0.440679 0.500000 0.484614 0.278281 0.361449 
0.440679 0.500000 0.459062 0.275034 0.364343 
0.440679 0.500000 0.422754 0.285340 0.365848 
0.440679 0.500000 0.384864 0.300376 0.361080 
0.440679 0.500000 0.352508 0.316538 0.354172 
0.440679 0.500000 0.327840 0.330701 0.346813 
0.440679 0.194195 0.310064 0.341711 0.340425 
0.440679 0.200805 0.419204 0.349752 0.335498 
0.440679 0.206561 0.460630 0.301870 0.331922 
0.440679 0.195867 0.476274 0.284701 0.353488 
0.440679 0.500000 0.484482 0.278373 0.361375 
0.440679 0.500000 0.458831 0.275087 0.364301 
0.440679 0.500000 0.422477 0.285434 0.365824 
0.440679 0.500000 0.384607 0.300492 0.361036 
0.440679 0.500000 0.352303 0.316649 0.354118 
0.440679 0.500000 0.327690 0.330792 0.346763 
0.440679 0.194250 0.309957 0.341778 0.340384 
0.440679 0.200852 0.419133 0.349801 0.335468 
0.440679 0.206600 0.460593 0.301900 0.331901 
0.440679 0.195893 0.476253 0.284716 0.353475 
0.440679 0.500000 0.484470 0.278381 0.361368 
0.440679 0.500000 0.458810 0.275092 0.364297 
0.440679 0.500000 0.422451 0.285443 0.365822 
0.440679 0.500000 0.384583 0.300503 0.361032 
0.440679 0.500000 0.352284 0.316660 0.354113 
0.440679 0.500000 0.327676 0.330800 0.346758 
0.440679 0.194255 0.309948 0.341785 0.340380 
0.440679 0.200857 0.419127 0.349805 0.335465 
0.440679 0.206603 0.460590 0.301903 0.331899 
0.440679 0.195896 0.476251 0.284718 0.353474 
0.440679 0.500000 0.484469 0.278382 0.361367 
0.440679 0.500000 0.458808 0.275092 0.364297 
0.440679 0.500000 0.422449 0.285444 0.365822 
0.440679 0.500000 0.384581 0.300504 0.361032 
0.440679 0.500000 0.352283 0.316660 0.354113 
0.440679 0.500000 0.327674 0.330801 0.346758 
0.440679 0.194255 0.309947 0.341785 0.340380 
0.440679 0.200857 0.419126 0.349806 0.335465 
0.440679 0.206604 0.460590 0.301903 0.331898 
0.440679 0.195896 0.476251 0.284718 0.353473 
0.440679 0.500000 0.484469 0.278382 0.361367 
0.440679 0.500000 0.458808 0.275092 0.364297 
0.440679 0.500000 0.422449 0.285444 0.365822 
0.440679 0.500000 0.384581 0.300504 0.361032 
0.440679 0.500000 0.352283 0.316661 0.354113 
0.440679 0.500000 0.327674 0.330801 0.346758 
0.440679 0.194255 0.309947 0.341785 0.340380 
0.440679 0.200857 0.419126 0.349806 0.335465 
0.440679 0.206604 0.460590 0.301903 0.331898 
0.440679 0.195896 0.476251 0.284718 0.353473 
0.440679 0.500000 0.484469 0.278382 0.361367 
0.440679 0.500000 0.458808 0.275092 0.364297 
0.440679 0.500000 0.422449 0.285444 0.365822 
0.440679 0.500000 0.384581 0.300504 0.361032 
0.440679 0.500000 0.352283 0.316661 0.354113 
0.440679 0.500000 0.327674 0.330801 0.346758 
0.440679 0.194255 0.309947 0.341785 0.340380 
0.440679 0.200857 0.419126 0.349806 0.335465 
0.440679 0.206604 0.460590 0.301903 0.331898 
0.440679 0.195896 0.476251 0.284718 0.353473 
0.440679 0.500000 0.484469 0.278382 0.361367 
0.440679 0.500000 0.458808 0.275092 0.364297 
0.440679 0.500000 0.422449 0.285444 0.365822 
0.440679 0.500000 0.384581 0.300504 0.361032 
0.440679 0.500000 0.352283 0.316661 0.354113 
0.440679 0.500000 0.327674 0.330801 0.346758 
0.440679 0.194255 0.309947 0.341785 0.340380 
0.440679 0.200857 0.419126 0.349806 0.335465 
0.440679 0.206604 0.460590 0.301903 0.331898 
0.440679 0.195896 0.476251 0.284718 0.353473 
0.440679 0.500000 0.484469 0.278382 0.361367 
0.440679 0.500000 0.458808 0.275092 0.364297 
0.440679 0.500000 0.422449 0.285444 0.365822 
0.440679 0.500000 0.384581 0.300504 0.361032 
0.440679 0.500000 0.352283 0.316661 0.354113 
0.440679 0.500000 0.327674 0.330801 0.346758 
0.440679 0.194255 0.309947 0.341785 0.340380 
0.440679 0.200857 0.419126 0.349806 0.335465 
0.440679 0.206604 0.460590 0.301903 0.331898 
0.440679 0.195896 0.476251 0.284718 0.353473 
0.440679 0.500000 0.484469 0.278382 0.361367 
0.440679 0.500000 0.458808 0.275092 0.364297 
0.440679 0.500000 0.422449 0.285444 0.365822 
0.440679 0.500000 0.384581 0.300504 0.361032 
0.440679 0.268941 0.268941 0.500000 0.500000 
0.440679 0.292886 0.364064 0.368680 0.500000 
0.440679 0.256696 0.417462 0.325606 0.323582 
0.440679 0.225201 0.453845 0.302605 0.342717 
0.440679 0.204283 0.474883 0.287473 0.353153 
0.440679 0.190883 0.485773 0.278932 0.360097 
0.440679 0.500000 0.491297 0.274572 0.364042 
0.440679 0.500000 0.476698 0.272377 0.366063 
0.440679 0.500000 0.454926 0.278202 0.367082 
0.440679 0.500000 0.429955 0.287030 0.364380 
0.440679 0.500000 0.405886 0.297358 0.360300 
0.440679 0.500000 0.384993 0.307513 0.355553 
0.440679 0.500000 0.367916 0.316482 0.350914 
0.440679 0.189074 0.354426 0.323916 0.346839 
0.440679 0.193327 0.446815 0.329852 0.343478 
0.440679 0.197126 0.475982 0.290361 0.340806 
0.440679 0.188462 0.486742 0.278490 0.358766 
0.440679 0.500000 0.491845 0.274187 0.364246 
0.440679 0.500000 0.477713 0.272160 0.366242 
0.440679 0.500000 0.456251 0.277795 0.367183 
0.440679 0.500000 0.431336 0.286488 0.364569 
0.440679 0.500000 0.407141 0.296781 0.360550 
0.440679 0.500000 0.386045 0.306979 0.355818 
0.440679 0.500000 0.368758 0.316027 0.351157 
0.440679 0.188814 0.355084 0.323547 0.347045 
0.440679 0.193094 0.447132 0.329562 0.343645 
0.440679 0.196927 0.476128 0.290231 0.340937 
0.440679 0.188337 0.486817 0.278432 0.358826 
0.440679 0.500000 0.491884 0.274157 0.364274 
0.440679 0.500000 0.477786 0.272145 0.366256 
0.440679 0.500000 0.456347 0.277765 0.367190 
0.440679 0.500000 0.431438 0.286449 0.364582 
0.440679 0.500000 0.407233 0.296739 0.360569 
0.440679 0.500000 0.386122 0.306940 0.355837 
0.440679 0.500000 0.368821 0.315994 0.351175 
0.440679 0.188795 0.355133 0.323520 0.347060 
0.440679 0.193077 0.447155 0.329540 0.343657 
0.440679 0.196912 0.476138 0.290221 0.340946 
0.440679 0.188328 0.486822 0.278427 0.358831 
0.440679 0.500000 0.491887 0.274155 0.364276 
0.440679 0.500000 0.477792 0.272144 0.366257 
0.440679 0.500000 0.456354 0.277763 0.367191 
0.440679 0.500000 0.431445 0.286446 0.364583 
0.440679 0.500000 0.407240 0.296736 0.360570 
0.440679 0.500000 0.386128 0.306937 0.355839 
0.440679 0.500000 0.368825 0.315991 0.351176 
0.440679 0.188794 0.355137 0.323518 0.347061 
0.440679 0.193076 0.447157 0.329538 0.343658 
0.440679 0.196911 0.476139 0.290220 0.340947 
0.440679 0.188327 0.486823 0.278427 0.358831 
0.440679 0.500000 0.491887 0.274155 0.364276 
0.440679 0.500000 0.477792 0.272143 0.366257 
0.440679 0.500000 0.456355 0.277763 0.367191 
0.440679 0.500000 0.431446 0.286446 0.364583 
0.440679 0.500000 0.407240 0.296736 0.360570 
0.440679 0.500000 0.386128 0.306936 0.355839 
0.440679 0.500000 0.368825 0.315991 0.351176 
0.440679 0.188794 0.355137 0.323518 0.347061 
0.440679 0.193076 0.447157 0.329538 0.343658 
0.440679 0.196911 0.476139 0.290220 0.340947 
0.440679 0.188327 0.486823 0.278427 0.358831 
0.440679 0.500000 0.491887 0.274155 0.364276 
0.440679 0.500000 0.477792 0.272143 0.366257 
0.440679 0.500000 0.456355 0.277763 0.367191 
0.440679 0.500000 0.431446 0.286446 0.364583 
0.440679 0.500000 0.407240 0.296736 0.360570 
0.440679 0.500000 0.386128 0.306936 0.355839 
0.440679 0.500000 0.368825 0.315991 0.351176 
0.440679 0.188794 0.355137 0.323518 0.347061 
0.440679 0.193076 0.447157 0.329538 0.343658 
0.440679 0.196911 0.476139 0.290220 0.340947 
0.440679 0.188327 0.486823 0.278427 0.358831 
0.440679 0.500000 0.491887 0.274155 0.364276 
0.440679 0.500000 0.477792 0.272143 0.366257 
0.440679 0.500000 0.456355 0.277763 0.367191 
0.440679 0.500000 0.431446 0.286446 0.364583 
0.440679 0.500000 0.407240 0.296736 0.360570 
0.440679 0.500000 0.386128 0.306936 0.355839 
0.440679 0.500000 0.368825 0.315991 0.351176 
0.440679 0.188794 0.355137 0.323518 0.347061 
0.440679 0.193076 0.447157 0.329538 0.343658 
0.440679 0.196911 0.476139 0.290220 0.340947 
0.440679 0.188327 0.486823 0.278427 0.358831 
0.440679 0.500000 0.491887 0.274155 0.364276 
0.440679 0.500000 0.477792 0.272143 0.366257 
0.440679 0.500000 0.456355 0.277763 0.367191 
0.440679 0.500000 0.431446 0.286446 0.364583 
0.440679 0.500000 0.407240 0.296736 0.360570 
0.440679 0.500000 0.386128 0.306936 0.355839 
0.440679 0.500000 0.368825 0.315991 0.351176 
0.440679 0.188794 0.355137 0.323518 0.347061 
0.440679 0.193076 0.447157 0.329538 0.343658 
0.440679 0.196911 0.476139 0.290220 0.340947 
0.440679 0.188327 0.486823 0.278427 0.358831 
0.440679 0.500000 0.491887 0.274155 0.364276 
0.440679 0.500000 0.477792 0.272143 0.366257 
0.440679 0.500000 0.456355 0.277763 0.367191 
0.440679 0.500000 0.431446 0.286446 0.364583 
0.440679 0.500000 0.407240 0.296736 0.360570 
0.440679 0.500000 0.386128 0.306936 0.355839 
