0.440679 0.268941 0.268941 0.500000 0.500000 
0.440679 0.272733 0.364064 0.368680 0.500000 
0.440679 0.237320 0.379571 0.325606 0.323582 
0.440679 0.209267 0.397189 0.318833 0.342717 
0.440679 0.196291 0.411901 0.311229 0.345774 
0.440679 0.189175 0.419810 0.304957 0.349222 
0.440679 0.500000 0.424114 0.301615 0.352079 
0.440679 0.500000 0.303542 0.299805 0.353605 
0.440679 0.500000 0.275722 0.352725 0.354433 
0.440679 0.500000 0.270290 0.365529 0.330605 
0.440679 0.500000 0.269211 0.368053 0.324962 
0.440679 0.190764 0.268995 0.368555 0.323856 
0.440679 0.192792 0.400279 0.368655 0.323636 
0.440679 0.201778 0.419140 0.309906 0.323593 
0.440679 0.191709 0.419039 0.301897 0.349824 
0.440679 0.500000 0.422972 0.301940 0.353476 
0.440679 0.500000 0.303173 0.300284 0.353457 
0.440679 0.500000 0.275651 0.352893 0.354214 
0.440679 0.500000 0.270275 0.365563 0.330531 
0.440679 0.500000 0.269208 0.368059 0.324948 
0.440679 0.190807 0.268995 0.368556 0.323853 
0.440679 0.192814 0.400259 0.368655 0.323636 
0.440679 0.201789 0.419127 0.309915 0.323592 
0.440679 0.191716 0.419033 0.301903 0.349820 
0.440679 0.500000 0.422968 0.301942 0.353474 
0.440679 0.500000 0.303172 0.300286 0.353455 
0.440679 0.500000 0.275650 0.352894 0.354213 
0.440679 0.500000 0.270275 0.365563 0.330530 
0.440679 0.500000 0.269208 0.368059 0.324948 
0.440679 0.190807 0.268995 0.368556 0.323853 
0.440679 0.192814 0.400259 0.368655 0.323636 
0.440679 0.201789 0.419127 0.309915 0.323592 
0.440679 0.191716 0.419033 0.301903 0.349820 
0.440679 0.500000 0.422968 0.301942 0.353474 
0.440679 0.500000 0.303172 0.300286 0.353455 
0.440679 0.500000 0.275650 0.352894 0.354213 
0.440679 0.500000 0.270275 0.365563 0.330530 
0.440679 0.500000 0.269208 0.368059 0.324948 
0.440679 0.190807 0.268995 0.368556 0.323853 
0.440679 0.192814 0.400259 0.368655 0.323636 
0.440679 0.201789 0.419127 0.309915 0.323592 
0.440679 0.191716 0.419033 0.301903 0.349820 
0.440679 0.500000 0.422968 0.301942 0.353474 
0.440679 0.500000 0.303172 0.300286 0.353455 
0.440679 0.500000 0.275650 0.352894 0.354213 
0.440679 0.500000 0.270275 0.365563 0.330530 
0.440679 0.500000 0.269208 0.368059 0.324948 
0.440679 0.190807 0.268995 0.368556 0.323853 
0.440679 0.192814 0.400259 0.368655 0.323636 
0.440679 0.201789 0.419127 0.309915 0.323592 
0.440679 0.191716 0.419033 0.301903 0.349820 
0.440679 0.500000 0.422968 0.301942 0.353474 
0.440679 0.500000 0.303172 0.300286 0.353455 
0.440679 0.500000 0.275650 0.352894 0.354213 
0.440679 0.500000 0.270275 0.365563 0.330530 
0.440679 0.500000 0.269208 0.368059 0.324948 
0.440679 0.190807 0.268995 0.368556 0.323853 
0.440679 0.192814 0.400259 0.368655 0.323636 
0.440679 0.201789 0.419127 0.309915 0.323592 
0.440679 0.191716 0.419033 0.301903 0.349820 
0.440679 0.500000 0.422968 0.301942 0.353474 
0.440679 0.500000 0.303172 0.300286 0.353455 
0.440679 0.500000 0.275650 0.352894 0.354213 
0.440679 0.500000 0.270275 0.365563 0.330530 
0.440679 0.500000 0.269208 0.368059 0.324948 
0.440679 0.190807 0.268995 0.368556 0.323853 
0.440679 0.192814 0.400259 0.368655 0.323636 
0.440679 0.201789 0.419127 0.309915 0.323592 
0.440679 0.191716 0.419033 0.301903 0.349820 
0.440679 0.500000 0.422968 0.301942 0.353474 
0.440679 0.500000 0.303172 0.300286 0.353455 
0.440679 0.500000 0.275650 0.352894 0.354213 
0.440679 0.500000 0.270275 0.365563 0.330530 
0.440679 0.500000 0.269208 0.368059 0.324948 
0.440679 0.190807 0.268995 0.368556 0.323853 
0.440679 0.192814 0.400259 0.368655 0.323636 
0.440679 0.201789 0.419127 0.309915 0.323592 
0.440679 0.191716 0.419033 0.301903 0.349820 
0.440679 0.500000 0.422968 0.301942 0.353474 
0.440679 0.500000 0.303172 0.300286 0.353455 
0.440679 0.500000 0.275650 0.352894 0.354213 
0.440679 0.500000 0.270275 0.365563 0.330530 
0.440679 0.500000 0.269208 0.368059 0.324948 
0.440679 0.190807 0.268995 0.368556 0.323853 
0.440679 0.192814 0.400259 0.368655 0.323636 
0.440679 0.201789 0.419127 0.309915 0.323592 
0.440679 0.191716 0.419033 0.301903 0.349820 
0.440679 0.500000 0.422968 0.301942 0.353474 
0.440679 0.500000 0.303172 0.300286 0.353455 
0.440679 0.500000 0.275650 0.352894 0.354213 
0.440679 0.500000 0.270275 0.365563 0.330530 
0.440679 0.500000 0.269208 0.368059 0.324948 
0.440679 0.190807 0.268995 0.368556 0.323853 
0.440679 0.192814 0.400259 0.368655 0.323636 
0.440679 0.201789 0.419127 0.309915 0.323592 
0.440679 0.191716 0.419033 0.301903 0.349820 
0.440679 0.500000 0.422968 0.301942 0.353474 
0.440679 0.500000 0.303172 0.300286 0.353455 
0.440679 0.500000 0.275650 0.352894 0.354213 
0.440679 0.500000 0.270275 0.365563 0.330530 
0.440679 0.268941 0.268941 0.500000 0.500000 
0.440679 0.272733 0.364064 0.368680 0.500000 
0.440679 0.237320 0.409913 0.325606 0.323582 
0.440679 0.211155 0.441201 0.305801 0.342717 
0.440679 0.195915 0.460659 0.292680 0.351694 
0.440679 0.500000 0.471805 0.284689 0.357700 
0.440679 0.500000 0.422722 0.280172 0.361380 
0.440679 0.500000 0.369947 0.300389 0.363468 
0.440679 0.500000 0.330730 0.323027 0.354166 
0.440679 0.500000 0.305869 0.340412 0.343879 
0.440679 0.500000 0.290916 0.351663 0.336078 
0.440679 0.500000 0.282034 0.358511 0.331075 
0.440679 0.188354 0.276758 0.362607 0.328049 
0.440679 0.190604 0.405008 0.365049 0.326246 
0.440679 0.199889 0.451815 0.307887 0.325173 
0.440679 0.191979 0.467314 0.288305 0.350743 
0.440679 0.500000 0.475397 0.281987 0.359713 
0.440679 0.500000 0.428119 0.278725 0.362628 
0.440679 0.500000 0.374626 0.298126 0.364138 
0.440679 0.500000 0.333869 0.320984 0.355202 
0.440679 0.500000 0.307788 0.339004 0.344802 
0.440679 0.500000 0.292059 0.350788 0.336706 
0.440679 0.500000 0.282712 0.357985 0.331463 
0.440679 0.500000 0.277161 0.362293 0.328281 
0.440679 0.190395 0.273857 0.364862 0.326384 
0.440679 0.192011 0.402736 0.366395 0.325255 
0.440679 0.200889 0.450648 0.308856 0.324583 
0.440679 0.192638 0.466639 0.288784 0.350302 
0.440679 0.500000 0.474993 0.282260 0.359492 
0.440679 0.500000 0.427491 0.278888 0.362502 
0.440679 0.500000 0.374073 0.298389 0.364062 
0.440679 0.500000 0.333495 0.321226 0.355081 
0.440679 0.500000 0.307559 0.339171 0.344693 
0.440679 0.500000 0.291923 0.350893 0.336631 
0.440679 0.500000 0.282631 0.358048 0.331417 
0.440679 0.500000 0.277113 0.362331 0.328253 
0.440679 0.190420 0.273828 0.364884 0.326367 
0.440679 0.192028 0.402711 0.366408 0.325245 
0.440679 0.200901 0.450635 0.308867 0.324577 
0.440679 0.192646 0.466631 0.288790 0.350297 
0.440679 0.500000 0.474988 0.282263 0.359490 
0.440679 0.500000 0.427484 0.278890 0.362501 
0.440679 0.500000 0.374067 0.298392 0.364061 
0.440679 0.500000 0.333491 0.321228 0.355080 
0.440679 0.500000 0.307556 0.339173 0.344691 
0.440679 0.500000 0.291921 0.350894 0.336631 
0.440679 0.500000 0.282630 0.358049 0.331416 
0.440679 0.500000 0.277113 0.362331 0.328253 
0.440679 0.190420 0.273828 0.364885 0.326367 
0.440679 0.192028 0.402711 0.366409 0.325245 
0.440679 0.200901 0.450635 0.308867 0.324577 
0.440679 0.192646 0.466631 0.288790 0.350297 
0.440679 0.500000 0.474988 0.282263 0.359490 
0.440679 0.500000 0.427484 0.278890 0.362501 
0.440679 0.500000 0.374067 0.298392 0.364061 
0.440679 0.500000 0.333491 0.321228 0.355080 
0.440679 0.500000 0.307556 0.339173 0.344691 
0.440679 0.500000 0.291921 0.350894 0.336631 
0.440679 0.500000 0.282630 0.358049 0.331416 
0.440679 0.500000 0.277113 0.362331 0.328253 
0.440679 0.190420 0.273828 0.364885 0.326367 
0.440679 0.192028 0.402711 0.366409 0.325245 
0.440679 0.200901 0.450635 0.308867 0.324577 
0.440679 0.192646 0.466631 0.288790 0.350297 
0.440679 0.500000 0.474988 0.282263 0.359490 
0.440679 0.500000 0.427484 0.278890 0.362501 
0.440679 0.500000 0.374067 0.298392 0.364061 
0.440679 0.500000 0.333491 0.321228 0.355080 
0.440679 0.500000 0.307556 0.339173 0.344691 
0.440679 0.500000 0.291921 0.350894 0.336631 
0.440679 0.500000 0.282630 0.358049 0.331416 
0.440679 0.500000 0.277113 0.362331 0.328253 
0.440679 0.190420 0.273828 0.364885 0.326367 
0.440679 0.192028 0.402711 0.366409 0.325245 
0.440679 0.200901 0.450635 0.308867 0.324577 
0.440679 0.192646 0.466631 0.288790 0.350297 
0.440679 0.500000 0.474988 0.282263 0.359490 
0.440679 0.500000 0.427484 0.278890 0.362501 
0.440679 0.500000 0.374067 0.298392 0.364061 
0.440679 0.500000 0.333491 0.321228 0.355080 
0.440679 0.500000 0.307556 0.339173 0.344691 
0.440679 0.500000 0.291921 0.350894 0.336631 
0.440679 0.500000 0.282630 0.358049 0.331416 
0.440679 0.500000 0.277113 0.362331 0.328253 
0.440679 0.190420 0.273828 0.364885 0.326367 
0.440679 0.192028 0.402711 0.366409 0.325245 
0.440679 0.200901 0.450635 0.308867 0.324577 
0.440679 0.192646 0.466631 0.288790 0.350297 
0.440679 0.500000 0.474988 0.282263 0.359490 
0.440679 0.500000 0.427484 0.278890 0.362501 
0.440679 0.500000 0.374067 0.298392 0.364061 
0.440679 0.500000 0.333491 0.321228 0.355080 
0.440679 0.500000 0.307556 0.339173 0.344691 
0.440679 0.500000 0.291921 0.350894 0.336631 
0.440679 0.500000 0.282630 0.358049 0.331416 
0.440679 0.500000 0.277113 0.362331 0.328253 
0.440679 0.190420 0.273828 0.364885 0.326367 
0.440679 0.192028 0.402711 0.366409 0.325245 
0.440679 0.200901 0.450635 0.308867 0.324577 
0.440679 0.192646 0.466631 0.288790 0.350297 
