0.500000 0.268941 0.268941 0.500000 0.500000 
0.500000 0.349770 0.208107 0.368680 0.500000 
0.500000 0.399182 0.325453 0.397423 0.323582 
0.500000 0.407823 0.232092 0.342785 0.311129 
0.500000 0.427263 0.327686 0.385994 0.335019 
0.500000 0.428922 0.241017 0.341780 0.316049 
0.500000 0.440886 0.325936 0.381772 0.335467 
0.500000 0.440642 0.247081 0.342568 0.317877 
0.500000 0.448906 0.323603 0.378914 0.335116 
0.500000 0.447875 0.251784 0.343619 0.319118 
0.440679 0.453972 0.321171 0.376702 0.334648 
0.500000 0.461841 0.255634 0.344717 0.320080 
0.500000 0.464949 0.321457 0.374896 0.334159 
0.500000 0.462618 0.258952 0.344588 0.320866 
0.500000 0.465136 0.318878 0.373342 0.334216 
0.500000 0.462939 0.261452 0.345754 0.321544 
0.500000 0.465205 0.316416 0.372173 0.333698 
0.500000 0.463178 0.263719 0.346869 0.322054 
0.500000 0.465234 0.314160 0.371115 0.333202 
0.500000 0.463366 0.265792 0.347892 0.322517 
0.440679 0.465236 0.312094 0.370147 0.332748 
0.500000 0.470783 0.267693 0.348829 0.322940 
0.500000 0.471539 0.312301 0.369262 0.332332 
0.500000 0.469393 0.269574 0.348736 0.323327 
0.500000 0.470098 0.310361 0.368386 0.332373 
0.500000 0.468135 0.270962 0.349617 0.323710 
0.500000 0.468919 0.308523 0.367740 0.331982 
0.500000 0.467154 0.272270 0.350454 0.323993 
0.500000 0.467987 0.306850 0.367132 0.331611 
0.500000 0.466404 0.273510 0.351215 0.324260 
0.440679 0.467257 0.305332 0.366556 0.331273 
0.500000 0.472672 0.274679 0.351908 0.324512 
0.500000 0.472757 0.305925 0.366013 0.330967 
0.500000 0.470919 0.275945 0.351637 0.324750 
0.500000 0.471025 0.304473 0.365426 0.331087 
0.500000 0.469366 0.276791 0.352300 0.325008 
0.500000 0.469606 0.303091 0.365034 0.330793 
0.500000 0.468139 0.277605 0.352931 0.325180 
0.500000 0.468481 0.301842 0.364657 0.330514 
0.500000 0.467188 0.278394 0.353501 0.325345 
0.440679 0.467600 0.300716 0.364291 0.330261 
0.500000 0.473179 0.279152 0.354016 0.325506 
0.500000 0.472946 0.301637 0.363940 0.330034 
0.500000 0.471344 0.280061 0.353595 0.325660 
0.500000 0.471150 0.300517 0.363519 0.330220 
0.500000 0.469723 0.280578 0.354107 0.325845 
0.500000 0.469678 0.299445 0.363280 0.329994 
0.500000 0.468437 0.281087 0.354598 0.325950 
0.500000 0.468512 0.298483 0.363044 0.329777 
0.500000 0.467437 0.281595 0.355038 0.326054 
0.440679 0.467601 0.297624 0.362810 0.329582 
0.500000 0.473348 0.282095 0.355432 0.326157 
0.500000 0.472929 0.298779 0.362579 0.329408 
0.500000 0.471494 0.282776 0.354903 0.326258 
0.500000 0.471118 0.297881 0.362264 0.329642 
0.500000 0.469856 0.283081 0.355314 0.326397 
0.500000 0.469636 0.297015 0.362123 0.329460 
0.500000 0.468554 0.283392 0.355711 0.326459 
0.500000 0.468464 0.296246 0.361979 0.329285 
0.500000 0.467540 0.283717 0.356063 0.326522 
0.440679 0.467549 0.295565 0.361829 0.329129 
0.500000 0.473422 0.284047 0.356375 0.326588 
0.500000 0.472884 0.296878 0.361677 0.328991 
0.500000 0.471563 0.284579 0.355774 0.326655 
0.500000 0.471071 0.296127 0.361431 0.329257 
0.500000 0.469919 0.284743 0.356118 0.326763 
0.500000 0.469588 0.295399 0.361355 0.329105 
0.500000 0.468613 0.284924 0.356452 0.326796 
0.500000 0.468416 0.294758 0.361272 0.328958 
0.500000 0.467595 0.285128 0.356746 0.326833 
0.440679 0.467502 0.294197 0.361178 0.328828 
0.500000 0.473462 0.285346 0.357004 0.326874 
0.500000 0.472847 0.295614 0.361077 0.328714 
0.500000 0.471602 0.285779 0.356353 0.326919 
0.500000 0.471033 0.294962 0.360877 0.329001 
0.500000 0.469957 0.285850 0.356652 0.327007 
0.500000 0.469551 0.294326 0.360845 0.328869 
0.500000 0.468648 0.285944 0.356944 0.327021 
0.500000 0.468380 0.293770 0.360801 0.328740 
0.500000 0.467628 0.286067 0.357200 0.327040 
0.440679 0.467468 0.293287 0.360745 0.328627 
0.500000 0.473488 0.286211 0.357421 0.327065 
0.500000 0.472820 0.294775 0.360678 0.328530 
0.500000 0.471626 0.286578 0.356738 0.327094 
0.500000 0.471007 0.294187 0.360509 0.328831 
0.500000 0.469980 0.286587 0.357008 0.327169 
0.500000 0.469526 0.293612 0.360505 0.328712 
0.500000 0.468671 0.286623 0.357272 0.327171 
0.500000 0.468356 0.293112 0.360488 0.328595 
0.500000 0.467649 0.286692 0.357502 0.327178 
0.440679 0.467445 0.292682 0.360456 0.328494 
0.500000 0.473504 0.286786 0.357699 0.327192 
0.500000 0.472802 0.294216 0.360413 0.328407 
0.500000 0.471642 0.287109 0.356995 0.327211 
0.500000 0.470990 0.293672 0.360264 0.328718 
0.500000 0.469996 0.287077 0.357244 0.327277 
0.500000 0.469509 0.293137 0.360279 0.328608 
0.500000 0.468686 0.287075 0.357490 0.327270 
0.500000 0.468340 0.292675 0.360280 0.328499 
0.500000 0.467663 0.287109 0.357702 0.327270 
0.500000 0.268941 0.268941 0.500000 0.500000 
0.500000 0.349770 0.208107 0.368680 0.500000 
0.500000 0.399182 0.198796 0.397423 0.323582 
0.500000 0.440938 0.199145 0.401891 0.311129 
0.500000 0.465478 0.207461 0.401723 0.309217 
0.500000 0.478323 0.219998 0.397732 0.309289 
0.500000 0.484837 0.234373 0.391742 0.310996 
0.500000 0.488093 0.249070 0.384913 0.313570 
0.500000 0.489581 0.263179 0.377978 0.316517 
0.500000 0.489982 0.276178 0.371367 0.319525 
0.440679 0.489590 0.287791 0.365318 0.322407 
0.500000 0.490892 0.297885 0.359950 0.325055 
0.500000 0.489207 0.307093 0.355312 0.327415 
0.500000 0.486791 0.314599 0.351105 0.329461 
0.500000 0.483506 0.320460 0.347692 0.331322 
0.500000 0.479226 0.324652 0.345039 0.332836 
0.500000 0.473881 0.327132 0.343147 0.334016 
0.500000 0.467514 0.327845 0.342029 0.334858 
0.500000 0.460347 0.326752 0.341708 0.335356 
0.500000 0.452826 0.323867 0.342200 0.335499 
0.440679 0.445598 0.319318 0.343500 0.335280 
0.500000 0.450929 0.313394 0.345555 0.334701 
0.500000 0.446124 0.309914 0.348239 0.333786 
0.500000 0.442598 0.305366 0.349821 0.332593 
0.500000 0.440444 0.300490 0.351892 0.331892 
0.500000 0.439810 0.295690 0.354120 0.330974 
0.500000 0.440602 0.291378 0.356318 0.329988 
0.500000 0.442544 0.287878 0.358299 0.329016 
0.500000 0.445245 0.285383 0.359910 0.328143 
0.500000 0.448292 0.283955 0.361060 0.327433 
0.440679 0.451328 0.283535 0.361719 0.326926 
0.500000 0.463070 0.283980 0.361913 0.326636 
0.500000 0.464196 0.287668 0.361708 0.326551 
0.500000 0.464689 0.290980 0.360006 0.326641 
0.500000 0.464515 0.294005 0.358482 0.327390 
0.500000 0.463793 0.296584 0.357092 0.328062 
0.500000 0.462627 0.298627 0.355908 0.328675 
0.500000 0.461124 0.300086 0.354972 0.329198 
0.500000 0.459398 0.300945 0.354304 0.329611 
0.500000 0.457570 0.301223 0.353911 0.329906 
0.440679 0.455764 0.300970 0.353784 0.330080 
0.500000 0.463081 0.300261 0.353900 0.330136 
0.500000 0.461077 0.301795 0.354224 0.330085 
0.500000 0.459014 0.302399 0.353523 0.329942 
0.500000 0.456887 0.302381 0.353247 0.330252 
0.500000 0.454853 0.301787 0.353255 0.330374 
0.500000 0.453047 0.300723 0.353526 0.330370 
0.500000 0.451584 0.299312 0.354013 0.330250 
0.500000 0.450547 0.297695 0.354658 0.330035 
0.500000 0.449976 0.296016 0.355399 0.329750 
0.440679 0.449863 0.294410 0.356169 0.329423 
0.500000 0.459831 0.292991 0.356906 0.329083 
0.500000 0.459466 0.294632 0.357557 0.328757 
0.500000 0.458984 0.295754 0.356804 0.328470 
0.500000 0.458282 0.296614 0.356289 0.328802 
0.500000 0.457444 0.297169 0.355895 0.329029 
0.500000 0.456539 0.297423 0.355640 0.329204 
0.500000 0.455635 0.297399 0.355524 0.329316 
0.500000 0.454794 0.297135 0.355535 0.329367 
0.500000 0.454068 0.296678 0.355656 0.329363 
0.440679 0.453498 0.296088 0.355865 0.329309 
0.500000 0.462262 0.295423 0.356136 0.329217 
0.500000 0.461251 0.297384 0.356441 0.329097 
0.500000 0.460085 0.298621 0.355542 0.328962 
0.500000 0.458713 0.299396 0.354975 0.329359 
0.500000 0.457251 0.299696 0.354620 0.329610 
0.500000 0.455799 0.299560 0.354483 0.329767 
0.500000 0.454458 0.299050 0.354545 0.329827 
0.500000 0.453310 0.298246 0.354778 0.329800 
0.500000 0.452422 0.297240 0.355147 0.329697 
0.440679 0.451833 0.296129 0.355608 0.329534 
0.500000 0.460982 0.295009 0.356117 0.329330 
0.500000 0.460129 0.296686 0.356631 0.329105 
0.500000 0.459174 0.297714 0.355862 0.328879 
0.500000 0.458045 0.298364 0.355391 0.329218 
0.500000 0.456843 0.298620 0.355093 0.329426 
0.500000 0.455653 0.298518 0.354975 0.329558 
0.500000 0.454557 0.298109 0.355022 0.329610 
0.500000 0.453622 0.297458 0.355210 0.329589 
0.500000 0.452900 0.296642 0.355508 0.329506 
0.440679 0.452420 0.295740 0.355882 0.329374 
0.500000 0.461507 0.294831 0.356295 0.329209 
0.500000 0.460658 0.296671 0.356712 0.329027 
0.500000 0.459674 0.297843 0.355869 0.328843 
0.500000 0.458488 0.298611 0.355331 0.329215 
0.500000 0.457207 0.298954 0.354980 0.329453 
0.500000 0.455922 0.298906 0.354822 0.329608 
0.500000 0.454722 0.298517 0.354845 0.329677 
0.500000 0.453682 0.297856 0.355023 0.329668 
0.500000 0.452863 0.297003 0.355325 0.329589 
0.440679 0.452299 0.296043 0.355716 0.329455 
0.500000 0.461356 0.295060 0.356157 0.329282 
0.500000 0.460470 0.296829 0.356607 0.329088 
0.500000 0.459464 0.297930 0.355796 0.328889 
0.500000 0.458272 0.298629 0.355291 0.329247 
0.500000 0.456999 0.298912 0.354971 0.329470 
0.500000 0.455736 0.298813 0.354842 0.329612 
0.500000 0.454567 0.298386 0.354887 0.329669 
0.500000 0.453568 0.297701 0.355082 0.329649 
0.500000 0.452792 0.296838 0.355396 0.329562 
0.500000 0.268941 0.268941 0.500000 0.500000 
0.500000 0.349770 0.208107 0.368680 0.500000 
0.500000 0.399182 0.222772 0.397423 0.323582 
0.500000 0.434730 0.238951 0.390421 0.311129 
0.500000 0.453358 0.265177 0.382748 0.314139 
0.500000 0.461332 0.295958 0.370434 0.317454 
0.500000 0.462083 0.328220 0.356195 0.322814 
0.500000 0.456494 0.358722 0.341540 0.329071 
0.500000 0.443354 0.384864 0.327956 0.335574 
0.500000 0.420045 0.404856 0.316538 0.341659 
0.440679 0.384268 0.417691 0.307952 0.346813 
0.500000 0.360788 0.422695 0.302508 0.350714 
0.500000 0.309936 0.423565 0.300401 0.353197 
0.500000 0.262539 0.414243 0.300035 0.354160 
0.500000 0.226908 0.393703 0.303965 0.354328 
0.500000 0.500000 0.361198 0.312726 0.352531 
0.500000 0.500000 0.405692 0.326866 0.348542 
0.500000 0.500000 0.429873 0.307596 0.342149 
0.500000 0.500000 0.449151 0.297392 0.350876 
0.500000 0.500000 0.462611 0.289400 0.355538 
0.440679 0.500000 0.471883 0.283895 0.359209 
0.500000 0.500000 0.478213 0.280140 0.361747 
0.500000 0.500000 0.482559 0.277594 0.363483 
0.500000 0.500000 0.485583 0.275855 0.364662 
0.500000 0.500000 0.487725 0.274648 0.365468 
0.500000 0.500000 0.489269 0.273796 0.366028 
0.500000 0.500000 0.490402 0.273182 0.366423 
0.500000 0.500000 0.491248 0.272732 0.366708 
0.500000 0.500000 0.491888 0.272397 0.366917 
0.500000 0.500000 0.492378 0.272143 0.367073 
0.440679 0.500000 0.492757 0.271949 0.367191 
0.500000 0.500000 0.493052 0.271799 0.367281 
0.500000 0.500000 0.493285 0.271682 0.367351 
0.500000 0.500000 0.493469 0.271590 0.367405 
0.500000 0.500000 0.493615 0.271517 0.367448 
0.500000 0.500000 0.493732 0.271459 0.367482 
0.500000 0.500000 0.493825 0.271413 0.367509 
0.500000 0.500000 0.493900 0.271376 0.367530 
0.500000 0.500000 0.493961 0.271347 0.367547 
0.500000 0.500000 0.494010 0.271323 0.367561 
0.440679 0.500000 0.494049 0.271304 0.367572 
0.500000 0.500000 0.494081 0.271288 0.367581 
0.500000 0.500000 0.494106 0.271275 0.367589 
0.500000 0.500000 0.494127 0.271265 0.367594 
0.500000 0.500000 0.494144 0.271257 0.367599 
0.500000 0.500000 0.494158 0.271250 0.367603 
0.500000 0.500000 0.494169 0.271245 0.367606 
0.500000 0.500000 0.494178 0.271241 0.367609 
0.500000 0.500000 0.494185 0.271237 0.367611 
0.500000 0.500000 0.494191 0.271234 0.367612 
0.440679 0.500000 0.494196 0.271232 0.367614 
0.500000 0.500000 0.494200 0.271230 0.367615 
0.500000 0.500000 0.494203 0.271228 0.367616 
0.500000 0.500000 0.494205 0.271227 0.367616 
0.500000 0.500000 0.494208 0.271226 0.367617 
0.500000 0.500000 0.494209 0.271225 0.367617 
0.500000 0.500000 0.494211 0.271225 0.367618 
0.500000 0.500000 0.494212 0.271224 0.367618 
0.500000 0.500000 0.494213 0.271224 0.367618 
0.500000 0.500000 0.494213 0.271223 0.367619 
0.440679 0.500000 0.494214 0.271223 0.367619 
0.500000 0.500000 0.494215 0.271223 0.367619 
0.500000 0.500000 0.494215 0.271222 0.367619 
0.500000 0.500000 0.494215 0.271222 0.367619 
0.500000 0.500000 0.494216 0.271222 0.367619 
0.500000 0.500000 0.494216 0.271222 0.367619 
0.500000 0.500000 0.494216 0.271222 0.367619 
0.500000 0.500000 0.494216 0.271222 0.367619 
0.500000 0.500000 0.494216 0.271222 0.367619 
0.500000 0.500000 0.494216 0.271222 0.367619 
0.440679 0.500000 0.494216 0.271222 0.367619 
0.500000 0.500000 0.494216 0.271222 0.367619 
0.500000 0.500000 0.494216 0.271222 0.367619 
0.500000 0.500000 0.494216 0.271222 0.367619 
0.500000 0.500000 0.494217 0.271222 0.367619 
0.500000 0.500000 0.494217 0.271222 0.367619 
0.500000 0.500000 0.494217 0.271222 0.367619 
0.500000 0.500000 0.494217 0.271222 0.367619 
0.500000 0.500000 0.494217 0.271222 0.367619 
0.500000 0.500000 0.494217 0.271222 0.367619 
0.440679 0.500000 0.494217 0.271222 0.367619 
0.500000 0.500000 0.494217 0.271222 0.367619 
0.500000 0.500000 0.494217 0.271222 0.367619 
0.500000 0.500000 0.494217 0.271222 0.367619 
0.500000 0.500000 0.494217 0.271222 0.367619 
0.500000 0.500000 0.494217 0.271222 0.367619 
0.500000 0.500000 0.494217 0.271222 0.367619 
0.500000 0.500000 0.494217 0.271222 0.367619 
0.500000 0.500000 0.494217 0.271222 0.367619 
0.500000 0.500000 0.494217 0.271222 0.367619 
0.440679 0.500000 0.494217 0.271222 0.367619 
0.500000 0.500000 0.494217 0.271222 0.367619 
0.500000 0.500000 0.494217 0.271222 0.367619 
0.500000 0.500000 0.494217 0.271222 0.367619 
0.500000 0.500000 0.494217 0.271222 0.367619 
0.500000 0.500000 0.494217 0.271222 0.367619 
0.500000 0.500000 0.494217 0.271222 0.367619 
0.500000 0.500000 0.494217 0.271222 0.367619 
0.500000 0.500000 0.494217 0.271222 0.367619 
0.500000 0.500000 0.494217 0.271222 0.367619 
0.500000 0.268941 0.268941 0.500000 0.500000 
0.500000 0.349770 0.208107 0.368680 0.500000 
0.500000 0.399182 0.218466 0.397423 0.323582 
0.500000 0.435845 0.231581 0.392472 0.311129 
0.500000 0.455728 0.254059 0.386236 0.313255 
0.500000 0.465065 0.281155 0.375635 0.315945 
0.500000 0.467744 0.310148 0.363013 0.320545 
0.500000 0.465330 0.338404 0.349714 0.326067 
0.500000 0.457581 0.363764 0.336974 0.331939 
0.500000 0.442918 0.384576 0.325737 0.337613 
0.440679 0.419055 0.399693 0.316663 0.342657 
0.500000 0.403789 0.408257 0.310157 0.346757 
0.500000 0.362602 0.413332 0.306504 0.349710 
0.500000 0.316426 0.409659 0.304351 0.351373 
0.500000 0.274087 0.396185 0.305908 0.352355 
0.500000 0.243253 0.371436 0.311660 0.351645 
0.500000 0.227094 0.336299 0.322377 0.349027 
0.500000 0.226703 0.295909 0.337915 0.344173 
0.500000 0.244252 0.258608 0.356218 0.337192 
0.500000 0.282366 0.231735 0.373504 0.329061 
0.440679 0.336561 0.218673 0.386163 0.321474 
0.500000 0.408773 0.219302 0.392373 0.315976 
0.500000 0.440851 0.236185 0.392074 0.313298 
0.500000 0.458170 0.259588 0.384056 0.313427 
0.500000 0.465886 0.287301 0.373045 0.316888 
0.500000 0.467444 0.316281 0.360175 0.321674 
0.500000 0.463969 0.344042 0.346930 0.327316 
0.500000 0.454909 0.368518 0.334459 0.333175 
0.500000 0.438471 0.388170 0.323653 0.338739 
0.500000 0.412396 0.401936 0.315109 0.343597 
0.440679 0.375873 0.408973 0.309198 0.347461 
0.500000 0.355721 0.408271 0.306200 0.350146 
0.500000 0.311316 0.404022 0.306498 0.351512 
0.500000 0.272295 0.389211 0.308308 0.351376 
0.500000 0.244718 0.363718 0.314660 0.350552 
0.500000 0.231503 0.328966 0.325758 0.347665 
0.500000 0.233984 0.290485 0.341204 0.342648 
0.500000 0.254426 0.256182 0.358709 0.335724 
0.500000 0.294330 0.232505 0.374640 0.327962 
0.500000 0.347102 0.222202 0.385798 0.320978 
0.440679 0.396578 0.224906 0.390692 0.316134 
0.500000 0.444006 0.238439 0.389406 0.314022 
0.500000 0.459573 0.263291 0.382990 0.314576 
0.500000 0.466348 0.291197 0.371314 0.317349 
0.500000 0.467203 0.320155 0.358382 0.322430 
0.500000 0.268941 0.268941 0.500000 0.500000 
0.500000 0.299199 0.208107 0.368680 0.500000 
0.500000 0.293121 0.206259 0.397423 0.323582 
0.500000 0.297955 0.196735 0.398308 0.311129 
0.500000 0.304443 0.190531 0.402882 0.310750 
0.500000 0.313077 0.186230 0.405871 0.308794 
0.500000 0.322700 0.183987 0.407947 0.307519 
0.500000 0.332434 0.183599 0.409031 0.306636 
0.500000 0.341511 0.184853 0.409218 0.306175 
0.500000 0.349355 0.187512 0.408612 0.306096 
0.440679 0.355589 0.191326 0.407327 0.306353 
0.500000 0.381595 0.196015 0.405488 0.306899 
0.500000 0.381836 0.205828 0.403229 0.307683 
0.500000 0.379812 0.214952 0.398515 0.308646 
0.500000 0.375124 0.223503 0.394149 0.310661 
0.500000 0.368121 0.230744 0.390073 0.312534 
0.500000 0.359193 0.236110 0.386633 0.314289 
0.500000 0.348929 0.239136 0.384091 0.315773 
0.500000 0.338100 0.239549 0.382660 0.316873 
0.500000 0.327604 0.237333 0.382465 0.317492 
0.440679 0.318347 0.232769 0.383512 0.317577 
0.500000 0.335376 0.226418 0.385673 0.317123 
0.500000 0.328388 0.225323 0.388687 0.316188 
0.500000 0.323274 0.221830 0.389207 0.314886 
0.500000 0.319446 0.217666 0.390869 0.314662 
0.500000 0.317311 0.213054 0.392854 0.313945 
0.500000 0.316908 0.208478 0.395056 0.313091 
0.500000 0.318147 0.204318 0.397245 0.312145 
0.500000 0.320787 0.200867 0.399239 0.311205 
0.500000 0.324489 0.198307 0.400896 0.310351 
0.440679 0.328856 0.196721 0.402126 0.309643 
0.500000 0.356901 0.196110 0.402889 0.309117 
0.500000 0.358905 0.201297 0.403183 0.308791 
0.500000 0.359868 0.206002 0.400689 0.308665 
0.500000 0.359126 0.210741 0.398432 0.309731 
0.500000 0.356921 0.215069 0.396162 0.310697 
0.500000 0.353449 0.218701 0.394093 0.311670 
0.500000 0.348997 0.221374 0.392360 0.312558 
0.500000 0.343913 0.222907 0.391086 0.313303 
0.500000 0.338597 0.223209 0.390357 0.313852 
0.440679 0.333467 0.222306 0.390213 0.314166 
0.500000 0.352568 0.220335 0.390642 0.314228 
0.500000 0.346782 0.223426 0.391581 0.314043 
0.500000 0.341284 0.224216 0.390110 0.313639 
0.500000 0.335651 0.223858 0.389734 0.314273 
0.500000 0.330469 0.222244 0.389904 0.314435 
0.500000 0.326115 0.219614 0.390672 0.314361 
0.500000 0.322910 0.216261 0.391925 0.314030 
0.500000 0.321049 0.212538 0.393524 0.313491 
0.500000 0.320598 0.208797 0.395303 0.312803 
0.440679 0.321490 0.205353 0.397093 0.312039 
0.500000 0.347420 0.202451 0.398743 0.311271 
0.500000 0.347924 0.205494 0.400135 0.310564 
0.500000 0.348282 0.207763 0.398675 0.309968 
0.500000 0.347722 0.210051 0.397588 0.310593 
0.500000 0.346455 0.212055 0.396492 0.311058 
0.500000 0.344596 0.213662 0.395533 0.311528 
0.500000 0.342313 0.214765 0.394766 0.311940 
0.500000 0.339799 0.215304 0.394239 0.312269 
0.500000 0.337252 0.215268 0.393981 0.312496 
0.440679 0.334871 0.214693 0.393998 0.312606 
0.500000 0.356281 0.213659 0.394273 0.312599 
0.500000 0.352500 0.217885 0.394767 0.312481 
0.500000 0.348493 0.220297 0.392749 0.312269 
0.500000 0.343769 0.221805 0.391600 0.313136 
0.500000 0.338828 0.222150 0.390881 0.313631 
0.500000 0.334039 0.221379 0.390717 0.313940 
0.500000 0.329776 0.219611 0.391084 0.314011 
0.500000 0.326358 0.217058 0.391926 0.313853 
0.500000 0.324016 0.213997 0.393144 0.313490 
0.440679 0.322874 0.210731 0.394606 0.312966 
0.500000 0.346841 0.207553 0.396167 0.312338 
0.500000 0.345639 0.210172 0.397688 0.311668 
0.500000 0.344587 0.211644 0.396434 0.311015 
0.500000 0.342961 0.212903 0.395730 0.311553 
0.500000 0.341035 0.213715 0.395128 0.311855 
0.500000 0.338950 0.214063 0.394740 0.312114 
0.500000 0.336875 0.213943 0.394574 0.312280 
0.500000 0.334966 0.213395 0.394631 0.312352 
0.500000 0.333361 0.212489 0.394893 0.312327 
0.440679 0.332164 0.211324 0.395326 0.312214 
0.500000 0.354967 0.210011 0.395883 0.312029 
0.500000 0.352460 0.214146 0.396511 0.311789 
0.500000 0.349671 0.216783 0.394534 0.311520 
0.500000 0.346037 0.218773 0.393275 0.312369 
0.500000 0.341974 0.219826 0.392326 0.312910 
0.500000 0.337786 0.219921 0.391824 0.313318 
0.500000 0.333803 0.219092 0.391779 0.313534 
0.500000 0.330327 0.217461 0.392174 0.313554 
0.500000 0.327611 0.215217 0.392952 0.313384 
0.440679 0.325827 0.212596 0.394022 0.313049 
0.500000 0.348875 0.209847 0.395275 0.312589 
0.500000 0.346775 0.212742 0.396590 0.312051 
0.500000 0.344796 0.214268 0.395205 0.311486 
0.500000 0.342278 0.215386 0.394476 0.312081 
0.500000 0.339560 0.215870 0.393942 0.312394 
0.500000 0.336837 0.215740 0.393711 0.312623 
0.500000 0.334321 0.215038 0.393773 0.312722 
0.500000 0.332193 0.213858 0.394108 0.312696 
0.500000 0.330599 0.212329 0.394672 0.312552 
0.500000 0.268941 0.268941 0.500000 0.500000 
0.500000 0.349770 0.208107 0.368680 0.500000 
0.500000 0.399182 0.255072 0.397423 0.323582 
0.500000 0.426348 0.270716 0.375160 0.311129 
0.500000 0.438433 0.289387 0.367855 0.320752 
0.500000 0.443075 0.299268 0.359215 0.323943 
0.500000 0.443716 0.305672 0.354679 0.327739 
0.500000 0.442291 0.308764 0.351753 0.329741 
0.500000 0.439847 0.310019 0.350344 0.331035 
0.500000 0.437050 0.310065 0.349773 0.331660 
0.440679 0.434318 0.309464 0.349752 0.331913 
0.500000 0.444623 0.308553 0.350025 0.331922 
0.500000 0.441756 0.311279 0.350440 0.331801 
0.500000 0.438605 0.310840 0.349200 0.331617 
0.500000 0.435498 0.310280 0.349400 0.332167 
0.500000 0.432751 0.309189 0.349654 0.332078 
0.500000 0.430492 0.308075 0.350151 0.331966 
0.500000 0.428765 0.307010 0.350658 0.331745 
0.500000 0.427534 0.306108 0.351143 0.331521 
0.500000 0.426726 0.305391 0.351554 0.331306 
0.440679 0.426250 0.304862 0.351881 0.331124 
0.500000 0.439655 0.304499 0.352122 0.330979 
0.500000 0.438328 0.308265 0.352288 0.330872 
0.500000 0.436371 0.308571 0.350571 0.330798 
0.500000 0.434161 0.308679 0.350432 0.331559 
0.500000 0.432067 0.308104 0.350383 0.331621 
0.500000 0.430253 0.307394 0.350644 0.331643 
0.500000 0.428804 0.306626 0.350968 0.331527 
0.500000 0.427724 0.305930 0.351318 0.331383 
0.500000 0.426978 0.305348 0.351635 0.331228 
0.440679 0.426505 0.304898 0.351900 0.331088 
0.500000 0.439847 0.304574 0.352106 0.330970 
0.500000 0.438485 0.308341 0.352254 0.330879 
0.500000 0.436493 0.308644 0.350536 0.330814 
0.500000 0.434252 0.308742 0.350398 0.331574 
0.500000 0.432130 0.308156 0.350354 0.331636 
0.500000 0.430294 0.307433 0.350621 0.331655 
0.500000 0.428828 0.306654 0.350950 0.331537 
0.500000 0.427735 0.305950 0.351305 0.331391 
0.500000 0.426981 0.305360 0.351626 0.331234 
0.440679 0.426503 0.304905 0.351895 0.331092 
0.500000 0.439843 0.304576 0.352103 0.330972 
0.500000 0.438481 0.308342 0.352252 0.330880 
0.500000 0.436489 0.308643 0.350536 0.330814 
0.500000 0.434248 0.308740 0.350399 0.331575 
0.500000 0.432127 0.308154 0.350355 0.331635 
0.500000 0.430292 0.307432 0.350622 0.331655 
0.500000 0.428826 0.306653 0.350951 0.331537 
0.500000 0.427734 0.305949 0.351305 0.331391 
0.500000 0.426980 0.305359 0.351627 0.331234 
0.440679 0.426503 0.304904 0.351895 0.331091 
0.500000 0.439843 0.304576 0.352103 0.330972 
0.500000 0.438481 0.308342 0.352253 0.330880 
0.500000 0.436489 0.308643 0.350536 0.330814 
0.500000 0.434248 0.308740 0.350399 0.331575 
0.500000 0.432127 0.308154 0.350355 0.331635 
0.500000 0.430292 0.307432 0.350622 0.331655 
0.500000 0.428826 0.306653 0.350951 0.331537 
0.500000 0.427734 0.305949 0.351305 0.331391 
0.500000 0.426980 0.305359 0.351627 0.331234 
0.440679 0.426503 0.304904 0.351895 0.331091 
0.500000 0.439843 0.304576 0.352103 0.330972 
0.500000 0.438481 0.308342 0.352253 0.330880 
0.500000 0.436489 0.308643 0.350536 0.330814 
0.500000 0.434248 0.308740 0.350399 0.331575 
0.500000 0.432127 0.308154 0.350355 0.331635 
0.500000 0.430292 0.307432 0.350622 0.331655 
0.500000 0.428826 0.306653 0.350951 0.331537 
0.500000 0.427734 0.305949 0.351305 0.331391 
0.500000 0.426980 0.305359 0.351627 0.331234 
0.440679 0.426503 0.304904 0.351895 0.331091 
0.500000 0.439843 0.304576 0.352103 0.330972 
0.500000 0.438481 0.308342 0.352253 0.330880 
0.500000 0.436489 0.308643 0.350536 0.330814 
0.500000 0.434248 0.308740 0.350399 0.331575 
0.500000 0.432127 0.308154 0.350355 0.331635 
0.500000 0.430292 0.307432 0.350622 0.331655 
0.500000 0.428826 0.306653 0.350951 0.331537 
0.500000 0.427734 0.305949 0.351305 0.331391 
0.500000 0.426980 0.305359 0.351627 0.331234 
0.440679 0.426503 0.304904 0.351895 0.331091 
0.500000 0.439843 0.304576 0.352103 0.330972 
0.500000 0.438481 0.308342 0.352253 0.330880 
0.500000 0.436489 0.308643 0.350536 0.330814 
0.500000 0.434248 0.308740 0.350399 0.331575 
0.500000 0.432127 0.308154 0.350355 0.331635 
0.500000 0.430292 0.307432 0.350622 0.331655 
0.500000 0.428826 0.306653 0.350951 0.331537 
0.500000 0.427734 0.305949 0.351305 0.331391 
0.500000 0.426980 0.305359 0.351627 0.331234 
0.440679 0.426503 0.304904 0.351895 0.331091 
0.500000 0.439843 0.304576 0.352103 0.330972 
0.500000 0.438481 0.308342 0.352253 0.330880 
0.500000 0.436489 0.308643 0.350536 0.330814 
0.500000 0.434248 0.308740 0.350399 0.331575 
0.500000 0.432127 0.308154 0.350355 0.331635 
0.500000 0.430292 0.307432 0.350622 0.331655 
0.500000 0.428826 0.306653 0.350951 0.331537 
0.500000 0.427734 0.305949 0.351305 0.331391 
0.500000 0.426980 0.305359 0.351627 0.331234 
0.500000 0.268941 0.268941 0.500000 0.500000 
0.500000 0.349770 0.249802 0.368680 0.500000 
0.500000 0.383690 0.283537 0.377634 0.323582 
0.500000 0.401933 0.311716 0.361912 0.319675 
0.500000 0.405006 0.341091 0.349001 0.326551 
0.500000 0.396084 0.367873 0.335774 0.332255 
0.500000 0.375438 0.390812 0.323935 0.338150 
0.500000 0.343287 0.409082 0.313970 0.343470 
0.500000 0.302217 0.422594 0.306153 0.347978 
0.500000 0.258435 0.431750 0.300443 0.351533 
0.440679 0.219244 0.437248 0.296609 0.354141 
0.500000 0.500000 0.439898 0.294320 0.355897 
0.500000 0.500000 0.454052 0.293220 0.356947 
0.500000 0.500000 0.463308 0.287388 0.357452 
0.500000 0.500000 0.470094 0.283612 0.360136 
0.500000 0.500000 0.475015 0.280862 0.361878 
0.500000 0.500000 0.478613 0.278879 0.363149 
0.500000 0.500000 0.481274 0.277434 0.364066 
0.500000 0.500000 0.483264 0.276368 0.364736 
0.500000 0.500000 0.484770 0.275573 0.365230 
0.440679 0.500000 0.485924 0.274972 0.365598 
0.500000 0.500000 0.486817 0.274512 0.365877 
0.500000 0.500000 0.487513 0.274157 0.366091 
0.500000 0.500000 0.488061 0.273880 0.366256 
0.500000 0.500000 0.488495 0.273662 0.366384 
0.500000 0.500000 0.488841 0.273489 0.366486 
0.500000 0.500000 0.489117 0.273352 0.366566 
0.500000 0.500000 0.489340 0.273242 0.366629 
0.500000 0.500000 0.489519 0.273154 0.366680 
0.500000 0.500000 0.489663 0.273083 0.366721 
0.440679 0.500000 0.489781 0.273025 0.366754 
0.500000 0.500000 0.489876 0.272979 0.366781 
0.500000 0.500000 0.489953 0.272941 0.366803 
0.500000 0.500000 0.490016 0.272910 0.366820 
0.500000 0.500000 0.490068 0.272885 0.366835 
0.500000 0.500000 0.490109 0.272865 0.366846 
0.500000 0.500000 0.490143 0.272848 0.366856 
0.500000 0.500000 0.490171 0.272835 0.366863 
0.500000 0.500000 0.490194 0.272824 0.366870 
0.500000 0.500000 0.490213 0.272815 0.366875 
0.440679 0.500000 0.490228 0.272807 0.366879 
0.500000 0.500000 0.490240 0.272801 0.366882 
0.500000 0.500000 0.490250 0.272796 0.366885 
0.500000 0.500000 0.490259 0.272792 0.366888 
0.500000 0.500000 0.490266 0.272789 0.366889 
0.500000 0.500000 0.490271 0.272786 0.366891 
0.500000 0.500000 0.490276 0.272784 0.366892 
0.500000 0.500000 0.490279 0.272782 0.366893 
0.500000 0.500000 0.490283 0.272781 0.366894 
0.500000 0.500000 0.490285 0.272780 0.366895 
0.440679 0.500000 0.490287 0.272779 0.366895 
0.500000 0.500000 0.490289 0.272778 0.366896 
0.500000 0.500000 0.490290 0.272777 0.366896 
0.500000 0.500000 0.490291 0.272777 0.366896 
0.500000 0.500000 0.490292 0.272776 0.366897 
0.500000 0.500000 0.490293 0.272776 0.366897 
0.500000 0.500000 0.490293 0.272776 0.366897 
0.500000 0.500000 0.490294 0.272775 0.366897 
0.500000 0.500000 0.490294 0.272775 0.366897 
0.500000 0.500000 0.490295 0.272775 0.366897 
0.440679 0.500000 0.490295 0.272775 0.366897 
0.500000 0.500000 0.490295 0.272775 0.366898 
0.500000 0.500000 0.490295 0.272775 0.366898 
0.500000 0.500000 0.490296 0.272775 0.366898 
0.500000 0.500000 0.490296 0.272775 0.366898 
0.500000 0.500000 0.490296 0.272774 0.366898 
0.500000 0.500000 0.490296 0.272774 0.366898 
0.500000 0.500000 0.490296 0.272774 0.366898 
0.500000 0.500000 0.490296 0.272774 0.366898 
0.500000 0.500000 0.490296 0.272774 0.366898 
0.440679 0.500000 0.490296 0.272774 0.366898 
0.500000 0.500000 0.490296 0.272774 0.366898 
0.500000 0.500000 0.490296 0.272774 0.366898 
0.500000 0.500000 0.490296 0.272774 0.366898 
0.500000 0.500000 0.490296 0.272774 0.366898 
0.500000 0.500000 0.490296 0.272774 0.366898 
0.500000 0.500000 0.490296 0.272774 0.366898 
0.500000 0.500000 0.490296 0.272774 0.366898 
0.500000 0.500000 0.490296 0.272774 0.366898 
0.500000 0.500000 0.490296 0.272774 0.366898 
0.440679 0.500000 0.490296 0.272774 0.366898 
0.500000 0.500000 0.490296 0.272774 0.366898 
0.500000 0.500000 0.490296 0.272774 0.366898 
0.500000 0.500000 0.490296 0.272774 0.366898 
0.500000 0.500000 0.490296 0.272774 0.366898 
0.500000 0.500000 0.490296 0.272774 0.366898 
0.500000 0.500000 0.490296 0.272774 0.366898 
0.500000 0.500000 0.490296 0.272774 0.366898 
0.500000 0.500000 0.490296 0.272774 0.366898 
0.500000 0.500000 0.490296 0.272774 0.366898 
0.440679 0.500000 0.490296 0.272774 0.366898 
0.500000 0.500000 0.490296 0.272774 0.366898 
0.500000 0.500000 0.490296 0.272774 0.366898 
0.500000 0.500000 0.490296 0.272774 0.366898 
0.500000 0.500000 0.490296 0.272774 0.366898 
0.500000 0.500000 0.490296 0.272774 0.366898 
0.500000 0.500000 0.490296 0.272774 0.366898 
0.500000 0.500000 0.490296 0.272774 0.366898 
0.500000 0.500000 0.490296 0.272774 0.366898 
0.500000 0.500000 0.490296 0.272774 0.366898 
0.500000 0.268941 0.268941 0.500000 0.500000 
0.500000 0.349770 0.194364 0.368680 0.500000 
0.500000 0.404424 0.197787 0.404024 0.323582 
0.500000 0.445362 0.206974 0.402376 0.308307 
0.500000 0.466821 0.227420 0.397966 0.309010 
0.500000 0.476870 0.254362 0.388210 0.310896 
0.500000 0.480788 0.284877 0.375493 0.315092 
0.500000 0.480924 0.316176 0.361293 0.320607 
0.500000 0.477736 0.345803 0.346977 0.326824 
0.500000 0.470357 0.371703 0.333676 0.333154 
0.440679 0.456709 0.392341 0.322260 0.339090 
0.500000 0.446226 0.406638 0.313311 0.344226 
0.500000 0.415084 0.416718 0.307193 0.348277 
0.500000 0.371950 0.418213 0.302919 0.351059 
0.500000 0.322748 0.409217 0.302288 0.353009 
0.500000 0.279013 0.385931 0.306096 0.353298 
0.500000 0.250548 0.345560 0.316076 0.351559 
0.500000 0.242544 0.292746 0.333784 0.347023 
0.500000 0.259361 0.242265 0.357670 0.339042 
0.500000 0.304848 0.207965 0.381183 0.328420 
0.440679 0.368836 0.193352 0.397491 0.318133 
0.500000 0.438038 0.195439 0.404511 0.311100 
0.500000 0.464761 0.213971 0.403506 0.308099 
0.500000 0.477364 0.239657 0.394618 0.308528 
0.500000 0.482637 0.270075 0.382414 0.312333 
0.500000 0.483921 0.302290 0.368153 0.317599 
0.500000 0.482233 0.333754 0.353297 0.323813 
0.500000 0.477188 0.362226 0.339055 0.330352 
0.500000 0.467191 0.385956 0.326413 0.336683 
0.500000 0.449436 0.403741 0.316066 0.342353 
0.440679 0.420612 0.414691 0.308427 0.347027 
0.500000 0.399248 0.417688 0.303776 0.350497 
0.500000 0.352289 0.415861 0.302509 0.352618 
0.500000 0.304012 0.401544 0.303281 0.353196 
0.500000 0.265619 0.371537 0.309365 0.352844 
0.500000 0.244977 0.325051 0.322332 0.350070 
0.500000 0.246375 0.271236 0.342967 0.344193 
0.500000 0.274594 0.226252 0.367613 0.334938 
0.500000 0.330002 0.200036 0.388766 0.324049 
0.500000 0.393546 0.192653 0.401295 0.314852 
0.440679 0.439915 0.200292 0.404848 0.309472 
0.500000 0.472022 0.218952 0.401172 0.307955 
0.500000 0.481147 0.247362 0.392241 0.309524 
0.500000 0.484695 0.279005 0.378781 0.313355 
0.500000 0.484963 0.311691 0.364008 0.319176 
0.500000 0.482448 0.342863 0.349013 0.325630 
0.500000 0.476388 0.370429 0.334985 0.332250 
0.500000 0.464809 0.392816 0.322816 0.338504 
0.500000 0.444545 0.408980 0.313107 0.343974 
0.500000 0.412299 0.418083 0.306197 0.348369 
0.440679 0.367931 0.418854 0.302343 0.351513 
0.500000 0.342318 0.408806 0.302018 0.353272 
0.500000 0.296807 0.392231 0.306271 0.353421 
0.500000 0.263595 0.358908 0.313359 0.351480 
0.500000 0.248621 0.311419 0.327874 0.348255 
0.500000 0.256284 0.260586 0.349136 0.341695 
0.500000 0.290838 0.221209 0.372578 0.332195 
0.500000 0.348441 0.200423 0.391165 0.321878 
0.500000 0.406920 0.197217 0.401109 0.313818 
0.500000 0.446478 0.207857 0.402650 0.309551 
0.440679 0.467361 0.228499 0.397543 0.308893 
0.500000 0.481759 0.255654 0.387698 0.311078 
0.500000 0.484401 0.287949 0.374887 0.315313 
0.500000 0.483968 0.320200 0.359877 0.320870 
0.500000 0.480575 0.350428 0.345156 0.327447 
0.500000 0.473160 0.376584 0.331622 0.333964 
0.500000 0.459419 0.397251 0.320132 0.340011 
0.500000 0.436022 0.411468 0.311203 0.345187 
0.500000 0.400231 0.418328 0.305141 0.349234 
0.500000 0.353682 0.416281 0.302240 0.351995 
0.440679 0.305100 0.402419 0.303103 0.353320 
0.500000 0.290043 0.372839 0.308992 0.352925 
0.500000 0.265179 0.337420 0.321764 0.350240 
0.500000 0.260068 0.290931 0.337414 0.344450 
0.500000 0.277940 0.247413 0.358504 0.337417 
0.500000 0.320335 0.217623 0.378757 0.328052 
0.500000 0.376183 0.205169 0.392874 0.319186 
0.500000 0.424022 0.208139 0.398831 0.313082 
0.500000 0.453729 0.223008 0.397408 0.310526 
0.500000 0.469062 0.246149 0.390308 0.311136 
0.440679 0.475948 0.274239 0.379353 0.314187 
0.500000 0.482375 0.304333 0.366218 0.318927 
0.500000 0.480440 0.335463 0.352363 0.324660 
0.500000 0.474929 0.363201 0.338289 0.330765 
0.500000 0.464148 0.386202 0.325985 0.337025 
0.500000 0.445310 0.403202 0.315959 0.342546 
0.500000 0.415362 0.413276 0.308657 0.347076 
0.500000 0.373792 0.415198 0.304375 0.350392 
0.500000 0.326194 0.406736 0.303561 0.352345 
0.500000 0.283393 0.384422 0.307151 0.352716 
0.440679 0.255071 0.345687 0.316729 0.351078 
0.500000 0.269375 0.294807 0.333727 0.346727 
0.500000 0.283769 0.255497 0.356723 0.339067 
0.500000 0.321517 0.225803 0.374960 0.328838 
0.500000 0.372568 0.212441 0.388979 0.320839 
0.500000 0.418507 0.214002 0.395349 0.314760 
0.500000 0.448657 0.227457 0.394603 0.312019 
0.500000 0.464943 0.249290 0.388193 0.312339 
0.500000 0.472502 0.276185 0.377874 0.315099 
0.500000 0.474688 0.305177 0.365315 0.319570 
