0.500000 0.500000 0.268941 0.500000 0.500000 
0.500000 0.500000 0.268941 0.368680 0.500000 
0.500000 0.436979 0.268941 0.368680 0.323582 
0.500000 0.458337 0.256684 0.368680 0.323582 
0.500000 0.468299 0.264492 0.374404 0.323582 
0.500000 0.470801 0.264071 0.370754 0.321081 
0.500000 0.472367 0.264686 0.370950 0.322675 
0.500000 0.473022 0.264807 0.370663 0.322589 
0.500000 0.473353 0.264899 0.370607 0.322714 
0.500000 0.473511 0.264936 0.370564 0.322739 
0.500000 0.473588 0.264955 0.370547 0.322757 
0.500000 0.473625 0.264965 0.370538 0.322765 
0.500000 0.473644 0.264969 0.370533 0.322769 
0.500000 0.473653 0.264971 0.370531 0.322771 
0.500000 0.473657 0.264972 0.370530 0.322772 
0.500000 0.473659 0.264973 0.370530 0.322772 
0.500000 0.473660 0.264973 0.370529 0.322773 
0.500000 0.473661 0.264973 0.370529 0.322773 
0.500000 0.473661 0.264973 0.370529 0.322773 
0.500000 0.473661 0.264973 0.370529 0.322773 
0.500000 0.473661 0.264973 0.370529 0.322773 
0.500000 0.473661 0.264974 0.370529 0.322773 
0.500000 0.473661 0.264974 0.370529 0.322773 
0.500000 0.473661 0.264974 0.370529 0.322773 
0.500000 0.473661 0.264974 0.370529 0.322773 
0.500000 0.473661 0.264974 0.370529 0.322773 
0.500000 0.473661 0.264974 0.370529 0.322773 
0.500000 0.473661 0.264974 0.370529 0.322773 
0.500000 0.473661 0.264974 0.370529 0.322773 
0.500000 0.473661 0.264974 0.370529 0.322773 
0.500000 0.473661 0.264974 0.370529 0.322773 
0.500000 0.473661 0.264974 0.370529 0.322773 
0.500000 0.473661 0.264974 0.370529 0.322773 
0.500000 0.473661 0.264974 0.370529 0.322773 
0.500000 0.473661 0.264974 0.370529 0.322773 
0.500000 0.473661 0.264974 0.370529 0.322773 
0.500000 0.473661 0.264974 0.370529 0.322773 
0.500000 0.473661 0.264974 0.370529 0.322773 
0.500000 0.473661 0.264974 0.370529 0.322773 
0.500000 0.473661 0.264974 0.370529 0.322773 
0.500000 0.473661 0.264974 0.370529 0.322773 
0.500000 0.473661 0.264974 0.370529 0.322773 
0.500000 0.473661 0.264974 0.370529 0.322773 
0.500000 0.473661 0.264974 0.370529 0.322773 
0.500000 0.473661 0.264974 0.370529 0.322773 
0.500000 0.473661 0.264974 0.370529 0.322773 
0.500000 0.473661 0.264974 0.370529 0.322773 
0.500000 0.473661 0.264974 0.370529 0.322773 
0.500000 0.473661 0.264974 0.370529 0.322773 
0.500000 0.473661 0.264974 0.370529 0.322773 
0.500000 0.473661 0.264974 0.370529 0.322773 
0.500000 0.473661 0.264974 0.370529 0.322773 
0.500000 0.473661 0.264974 0.370529 0.322773 
0.500000 0.473661 0.264974 0.370529 0.322773 
0.500000 0.473661 0.264974 0.370529 0.322773 
0.500000 0.473661 0.264974 0.370529 0.322773 
0.500000 0.473661 0.264974 0.370529 0.322773 
0.500000 0.473661 0.264974 0.370529 0.322773 
0.500000 0.473661 0.264974 0.370529 0.322773 
0.500000 0.473661 0.264974 0.370529 0.322773 
0.500000 0.473661 0.264974 0.370529 0.322773 
0.500000 0.473661 0.264974 0.370529 0.322773 
0.500000 0.473661 0.264974 0.370529 0.322773 
0.500000 0.473661 0.264974 0.370529 0.322773 
0.500000 0.473661 0.264974 0.370529 0.322773 
0.500000 0.473661 0.264974 0.370529 0.322773 
0.500000 0.473661 0.264974 0.370529 0.322773 
0.500000 0.473661 0.264974 0.370529 0.322773 
0.500000 0.473661 0.264974 0.370529 0.322773 
0.500000 0.473661 0.264974 0.370529 0.322773 
0.500000 0.473661 0.264974 0.370529 0.322773 
0.500000 0.473661 0.264974 0.370529 0.322773 
0.500000 0.473661 0.264974 0.370529 0.322773 
0.500000 0.473661 0.264974 0.370529 0.322773 
0.500000 0.473661 0.264974 0.370529 0.322773 
0.500000 0.473661 0.264974 0.370529 0.322773 
0.500000 0.473661 0.264974 0.370529 0.322773 
0.500000 0.473661 0.264974 0.370529 0.322773 
0.500000 0.473661 0.264974 0.370529 0.322773 
0.500000 0.473661 0.264974 0.370529 0.322773 
0.500000 0.473661 0.264974 0.370529 0.322773 
0.500000 0.473661 0.264974 0.370529 0.322773 
0.500000 0.473661 0.264974 0.370529 0.322773 
0.500000 0.473661 0.264974 0.370529 0.322773 
0.500000 0.473661 0.264974 0.370529 0.322773 
0.500000 0.473661 0.264974 0.370529 0.322773 
0.500000 0.473661 0.264974 0.370529 0.322773 
0.500000 0.473661 0.264974 0.370529 0.322773 
0.500000 0.473661 0.264974 0.370529 0.322773 
0.500000 0.473661 0.264974 0.370529 0.322773 
0.500000 0.473661 0.264974 0.370529 0.322773 
0.500000 0.473661 0.264974 0.370529 0.322773 
0.500000 0.473661 0.264974 0.370529 0.322773 
0.500000 0.473661 0.264974 0.370529 0.322773 
0.500000 0.473661 0.264974 0.370529 0.322773 
0.500000 0.473661 0.264974 0.370529 0.322773 
0.500000 0.473661 0.264974 0.370529 0.322773 
0.500000 0.473661 0.264974 0.370529 0.322773 
0.500000 0.473661 0.264974 0.370529 0.322773 
0.500000 0.473661 0.264974 0.370529 0.322773 
