0.500000 0.440679 0.500000 0.405382 0.323797 0.500000 0.429546 0.368680 0.500000 
0.500000 0.440679 0.500000 0.384319 0.331013 0.292896 0.500000 0.343532 0.500000 
0.500000 0.440679 0.500000 0.363123 0.343578 0.292896 0.500000 0.340285 0.500000 
0.500000 0.440679 0.500000 0.342577 0.360635 0.292896 0.500000 0.334666 0.500000 
0.500000 0.440679 0.500000 0.323272 0.380749 0.292896 0.500000 0.327113 0.500000 
0.500000 0.440679 0.273139 0.305578 0.402046 0.292896 0.500000 0.318321 0.500000 
0.500000 0.440679 0.284677 0.367740 0.394231 0.292896 0.366728 0.309151 0.500000 
0.500000 0.440679 0.294219 0.410409 0.371815 0.292896 0.361386 0.312499 0.500000 
0.500000 0.440679 0.299947 0.437428 0.339087 0.292896 0.356993 0.322211 0.500000 
0.500000 0.440679 0.300712 0.454710 0.300889 0.292896 0.354368 0.336669 0.500000 
0.500000 0.440679 0.296000 0.466407 0.500000 0.292896 0.354018 0.353937 0.500000 
0.500000 0.440679 0.317699 0.474919 0.500000 0.292896 0.356176 0.500000 0.500000 
0.500000 0.440679 0.337000 0.479237 0.500000 0.292896 0.346287 0.500000 0.500000 
0.500000 0.440679 0.353835 0.481286 0.500000 0.292896 0.337602 0.500000 0.500000 
0.500000 0.440679 0.368334 0.481957 0.500000 0.292896 0.330114 0.500000 0.500000 
0.500000 0.440679 0.380723 0.481674 0.500000 0.292896 0.323733 0.500000 0.500000 
0.500000 0.440679 0.391269 0.480644 0.500000 0.292896 0.318332 0.500000 0.500000 
0.500000 0.440679 0.400234 0.478965 0.500000 0.292896 0.313773 0.500000 0.500000 
0.500000 0.440679 0.407859 0.476679 0.500000 0.292896 0.309925 0.500000 0.500000 
0.500000 0.440679 0.414355 0.473801 0.500000 0.292896 0.306673 0.500000 0.500000 
0.500000 0.440679 0.419905 0.470337 0.500000 0.292896 0.303918 0.500000 0.500000 
0.500000 0.440679 0.424659 0.466290 0.500000 0.292896 0.301575 0.500000 0.500000 
0.500000 0.440679 0.428746 0.461673 0.500000 0.292896 0.299576 0.500000 0.500000 
0.500000 0.440679 0.432270 0.456510 0.500000 0.292896 0.297864 0.500000 0.500000 
0.500000 0.440679 0.435319 0.450836 0.500000 0.292896 0.296392 0.500000 0.500000 
0.500000 0.440679 0.437965 0.444702 0.500000 0.292896 0.295122 0.500000 0.500000 
0.500000 0.440679 0.440269 0.438171 0.500000 0.292896 0.294022 0.500000 0.500000 
0.500000 0.440679 0.442280 0.431318 0.500000 0.292896 0.293066 0.500000 0.500000 
0.500000 0.440679 0.444041 0.424222 0.500000 0.292896 0.292234 0.500000 0.500000 
0.500000 0.440679 0.445586 0.416968 0.500000 0.292896 0.291506 0.500000 0.500000 
0.500000 0.440679 0.446945 0.409639 0.500000 0.292896 0.290868 0.500000 0.500000 
0.500000 0.440679 0.448143 0.402315 0.500000 0.292896 0.290308 0.500000 0.500000 
0.500000 0.440679 0.449201 0.395070 0.500000 0.292896 0.289814 0.500000 0.500000 
0.500000 0.440679 0.450137 0.387967 0.500000 0.292896 0.289379 0.500000 0.500000 
0.500000 0.440679 0.450967 0.381063 0.500000 0.292896 0.288994 0.500000 0.500000 
0.500000 0.440679 0.451703 0.374400 0.500000 0.292896 0.288653 0.500000 0.500000 
0.500000 0.440679 0.452357 0.368015 0.500000 0.292896 0.288351 0.500000 0.500000 
0.500000 0.440679 0.452940 0.361931 0.500000 0.292896 0.288083 0.500000 0.500000 
0.500000 0.440679 0.453458 0.356165 0.285954 0.292896 0.287844 0.500000 0.500000 
0.500000 0.440679 0.441189 0.350725 0.304316 0.292896 0.287631 0.360797 0.500000 
0.500000 0.440679 0.429502 0.349645 0.320573 0.292896 0.292685 0.352371 0.500000 
0.500000 0.440679 0.418970 0.352363 0.333459 0.292896 0.297547 0.344987 0.500000 
0.500000 0.440679 0.409770 0.358087 0.342314 0.292896 0.301969 0.339187 0.500000 
0.500000 0.440679 0.401775 0.365971 0.346960 0.292896 0.305861 0.335229 0.500000 
0.500000 0.440679 0.394667 0.375250 0.347477 0.292896 0.309267 0.333162 0.500000 
0.500000 0.440679 0.388044 0.385311 0.344042 0.292896 0.312312 0.332932 0.500000 
0.500000 0.440679 0.381473 0.395715 0.336840 0.292896 0.315163 0.334459 0.500000 
0.500000 0.440679 0.374512 0.406186 0.326051 0.292896 0.318007 0.337673 0.500000 
0.500000 0.440679 0.366715 0.416576 0.311883 0.292896 0.321034 0.342516 0.500000 
0.500000 0.440679 0.357638 0.426822 0.294634 0.292896 0.324443 0.348925 0.500000 
0.500000 0.440679 0.346849 0.436898 0.274775 0.292896 0.328434 0.356803 0.500000 
0.500000 0.440679 0.333956 0.446766 0.500000 0.292896 0.333211 0.365969 0.500000 
0.500000 0.440679 0.351197 0.456333 0.500000 0.292896 0.338964 0.500000 0.500000 
0.500000 0.440679 0.366071 0.461486 0.500000 0.292896 0.331282 0.500000 0.500000 
0.500000 0.440679 0.378794 0.463958 0.500000 0.292896 0.324725 0.500000 0.500000 
0.500000 0.440679 0.389629 0.464658 0.500000 0.292896 0.319170 0.500000 0.500000 
0.500000 0.440679 0.398839 0.464080 0.500000 0.292896 0.314480 0.500000 0.500000 
0.500000 0.440679 0.406672 0.462499 0.500000 0.292896 0.310522 0.500000 0.500000 
0.500000 0.440679 0.413343 0.460080 0.500000 0.292896 0.307178 0.500000 0.500000 
0.500000 0.440679 0.419039 0.456927 0.500000 0.292896 0.304346 0.500000 0.500000 
0.500000 0.440679 0.423916 0.453115 0.500000 0.292896 0.301940 0.500000 0.500000 
0.500000 0.440679 0.428106 0.448705 0.500000 0.292896 0.299888 0.500000 0.500000 
0.500000 0.440679 0.431718 0.443758 0.500000 0.292896 0.298131 0.500000 0.500000 
0.500000 0.440679 0.434840 0.438334 0.500000 0.292896 0.296622 0.500000 0.500000 
0.500000 0.440679 0.437549 0.432500 0.500000 0.292896 0.295321 0.500000 0.500000 
0.500000 0.440679 0.439906 0.426329 0.500000 0.292896 0.294195 0.500000 0.500000 
0.500000 0.440679 0.441963 0.419895 0.500000 0.292896 0.293217 0.500000 0.500000 
0.500000 0.440679 0.443763 0.413276 0.500000 0.292896 0.292365 0.500000 0.500000 
0.500000 0.440679 0.445342 0.406548 0.500000 0.292896 0.291621 0.500000 0.500000 
0.500000 0.440679 0.446730 0.399784 0.500000 0.292896 0.290969 0.500000 0.500000 
0.500000 0.440679 0.447954 0.393054 0.500000 0.292896 0.290396 0.500000 0.500000 
0.500000 0.440679 0.449034 0.386417 0.500000 0.292896 0.289892 0.500000 0.500000 
0.500000 0.440679 0.449989 0.379928 0.500000 0.292896 0.289448 0.500000 0.500000 
0.500000 0.440679 0.450836 0.373631 0.500000 0.292896 0.289055 0.500000 0.500000 
0.500000 0.440679 0.451586 0.367562 0.500000 0.292896 0.288707 0.500000 0.500000 
0.500000 0.440679 0.452254 0.361748 0.282895 0.292896 0.288399 0.500000 0.500000 
0.500000 0.440679 0.439628 0.356209 0.299581 0.292896 0.288125 0.362209 0.500000 
0.500000 0.440679 0.427462 0.355085 0.314343 0.292896 0.293332 0.354536 0.500000 
0.500000 0.440679 0.416338 0.357860 0.325892 0.292896 0.298401 0.347809 0.500000 
0.500000 0.440679 0.406451 0.363760 0.333483 0.292896 0.303079 0.342587 0.500000 
0.500000 0.440679 0.397678 0.371934 0.336824 0.292896 0.307272 0.339177 0.500000 
0.500000 0.440679 0.389696 0.381600 0.335898 0.292896 0.311020 0.337681 0.500000 
0.500000 0.440679 0.382077 0.392118 0.330814 0.292896 0.314451 0.338095 0.500000 
0.500000 0.440679 0.374347 0.403020 0.321737 0.292896 0.317745 0.340374 0.500000 
0.500000 0.440679 0.366016 0.414002 0.308884 0.292896 0.321106 0.344462 0.500000 
0.500000 0.440679 0.356588 0.424882 0.292584 0.292896 0.324749 0.350289 0.500000 
0.500000 0.440679 0.345584 0.435553 0.273350 0.292896 0.328897 0.357744 0.500000 
0.500000 0.440679 0.332573 0.445932 0.500000 0.292896 0.333773 0.366630 0.500000 
0.500000 0.440679 0.349997 0.455903 0.500000 0.292896 0.339585 0.500000 0.500000 
0.500000 0.440679 0.365040 0.461291 0.500000 0.292896 0.331814 0.500000 0.500000 
0.500000 0.440679 0.377915 0.463911 0.500000 0.292896 0.325177 0.500000 0.500000 
0.500000 0.440679 0.388881 0.464715 0.500000 0.292896 0.319552 0.500000 0.500000 
0.500000 0.440679 0.398204 0.464215 0.500000 0.292896 0.314803 0.500000 0.500000 
0.500000 0.440679 0.406131 0.462699 0.500000 0.292896 0.310795 0.500000 0.500000 
0.500000 0.440679 0.412882 0.460336 0.500000 0.292896 0.307409 0.500000 0.500000 
0.500000 0.440679 0.418645 0.457233 0.500000 0.292896 0.304542 0.500000 0.500000 
0.500000 0.440679 0.423578 0.453466 0.500000 0.292896 0.302106 0.500000 0.500000 
0.500000 0.440679 0.427815 0.449098 0.500000 0.292896 0.300030 0.500000 0.500000 
0.500000 0.440679 0.431466 0.444187 0.500000 0.292896 0.298253 0.500000 0.500000 
0.500000 0.440679 0.434623 0.438795 0.500000 0.292896 0.296727 0.500000 0.500000 
