0.500000 0.268941 0.268941 0.500000 0.500000 
0.500000 0.240693 0.208107 0.368680 0.500000 
0.500000 0.500000 0.152521 0.397423 0.323582 
0.500000 0.500000 0.153350 0.424325 0.311129 
0.500000 0.500000 0.157071 0.423920 0.299716 
0.500000 0.500000 0.160263 0.422104 0.299886 
0.500000 0.500000 0.162749 0.420548 0.300649 
0.500000 0.500000 0.164620 0.419336 0.301304 
0.500000 0.500000 0.165997 0.418425 0.301814 
0.500000 0.500000 0.166994 0.417755 0.302198 
0.440679 0.500000 0.167706 0.417271 0.302481 
0.500000 0.500000 0.168212 0.416924 0.302686 
0.500000 0.500000 0.168568 0.416679 0.302832 
0.500000 0.500000 0.168817 0.416505 0.302936 
0.500000 0.500000 0.168992 0.416384 0.303009 
0.500000 0.500000 0.169114 0.416299 0.303060 
0.500000 0.500000 0.169199 0.416240 0.303096 
0.500000 0.500000 0.169258 0.416199 0.303121 
0.500000 0.500000 0.169299 0.416170 0.303138 
0.500000 0.500000 0.169328 0.416150 0.303151 
0.440679 0.500000 0.169348 0.416136 0.303159 
0.500000 0.500000 0.169361 0.416127 0.303165 
0.500000 0.500000 0.169371 0.416120 0.303169 
0.500000 0.500000 0.169378 0.416115 0.303172 
0.500000 0.500000 0.169382 0.416112 0.303174 
0.500000 0.500000 0.169385 0.416110 0.303175 
0.500000 0.500000 0.169388 0.416108 0.303176 
0.500000 0.500000 0.169389 0.416107 0.303177 
0.500000 0.500000 0.169390 0.416106 0.303177 
0.500000 0.500000 0.169391 0.416106 0.303177 
0.440679 0.500000 0.169391 0.416105 0.303178 
0.500000 0.500000 0.169392 0.416105 0.303178 
0.500000 0.500000 0.169392 0.416105 0.303178 
0.500000 0.500000 0.169392 0.416105 0.303178 
0.500000 0.500000 0.169392 0.416105 0.303178 
0.500000 0.500000 0.169392 0.416105 0.303178 
0.500000 0.500000 0.169393 0.416105 0.303178 
0.500000 0.500000 0.169393 0.416105 0.303178 
0.500000 0.500000 0.169393 0.416105 0.303178 
0.500000 0.500000 0.169393 0.416105 0.303178 
0.440679 0.500000 0.169393 0.416105 0.303178 
0.500000 0.500000 0.169393 0.416105 0.303178 
0.500000 0.500000 0.169393 0.416105 0.303178 
0.500000 0.500000 0.169393 0.416105 0.303178 
0.500000 0.500000 0.169393 0.416105 0.303178 
0.500000 0.500000 0.169393 0.416105 0.303178 
0.500000 0.500000 0.169393 0.416105 0.303178 
0.500000 0.500000 0.169393 0.416105 0.303178 
0.500000 0.500000 0.169393 0.416105 0.303178 
0.500000 0.500000 0.169393 0.416105 0.303178 
0.440679 0.500000 0.169393 0.416105 0.303178 
0.500000 0.500000 0.169393 0.416105 0.303178 
0.500000 0.500000 0.169393 0.416105 0.303178 
0.500000 0.500000 0.169393 0.416105 0.303178 
0.500000 0.500000 0.169393 0.416105 0.303178 
0.500000 0.500000 0.169393 0.416105 0.303178 
0.500000 0.500000 0.169393 0.416105 0.303178 
0.500000 0.500000 0.169393 0.416105 0.303178 
0.500000 0.500000 0.169393 0.416105 0.303178 
0.500000 0.500000 0.169393 0.416105 0.303178 
0.440679 0.500000 0.169393 0.416105 0.303178 
0.500000 0.500000 0.169393 0.416105 0.303178 
0.500000 0.500000 0.169393 0.416105 0.303178 
0.500000 0.500000 0.169393 0.416105 0.303178 
0.500000 0.500000 0.169393 0.416105 0.303178 
0.500000 0.500000 0.169393 0.416105 0.303178 
0.500000 0.500000 0.169393 0.416105 0.303178 
0.500000 0.500000 0.169393 0.416105 0.303178 
0.500000 0.500000 0.169393 0.416105 0.303178 
0.500000 0.500000 0.169393 0.416105 0.303178 
0.440679 0.500000 0.169393 0.416105 0.303178 
0.500000 0.500000 0.169393 0.416105 0.303178 
0.500000 0.500000 0.169393 0.416105 0.303178 
0.500000 0.500000 0.169393 0.416105 0.303178 
0.500000 0.500000 0.169393 0.416105 0.303178 
0.500000 0.500000 0.169393 0.416105 0.303178 
0.500000 0.500000 0.169393 0.416105 0.303178 
0.500000 0.500000 0.169393 0.416105 0.303178 
0.500000 0.500000 0.169393 0.416105 0.303178 
0.500000 0.500000 0.169393 0.416105 0.303178 
0.440679 0.500000 0.169393 0.416105 0.303178 
0.500000 0.500000 0.169393 0.416105 0.303178 
0.500000 0.500000 0.169393 0.416105 0.303178 
0.500000 0.500000 0.169393 0.416105 0.303178 
0.500000 0.500000 0.169393 0.416105 0.303178 
0.500000 0.500000 0.169393 0.416105 0.303178 
0.500000 0.500000 0.169393 0.416105 0.303178 
0.500000 0.500000 0.169393 0.416105 0.303178 
0.500000 0.500000 0.169393 0.416105 0.303178 
0.500000 0.500000 0.169393 0.416105 0.303178 
0.440679 0.500000 0.169393 0.416105 0.303178 
0.500000 0.500000 0.169393 0.416105 0.303178 
0.500000 0.500000 0.169393 0.416105 0.303178 
0.500000 0.500000 0.169393 0.416105 0.303178 
0.500000 0.500000 0.169393 0.416105 0.303178 
0.500000 0.500000 0.169393 0.416105 0.303178 
0.500000 0.500000 0.169393 0.416105 0.303178 
0.500000 0.500000 0.169393 0.416105 0.303178 
0.500000 0.500000 0.169393 0.416105 0.303178 
0.500000 0.500000 0.169393 0.416105 0.303178 
0.500000 0.268941 0.268941 0.500000 0.500000 
0.500000 0.259233 0.208107 0.368680 0.500000 
0.500000 0.233231 0.154777 0.397423 0.323582 
0.500000 0.500000 0.500000 0.423224 0.311129 
0.500000 0.500000 0.500000 0.500000 0.300179 
0.500000 0.500000 0.500000 0.500000 0.500000 
0.500000 0.220143 0.164690 0.500000 0.500000 
0.500000 0.500000 0.500000 0.418391 0.500000 
0.500000 0.500000 0.500000 0.500000 0.302213 
0.500000 0.500000 0.162075 0.500000 0.500000 
0.440679 0.500000 0.175891 0.419665 0.500000 
0.500000 0.500000 0.175124 0.412950 0.301676 
0.500000 0.500000 0.173422 0.413322 0.304513 
0.500000 0.500000 0.172152 0.414148 0.304355 
0.500000 0.500000 0.171283 0.414765 0.304005 
0.500000 0.500000 0.170693 0.415186 0.303745 
0.500000 0.500000 0.170289 0.415473 0.303566 
0.500000 0.500000 0.170012 0.415669 0.303445 
0.500000 0.500000 0.169822 0.415803 0.303362 
0.500000 0.500000 0.169690 0.415896 0.303305 
0.440679 0.500000 0.169599 0.415960 0.303266 
0.500000 0.500000 0.169536 0.416004 0.303239 
0.500000 0.500000 0.169492 0.416035 0.303220 
0.500000 0.500000 0.169461 0.416056 0.303207 
0.500000 0.500000 0.169440 0.416071 0.303199 
0.500000 0.500000 0.169426 0.416081 0.303192 
0.500000 0.500000 0.169416 0.416088 0.303188 
0.500000 0.500000 0.169409 0.416093 0.303185 
0.500000 0.500000 0.169404 0.416097 0.303183 
0.500000 0.500000 0.169400 0.416099 0.303181 
0.440679 0.500000 0.169398 0.416101 0.303180 
0.500000 0.500000 0.169396 0.416102 0.303180 
0.500000 0.500000 0.169395 0.416103 0.303179 
0.500000 0.500000 0.169394 0.416103 0.303179 
0.500000 0.500000 0.169394 0.416104 0.303179 
0.500000 0.500000 0.169394 0.416104 0.303179 
0.500000 0.500000 0.169393 0.416104 0.303178 
0.500000 0.500000 0.169393 0.416104 0.303178 
0.500000 0.500000 0.169393 0.416104 0.303178 
0.500000 0.500000 0.169393 0.416104 0.303178 
0.440679 0.500000 0.169393 0.416104 0.303178 
0.500000 0.500000 0.169393 0.416105 0.303178 
0.500000 0.500000 0.169393 0.416105 0.303178 
0.500000 0.500000 0.169393 0.416105 0.303178 
0.500000 0.500000 0.169393 0.416105 0.303178 
0.500000 0.500000 0.169393 0.416105 0.303178 
0.500000 0.500000 0.169393 0.416105 0.303178 
0.500000 0.500000 0.169393 0.416105 0.303178 
0.500000 0.500000 0.169393 0.416105 0.303178 
0.500000 0.500000 0.169393 0.416105 0.303178 
0.440679 0.500000 0.169393 0.416105 0.303178 
0.500000 0.500000 0.169393 0.416105 0.303178 
0.500000 0.500000 0.169393 0.416105 0.303178 
0.500000 0.500000 0.169393 0.416105 0.303178 
0.500000 0.500000 0.169393 0.416105 0.303178 
0.500000 0.500000 0.169393 0.416105 0.303178 
0.500000 0.500000 0.169393 0.416105 0.303178 
0.500000 0.500000 0.169393 0.416105 0.303178 
0.500000 0.500000 0.169393 0.416105 0.303178 
0.500000 0.500000 0.169393 0.416105 0.303178 
0.440679 0.500000 0.169393 0.416105 0.303178 
0.500000 0.500000 0.169393 0.416105 0.303178 
0.500000 0.500000 0.169393 0.416105 0.303178 
0.500000 0.500000 0.169393 0.416105 0.303178 
0.500000 0.500000 0.169393 0.416105 0.303178 
0.500000 0.500000 0.169393 0.416105 0.303178 
0.500000 0.500000 0.169393 0.416105 0.303178 
0.500000 0.500000 0.169393 0.416105 0.303178 
0.500000 0.500000 0.169393 0.416105 0.303178 
0.500000 0.500000 0.169393 0.416105 0.303178 
0.440679 0.500000 0.169393 0.416105 0.303178 
0.500000 0.500000 0.169393 0.416105 0.303178 
0.500000 0.500000 0.169393 0.416105 0.303178 
0.500000 0.500000 0.169393 0.416105 0.303178 
0.500000 0.500000 0.169393 0.416105 0.303178 
0.500000 0.500000 0.169393 0.416105 0.303178 
0.500000 0.500000 0.169393 0.416105 0.303178 
0.500000 0.500000 0.169393 0.416105 0.303178 
0.500000 0.500000 0.169393 0.416105 0.303178 
0.500000 0.500000 0.169393 0.416105 0.303178 
0.440679 0.500000 0.169393 0.416105 0.303178 
0.500000 0.500000 0.169393 0.416105 0.303178 
0.500000 0.500000 0.169393 0.416105 0.303178 
0.500000 0.500000 0.169393 0.416105 0.303178 
0.500000 0.500000 0.169393 0.416105 0.303178 
0.500000 0.500000 0.169393 0.416105 0.303178 
0.500000 0.500000 0.169393 0.416105 0.303178 
0.500000 0.500000 0.169393 0.416105 0.303178 
0.500000 0.500000 0.169393 0.416105 0.303178 
0.500000 0.500000 0.169393 0.416105 0.303178 
0.440679 0.500000 0.169393 0.416105 0.303178 
0.500000 0.500000 0.169393 0.416105 0.303178 
0.500000 0.500000 0.169393 0.416105 0.303178 
0.500000 0.500000 0.169393 0.416105 0.303178 
0.500000 0.500000 0.169393 0.416105 0.303178 
0.500000 0.500000 0.169393 0.416105 0.303178 
0.500000 0.500000 0.169393 0.416105 0.303178 
0.500000 0.500000 0.169393 0.416105 0.303178 
0.500000 0.500000 0.169393 0.416105 0.303178 
0.500000 0.500000 0.169393 0.416105 0.303178 
0.500000 0.268941 0.268941 0.500000 0.500000 
0.500000 0.259233 0.208107 0.368680 0.500000 
0.500000 0.262866 0.154777 0.397423 0.323582 
0.500000 0.259143 0.500000 0.423224 0.311129 
0.500000 0.269140 0.500000 0.500000 0.300179 
0.500000 0.269120 0.500000 0.500000 0.500000 
0.500000 0.269102 0.500000 0.500000 0.500000 
0.500000 0.269086 0.500000 0.500000 0.500000 
0.500000 0.269072 0.500000 0.500000 0.500000 
0.500000 0.269059 0.500000 0.500000 0.500000 
0.440679 0.269047 0.500000 0.500000 0.500000 
0.500000 0.292995 0.500000 0.500000 0.500000 
0.500000 0.290553 0.500000 0.500000 0.500000 
0.500000 0.288361 0.500000 0.500000 0.500000 
0.500000 0.286392 0.500000 0.500000 0.500000 
0.500000 0.284625 0.500000 0.500000 0.500000 
0.500000 0.283037 0.500000 0.500000 0.500000 
0.500000 0.281612 0.500000 0.500000 0.500000 
0.500000 0.280332 0.500000 0.500000 0.500000 
0.500000 0.279182 0.500000 0.500000 0.500000 
0.440679 0.278148 0.500000 0.500000 0.500000 
0.500000 0.301442 0.500000 0.500000 0.500000 
0.500000 0.298142 0.500000 0.500000 0.500000 
0.500000 0.295176 0.500000 0.500000 0.500000 
0.500000 0.292512 0.500000 0.500000 0.500000 
0.500000 0.290120 0.500000 0.500000 0.500000 
0.500000 0.287972 0.500000 0.500000 0.500000 
0.500000 0.286043 0.500000 0.500000 0.500000 
0.500000 0.284311 0.500000 0.500000 0.500000 
0.500000 0.282756 0.500000 0.500000 0.500000 
0.440679 0.281359 0.500000 0.500000 0.500000 
0.500000 0.304395 0.500000 0.500000 0.500000 
0.500000 0.300796 0.500000 0.500000 0.500000 
0.500000 0.297561 0.500000 0.500000 0.500000 
0.500000 0.294654 0.500000 0.500000 0.500000 
0.500000 0.292044 0.500000 0.500000 0.500000 
0.500000 0.289699 0.500000 0.500000 0.500000 
0.500000 0.287594 0.500000 0.500000 0.500000 
0.500000 0.285704 0.500000 0.500000 0.500000 
0.500000 0.284006 0.500000 0.500000 0.500000 
0.440679 0.282482 0.500000 0.500000 0.500000 
0.500000 0.305425 0.500000 0.500000 0.500000 
0.500000 0.301722 0.500000 0.500000 0.500000 
0.500000 0.298393 0.500000 0.500000 0.500000 
0.500000 0.295402 0.500000 0.500000 0.500000 
0.500000 0.292715 0.500000 0.500000 0.500000 
0.500000 0.290302 0.500000 0.500000 0.500000 
0.500000 0.288136 0.500000 0.500000 0.500000 
0.500000 0.286190 0.500000 0.500000 0.500000 
0.500000 0.284443 0.500000 0.500000 0.500000 
0.440679 0.282874 0.500000 0.500000 0.500000 
0.500000 0.305784 0.500000 0.500000 0.500000 
0.500000 0.302045 0.500000 0.500000 0.500000 
0.500000 0.298684 0.500000 0.500000 0.500000 
0.500000 0.295663 0.500000 0.500000 0.500000 
0.500000 0.292950 0.500000 0.500000 0.500000 
0.500000 0.290513 0.500000 0.500000 0.500000 
0.500000 0.288324 0.500000 0.500000 0.500000 
0.500000 0.286360 0.500000 0.500000 0.500000 
0.500000 0.284595 0.500000 0.500000 0.500000 
0.440679 0.283011 0.500000 0.500000 0.500000 
0.500000 0.305909 0.500000 0.500000 0.500000 
0.500000 0.302158 0.500000 0.500000 0.500000 
0.500000 0.298785 0.500000 0.500000 0.500000 
0.500000 0.295754 0.500000 0.500000 0.500000 
0.500000 0.293031 0.500000 0.500000 0.500000 
0.500000 0.290586 0.500000 0.500000 0.500000 
0.500000 0.288390 0.500000 0.500000 0.500000 
0.500000 0.286419 0.500000 0.500000 0.500000 
0.500000 0.284648 0.500000 0.500000 0.500000 
0.440679 0.283059 0.500000 0.500000 0.500000 
0.500000 0.305953 0.500000 0.500000 0.500000 
0.500000 0.302197 0.500000 0.500000 0.500000 
0.500000 0.298820 0.500000 0.500000 0.500000 
0.500000 0.295786 0.500000 0.500000 0.500000 
0.500000 0.293060 0.500000 0.500000 0.500000 
0.500000 0.290612 0.500000 0.500000 0.500000 
0.500000 0.288413 0.500000 0.500000 0.500000 
0.500000 0.286439 0.500000 0.500000 0.500000 
0.500000 0.284667 0.500000 0.500000 0.500000 
0.440679 0.283075 0.500000 0.500000 0.500000 
0.500000 0.305968 0.500000 0.500000 0.500000 
0.500000 0.302211 0.500000 0.500000 0.500000 
0.500000 0.298832 0.500000 0.500000 0.500000 
0.500000 0.295797 0.500000 0.500000 0.500000 
0.500000 0.293070 0.500000 0.500000 0.500000 
0.500000 0.290621 0.500000 0.500000 0.500000 
0.500000 0.288421 0.500000 0.500000 0.500000 
0.500000 0.286447 0.500000 0.500000 0.500000 
0.500000 0.284673 0.500000 0.500000 0.500000 
0.440679 0.283081 0.500000 0.500000 0.500000 
0.500000 0.305973 0.500000 0.500000 0.500000 
0.500000 0.302215 0.500000 0.500000 0.500000 
0.500000 0.298837 0.500000 0.500000 0.500000 
0.500000 0.295800 0.500000 0.500000 0.500000 
0.500000 0.293073 0.500000 0.500000 0.500000 
0.500000 0.290624 0.500000 0.500000 0.500000 
0.500000 0.288424 0.500000 0.500000 0.500000 
0.500000 0.286449 0.500000 0.500000 0.500000 
0.500000 0.284676 0.500000 0.500000 0.500000 
0.500000 0.268941 0.268941 0.500000 0.500000 
0.500000 0.259233 0.208107 0.368680 0.500000 
0.500000 0.262866 0.215223 0.397423 0.323582 
0.500000 0.263032 0.217929 0.394020 0.311129 
0.500000 0.263751 0.214927 0.392728 0.312590 
0.500000 0.264384 0.217188 0.394161 0.313145 
0.500000 0.264910 0.215925 0.393082 0.312529 
0.500000 0.265443 0.216800 0.393685 0.312993 
0.500000 0.265900 0.216405 0.393267 0.312734 
0.500000 0.266341 0.216739 0.393455 0.312913 
0.440679 0.266734 0.216644 0.393296 0.312832 
0.500000 0.290983 0.216788 0.393341 0.312901 
0.500000 0.288903 0.223420 0.393273 0.312881 
0.500000 0.287436 0.217518 0.390113 0.312911 
0.500000 0.286174 0.220963 0.392925 0.314271 
0.500000 0.284884 0.218604 0.391282 0.313061 
0.500000 0.283795 0.219695 0.392406 0.313767 
0.500000 0.282738 0.218824 0.391886 0.313284 
0.500000 0.281803 0.219093 0.392301 0.313507 
0.500000 0.280925 0.218732 0.392173 0.313329 
0.440679 0.280132 0.218746 0.392345 0.313384 
0.500000 0.303672 0.218563 0.392339 0.313310 
0.500000 0.300540 0.225146 0.392426 0.313313 
0.500000 0.298104 0.219055 0.389291 0.313275 
0.500000 0.295958 0.222390 0.392192 0.314625 
0.500000 0.293853 0.219919 0.390602 0.313376 
0.500000 0.292020 0.220893 0.391780 0.314060 
0.500000 0.290279 0.219935 0.391315 0.313553 
0.500000 0.288718 0.220104 0.391772 0.313753 
0.500000 0.287266 0.219668 0.391691 0.313557 
0.440679 0.285947 0.219601 0.391899 0.313591 
0.500000 0.309105 0.219351 0.391931 0.313502 
0.500000 0.305527 0.225854 0.392050 0.313488 
0.500000 0.302679 0.219723 0.388955 0.313437 
0.500000 0.300154 0.222989 0.391873 0.314771 
0.500000 0.297701 0.220484 0.390317 0.313513 
0.500000 0.295548 0.221401 0.391511 0.314183 
0.500000 0.293514 0.220409 0.391074 0.313669 
0.500000 0.291684 0.220535 0.391546 0.313857 
0.500000 0.289986 0.220067 0.391486 0.313654 
0.440679 0.288440 0.219965 0.391709 0.313680 
0.500000 0.311421 0.219687 0.391758 0.313584 
0.500000 0.307655 0.226153 0.391890 0.313563 
0.500000 0.304632 0.220008 0.388813 0.313506 
0.500000 0.301946 0.223243 0.391737 0.314832 
0.500000 0.299344 0.220724 0.390197 0.313572 
0.500000 0.297055 0.221617 0.391396 0.314235 
0.500000 0.294896 0.220612 0.390971 0.313719 
0.500000 0.292951 0.220718 0.391449 0.313902 
0.500000 0.291147 0.220237 0.391399 0.313695 
0.440679 0.289505 0.220120 0.391628 0.313717 
0.500000 0.312408 0.219830 0.391684 0.313619 
0.500000 0.308562 0.226280 0.391822 0.313595 
0.500000 0.305464 0.220129 0.388752 0.313535 
0.500000 0.302709 0.223351 0.391679 0.314858 
0.500000 0.300045 0.220827 0.390145 0.313596 
0.500000 0.297698 0.221709 0.391347 0.314257 
0.500000 0.295485 0.220698 0.390927 0.313740 
0.500000 0.293491 0.220796 0.391408 0.313920 
0.500000 0.291643 0.220309 0.391362 0.313713 
0.440679 0.289959 0.220186 0.391594 0.313733 
0.500000 0.312829 0.219891 0.391652 0.313633 
0.500000 0.308949 0.226334 0.391793 0.313608 
0.500000 0.305819 0.220181 0.388727 0.313548 
0.500000 0.303035 0.223397 0.391655 0.314869 
0.500000 0.300344 0.220871 0.390123 0.313607 
0.500000 0.297972 0.221748 0.391326 0.314267 
0.500000 0.295737 0.220735 0.390908 0.313749 
0.500000 0.293721 0.220830 0.391391 0.313929 
0.500000 0.291854 0.220340 0.391346 0.313721 
0.440679 0.290153 0.220215 0.391579 0.313740 
0.500000 0.313008 0.219917 0.391639 0.313640 
0.500000 0.309113 0.226357 0.391781 0.313614 
0.500000 0.305970 0.220203 0.388716 0.313553 
0.500000 0.303174 0.223417 0.391644 0.314874 
0.500000 0.300471 0.220889 0.390114 0.313612 
0.500000 0.298089 0.221765 0.391317 0.314271 
0.500000 0.295844 0.220750 0.390900 0.313752 
0.500000 0.293820 0.220844 0.391383 0.313932 
0.500000 0.291944 0.220353 0.391339 0.313724 
0.440679 0.290236 0.220227 0.391573 0.313743 
0.500000 0.313084 0.219928 0.391633 0.313642 
0.500000 0.309184 0.226367 0.391775 0.313616 
0.500000 0.306034 0.220213 0.388711 0.313555 
0.500000 0.303233 0.223425 0.391640 0.314876 
0.500000 0.300525 0.220897 0.390110 0.313614 
0.500000 0.298138 0.221772 0.391314 0.314272 
0.500000 0.295889 0.220757 0.390897 0.313754 
0.500000 0.293861 0.220850 0.391380 0.313933 
0.500000 0.291982 0.220359 0.391336 0.313725 
0.440679 0.290271 0.220232 0.391570 0.313744 
0.500000 0.313117 0.219933 0.391631 0.313644 
0.500000 0.309214 0.226371 0.391773 0.313617 
0.500000 0.306062 0.220217 0.388709 0.313556 
0.500000 0.303258 0.223428 0.391638 0.314877 
0.500000 0.300548 0.220900 0.390108 0.313614 
0.500000 0.298159 0.221775 0.391312 0.314273 
0.500000 0.295909 0.220760 0.390895 0.313755 
0.500000 0.293879 0.220852 0.391379 0.313934 
0.500000 0.291999 0.220361 0.391335 0.313726 
0.500000 0.268941 0.268941 0.500000 0.500000 
0.500000 0.259233 0.208107 0.368680 0.500000 
0.500000 0.262866 0.215223 0.397423 0.323582 
0.500000 0.263032 0.217929 0.394020 0.311129 
0.500000 0.263751 0.214927 0.392728 0.312590 
0.500000 0.264384 0.217188 0.394161 0.313145 
0.500000 0.264910 0.215925 0.393082 0.312529 
0.500000 0.265443 0.216800 0.393685 0.312993 
0.500000 0.265900 0.216405 0.393267 0.312734 
0.500000 0.266341 0.216739 0.393455 0.312913 
0.440679 0.266734 0.216644 0.393296 0.312832 
0.500000 0.290983 0.216788 0.393341 0.312901 
0.500000 0.288903 0.223420 0.393273 0.312881 
0.500000 0.287436 0.217518 0.390113 0.312911 
0.500000 0.286174 0.220963 0.392925 0.314271 
0.500000 0.284884 0.218604 0.391282 0.313061 
0.500000 0.283795 0.219695 0.392406 0.313767 
0.500000 0.282738 0.218824 0.391886 0.313284 
0.500000 0.281803 0.219093 0.392301 0.313507 
0.500000 0.280925 0.218732 0.392173 0.313329 
0.440679 0.280132 0.218746 0.392345 0.313384 
0.500000 0.303672 0.218563 0.392339 0.313310 
0.500000 0.300540 0.225146 0.392426 0.313313 
0.500000 0.298104 0.219055 0.389291 0.313275 
0.500000 0.295958 0.222390 0.392192 0.314625 
0.500000 0.293853 0.219919 0.390602 0.313376 
0.500000 0.292020 0.220893 0.391780 0.314060 
0.500000 0.290279 0.219935 0.391315 0.313553 
0.500000 0.288718 0.220104 0.391772 0.313753 
0.500000 0.287266 0.219668 0.391691 0.313557 
0.440679 0.285947 0.219601 0.391899 0.313591 
0.500000 0.309105 0.219351 0.391931 0.313502 
0.500000 0.305527 0.225854 0.392050 0.313488 
0.500000 0.302679 0.219723 0.388955 0.313437 
0.500000 0.300154 0.222989 0.391873 0.314771 
0.500000 0.297701 0.220484 0.390317 0.313513 
0.500000 0.295548 0.221401 0.391511 0.314183 
0.500000 0.293514 0.220409 0.391074 0.313669 
0.500000 0.291684 0.220535 0.391546 0.313857 
0.500000 0.289986 0.220067 0.391486 0.313654 
0.440679 0.288440 0.219965 0.391709 0.313680 
0.500000 0.311421 0.219687 0.391758 0.313584 
0.500000 0.307655 0.226153 0.391890 0.313563 
0.500000 0.304632 0.220008 0.388813 0.313506 
0.500000 0.301946 0.223243 0.391737 0.314832 
0.500000 0.299344 0.220724 0.390197 0.313572 
0.500000 0.297055 0.221617 0.391396 0.314235 
0.500000 0.294896 0.220612 0.390971 0.313719 
0.500000 0.292951 0.220718 0.391449 0.313902 
0.500000 0.291147 0.220237 0.391399 0.313695 
0.440679 0.289505 0.220120 0.391628 0.313717 
0.500000 0.312408 0.219830 0.391684 0.313619 
0.500000 0.308562 0.226280 0.391822 0.313595 
0.500000 0.305464 0.220129 0.388752 0.313535 
0.500000 0.302709 0.223351 0.391679 0.314858 
0.500000 0.300045 0.220827 0.390145 0.313596 
0.500000 0.297698 0.221709 0.391347 0.314257 
0.500000 0.295485 0.220698 0.390927 0.313740 
0.500000 0.293491 0.220796 0.391408 0.313920 
0.500000 0.291643 0.220309 0.391362 0.313713 
0.440679 0.289959 0.220186 0.391594 0.313733 
0.500000 0.312829 0.219891 0.391652 0.313633 
0.500000 0.308949 0.226334 0.391793 0.313608 
0.500000 0.305819 0.220181 0.388727 0.313548 
0.500000 0.303035 0.223397 0.391655 0.314869 
0.500000 0.300344 0.220871 0.390123 0.313607 
0.500000 0.297972 0.221748 0.391326 0.314267 
0.500000 0.295737 0.220735 0.390908 0.313749 
0.500000 0.293721 0.220830 0.391391 0.313929 
0.500000 0.291854 0.220340 0.391346 0.313721 
0.440679 0.290153 0.220215 0.391579 0.313740 
0.500000 0.313008 0.219917 0.391639 0.313640 
0.500000 0.309113 0.226357 0.391781 0.313614 
0.500000 0.305970 0.220203 0.388716 0.313553 
0.500000 0.303174 0.223417 0.391644 0.314874 
0.500000 0.300471 0.220889 0.390114 0.313612 
0.500000 0.298089 0.221765 0.391317 0.314271 
0.500000 0.295844 0.220750 0.390900 0.313752 
0.500000 0.293820 0.220844 0.391383 0.313932 
0.500000 0.291944 0.220353 0.391339 0.313724 
0.440679 0.290236 0.220227 0.391573 0.313743 
0.500000 0.313084 0.219928 0.391633 0.313642 
0.500000 0.309184 0.226367 0.391775 0.313616 
0.500000 0.306034 0.220213 0.388711 0.313555 
0.500000 0.303233 0.223425 0.391640 0.314876 
0.500000 0.300525 0.220897 0.390110 0.313614 
0.500000 0.298138 0.221772 0.391314 0.314272 
0.500000 0.295889 0.220757 0.390897 0.313754 
0.500000 0.293861 0.220850 0.391380 0.313933 
0.500000 0.291982 0.220359 0.391336 0.313725 
0.440679 0.290271 0.220232 0.391570 0.313744 
0.500000 0.313117 0.219933 0.391631 0.313644 
0.500000 0.309214 0.226371 0.391773 0.313617 
0.500000 0.306062 0.220217 0.388709 0.313556 
0.500000 0.303258 0.223428 0.391638 0.314877 
0.500000 0.300548 0.220900 0.390108 0.313614 
0.500000 0.298159 0.221775 0.391312 0.314273 
0.500000 0.295909 0.220760 0.390895 0.313755 
0.500000 0.293879 0.220852 0.391379 0.313934 
0.500000 0.291999 0.220361 0.391335 0.313726 
0.500000 0.268941 0.268941 0.500000 0.500000 
0.500000 0.259233 0.208107 0.368680 0.500000 
0.500000 0.262866 0.186639 0.397423 0.323582 
0.500000 0.261310 0.197656 0.407749 0.311129 
0.500000 0.259361 0.197231 0.402439 0.306720 
0.500000 0.258222 0.195690 0.402644 0.308983 
0.500000 0.257083 0.195769 0.403385 0.308896 
0.500000 0.255979 0.195642 0.403347 0.308579 
0.500000 0.254985 0.195395 0.403408 0.308595 
0.500000 0.254072 0.195220 0.403527 0.308569 
0.440679 0.253228 0.195062 0.403611 0.308519 
0.500000 0.275558 0.194910 0.403687 0.308483 
0.500000 0.272429 0.200304 0.403761 0.308450 
0.500000 0.269956 0.198477 0.401166 0.308419 
0.500000 0.267947 0.197676 0.402044 0.309527 
0.500000 0.265992 0.197555 0.402429 0.309152 
0.500000 0.264186 0.197200 0.402488 0.308987 
0.500000 0.262539 0.196854 0.402659 0.308962 
0.500000 0.261022 0.196569 0.402825 0.308889 
0.500000 0.259625 0.196301 0.402962 0.308818 
0.440679 0.258340 0.196051 0.403091 0.308760 
0.500000 0.280550 0.195822 0.403211 0.308705 
0.500000 0.277011 0.201196 0.403321 0.308653 
0.500000 0.274167 0.199288 0.400738 0.308606 
0.500000 0.271822 0.198414 0.401655 0.309710 
0.500000 0.269554 0.198239 0.402075 0.309318 
0.500000 0.267462 0.197830 0.402159 0.309139 
0.500000 0.265552 0.197434 0.402355 0.309103 
0.500000 0.263794 0.197103 0.402546 0.309019 
0.500000 0.262175 0.196793 0.402705 0.308937 
0.440679 0.260686 0.196504 0.402854 0.308869 
0.500000 0.282829 0.196240 0.402993 0.308806 
0.500000 0.279103 0.201602 0.403120 0.308746 
0.500000 0.276089 0.199657 0.400543 0.308692 
0.500000 0.273591 0.198751 0.401477 0.309793 
0.500000 0.271181 0.198550 0.401913 0.309394 
0.500000 0.268958 0.198117 0.402009 0.309208 
0.500000 0.266928 0.197698 0.402217 0.309167 
0.500000 0.265059 0.197346 0.402419 0.309078 
0.500000 0.263339 0.197017 0.402588 0.308992 
0.440679 0.261757 0.196711 0.402746 0.308919 
0.500000 0.283866 0.196430 0.402894 0.308852 
0.500000 0.280055 0.201786 0.403029 0.308789 
0.500000 0.276965 0.199825 0.400454 0.308731 
0.500000 0.274396 0.198904 0.401397 0.309831 
0.500000 0.271922 0.198692 0.401839 0.309428 
0.500000 0.269639 0.198248 0.401941 0.309239 
0.500000 0.267554 0.197819 0.402154 0.309196 
0.500000 0.265635 0.197457 0.402361 0.309105 
0.500000 0.263868 0.197119 0.402535 0.309016 
0.440679 0.262244 0.196805 0.402697 0.308942 
0.500000 0.284337 0.196517 0.402849 0.308873 
0.500000 0.280488 0.201870 0.402987 0.308808 
0.500000 0.277363 0.199901 0.400414 0.308749 
0.500000 0.274762 0.198973 0.401360 0.309848 
0.500000 0.272259 0.198757 0.401806 0.309444 
0.500000 0.269948 0.198307 0.401910 0.309253 
0.500000 0.267839 0.197873 0.402126 0.309209 
0.500000 0.265897 0.197508 0.402335 0.309117 
0.500000 0.264109 0.197166 0.402511 0.309028 
0.440679 0.262466 0.196848 0.402675 0.308952 
0.500000 0.284551 0.196556 0.402828 0.308882 
0.500000 0.280685 0.201908 0.402968 0.308817 
0.500000 0.277544 0.199936 0.400396 0.308757 
0.500000 0.274929 0.199005 0.401343 0.309856 
0.500000 0.272412 0.198786 0.401791 0.309451 
0.500000 0.270089 0.198334 0.401896 0.309260 
0.500000 0.267968 0.197898 0.402113 0.309215 
0.500000 0.266016 0.197530 0.402323 0.309122 
0.500000 0.264219 0.197187 0.402500 0.309033 
0.440679 0.262566 0.196867 0.402665 0.308957 
0.500000 0.284649 0.196574 0.402819 0.308887 
0.500000 0.280775 0.201925 0.402960 0.308821 
0.500000 0.277626 0.199952 0.400388 0.308761 
0.500000 0.275004 0.199019 0.401336 0.309860 
0.500000 0.272481 0.198799 0.401784 0.309454 
0.500000 0.270153 0.198347 0.401889 0.309263 
0.500000 0.268027 0.197909 0.402107 0.309218 
0.500000 0.266070 0.197541 0.402317 0.309125 
0.500000 0.264268 0.197196 0.402495 0.309035 
0.440679 0.262612 0.196876 0.402660 0.308959 
0.500000 0.284693 0.196582 0.402814 0.308889 
0.500000 0.280815 0.201933 0.402956 0.308823 
0.500000 0.277663 0.199959 0.400384 0.308762 
0.500000 0.275039 0.199026 0.401332 0.309861 
0.500000 0.272513 0.198805 0.401781 0.309456 
0.500000 0.270182 0.198352 0.401887 0.309264 
0.500000 0.268054 0.197914 0.402104 0.309219 
0.500000 0.266094 0.197546 0.402315 0.309126 
0.500000 0.264291 0.197201 0.402492 0.309036 
0.440679 0.262633 0.196880 0.402658 0.308960 
0.500000 0.284713 0.196586 0.402813 0.308889 
0.500000 0.280834 0.201937 0.402954 0.308824 
0.500000 0.277680 0.199962 0.400382 0.308763 
0.500000 0.275054 0.199029 0.401331 0.309862 
0.500000 0.272527 0.198808 0.401779 0.309457 
0.500000 0.270195 0.198355 0.401885 0.309265 
0.500000 0.268066 0.197917 0.402103 0.309220 
0.500000 0.266106 0.197548 0.402314 0.309126 
0.500000 0.264301 0.197203 0.402491 0.309037 
0.500000 0.268941 0.268941 0.500000 0.500000 
0.500000 0.249802 0.208107 0.368680 0.500000 
0.500000 0.241955 0.184612 0.397423 0.323582 
0.500000 0.229431 0.193063 0.408729 0.311129 
0.500000 0.218613 0.190619 0.404650 0.306304 
0.500000 0.500000 0.187625 0.405828 0.308040 
0.500000 0.500000 0.258921 0.407273 0.307538 
0.500000 0.500000 0.242528 0.373357 0.306923 
0.500000 0.500000 0.235540 0.381059 0.321538 
0.500000 0.500000 0.239235 0.384361 0.318187 
0.440679 0.500000 0.239482 0.382614 0.316756 
0.500000 0.216688 0.238908 0.382497 0.317512 
0.500000 0.500000 0.176002 0.382768 0.317563 
0.500000 0.500000 0.255566 0.412897 0.317446 
0.500000 0.500000 0.244850 0.374928 0.304535 
0.500000 0.500000 0.235561 0.379964 0.320853 
0.500000 0.500000 0.238901 0.384351 0.318662 
0.500000 0.500000 0.239546 0.382771 0.316760 
0.500000 0.500000 0.238942 0.382467 0.317444 
0.500000 0.500000 0.238971 0.382752 0.317576 
0.440679 0.500000 0.239051 0.382738 0.317453 
0.500000 0.217517 0.239031 0.382700 0.317459 
0.500000 0.500000 0.176198 0.382710 0.317475 
0.500000 0.500000 0.255475 0.412802 0.317471 
0.500000 0.500000 0.244839 0.374971 0.304576 
0.500000 0.500000 0.235576 0.379970 0.320834 
0.500000 0.500000 0.238900 0.384344 0.318659 
0.500000 0.500000 0.239544 0.382772 0.316763 
0.500000 0.500000 0.238943 0.382468 0.317444 
0.500000 0.500000 0.238972 0.382751 0.317576 
0.440679 0.500000 0.239051 0.382738 0.317453 
0.500000 0.217814 0.239031 0.382700 0.317459 
0.500000 0.500000 0.176260 0.382710 0.317475 
0.500000 0.500000 0.255452 0.412771 0.317471 
0.500000 0.500000 0.244834 0.374982 0.304588 
0.500000 0.500000 0.235580 0.379972 0.320829 
0.500000 0.500000 0.238899 0.384342 0.318659 
0.500000 0.500000 0.239543 0.382772 0.316764 
0.500000 0.500000 0.238943 0.382468 0.317444 
0.500000 0.500000 0.238972 0.382751 0.317576 
0.440679 0.500000 0.239051 0.382738 0.317453 
0.500000 0.217921 0.239031 0.382700 0.317459 
0.500000 0.500000 0.176283 0.382710 0.317475 
0.500000 0.500000 0.255443 0.412760 0.317471 
0.500000 0.500000 0.244832 0.374986 0.304593 
0.500000 0.500000 0.235581 0.379973 0.320828 
0.500000 0.500000 0.238899 0.384341 0.318658 
0.500000 0.500000 0.239543 0.382772 0.316764 
0.500000 0.500000 0.238943 0.382468 0.317444 
0.500000 0.500000 0.238972 0.382751 0.317576 
0.440679 0.500000 0.239051 0.382738 0.317453 
0.500000 0.217959 0.239031 0.382700 0.317459 
0.500000 0.500000 0.176291 0.382710 0.317475 
0.500000 0.500000 0.255440 0.412757 0.317471 
0.500000 0.500000 0.244832 0.374987 0.304595 
0.500000 0.500000 0.235582 0.379973 0.320827 
0.500000 0.500000 0.238899 0.384341 0.318658 
0.500000 0.500000 0.239543 0.382772 0.316764 
0.500000 0.500000 0.238943 0.382468 0.317444 
0.500000 0.500000 0.238972 0.382751 0.317576 
0.440679 0.500000 0.239051 0.382738 0.317453 
0.500000 0.217973 0.239031 0.382700 0.317459 
0.500000 0.500000 0.176294 0.382710 0.317475 
0.500000 0.500000 0.255439 0.412755 0.317471 
0.500000 0.500000 0.244831 0.374988 0.304595 
0.500000 0.500000 0.235582 0.379973 0.320827 
0.500000 0.500000 0.238899 0.384341 0.318658 
0.500000 0.500000 0.239543 0.382772 0.316764 
0.500000 0.500000 0.238943 0.382468 0.317444 
0.500000 0.500000 0.238972 0.382751 0.317576 
0.440679 0.500000 0.239051 0.382738 0.317453 
0.500000 0.217977 0.239031 0.382700 0.317459 
0.500000 0.500000 0.176295 0.382710 0.317475 
0.500000 0.500000 0.255439 0.412755 0.317471 
0.500000 0.500000 0.244831 0.374988 0.304595 
0.500000 0.500000 0.235582 0.379973 0.320827 
0.500000 0.500000 0.238899 0.384341 0.318658 
0.500000 0.500000 0.239543 0.382772 0.316764 
0.500000 0.500000 0.238943 0.382468 0.317444 
0.500000 0.500000 0.238972 0.382751 0.317576 
0.440679 0.500000 0.239051 0.382738 0.317453 
0.500000 0.217979 0.239031 0.382700 0.317459 
0.500000 0.500000 0.176295 0.382710 0.317475 
0.500000 0.500000 0.255439 0.412754 0.317471 
0.500000 0.500000 0.244831 0.374988 0.304596 
0.500000 0.500000 0.235582 0.379973 0.320827 
0.500000 0.500000 0.238899 0.384341 0.318658 
0.500000 0.500000 0.239543 0.382772 0.316764 
0.500000 0.500000 0.238943 0.382468 0.317444 
0.500000 0.500000 0.238972 0.382751 0.317576 
0.440679 0.500000 0.239051 0.382738 0.317453 
0.500000 0.217980 0.239031 0.382700 0.317459 
0.500000 0.500000 0.176295 0.382710 0.317475 
0.500000 0.500000 0.255439 0.412754 0.317471 
0.500000 0.500000 0.244831 0.374988 0.304596 
0.500000 0.500000 0.235582 0.379973 0.320827 
0.500000 0.500000 0.238899 0.384341 0.318658 
0.500000 0.500000 0.239543 0.382772 0.316764 
0.500000 0.500000 0.238943 0.382468 0.317444 
0.500000 0.500000 0.238972 0.382751 0.317576 
0.500000 0.268941 0.268941 0.500000 0.500000 
0.500000 0.500000 0.208107 0.368680 0.500000 
0.500000 0.500000 0.241561 0.397423 0.323582 
0.500000 0.500000 0.242946 0.381515 0.311129 
0.500000 0.500000 0.237895 0.380862 0.317989 
0.500000 0.500000 0.238699 0.383247 0.318272 
0.500000 0.500000 0.239254 0.382867 0.317238 
0.500000 0.500000 0.239029 0.382604 0.317403 
0.500000 0.500000 0.238995 0.382711 0.317517 
0.500000 0.500000 0.239034 0.382727 0.317470 
0.440679 0.500000 0.239031 0.382708 0.317463 
0.500000 0.500000 0.239026 0.382710 0.317471 
0.500000 0.500000 0.239028 0.382712 0.317471 
0.500000 0.500000 0.239028 0.382711 0.317470 
0.500000 0.500000 0.239028 0.382711 0.317470 
0.500000 0.500000 0.239028 0.382711 0.317470 
0.500000 0.500000 0.239028 0.382711 0.317470 
0.500000 0.500000 0.239028 0.382711 0.317470 
0.500000 0.500000 0.239028 0.382711 0.317470 
0.500000 0.500000 0.239028 0.382711 0.317470 
0.440679 0.500000 0.239028 0.382711 0.317470 
0.500000 0.500000 0.239028 0.382711 0.317470 
0.500000 0.500000 0.239028 0.382711 0.317470 
0.500000 0.500000 0.239028 0.382711 0.317470 
0.500000 0.500000 0.239028 0.382711 0.317470 
0.500000 0.500000 0.239028 0.382711 0.317470 
0.500000 0.500000 0.239028 0.382711 0.317470 
0.500000 0.500000 0.239028 0.382711 0.317470 
0.500000 0.500000 0.239028 0.382711 0.317470 
0.500000 0.500000 0.239028 0.382711 0.317470 
0.440679 0.500000 0.239028 0.382711 0.317470 
0.500000 0.500000 0.239028 0.382711 0.317470 
0.500000 0.500000 0.239028 0.382711 0.317470 
0.500000 0.500000 0.239028 0.382711 0.317470 
0.500000 0.500000 0.239028 0.382711 0.317470 
0.500000 0.500000 0.239028 0.382711 0.317470 
0.500000 0.500000 0.239028 0.382711 0.317470 
0.500000 0.500000 0.239028 0.382711 0.317470 
0.500000 0.500000 0.239028 0.382711 0.317470 
0.500000 0.500000 0.239028 0.382711 0.317470 
0.440679 0.500000 0.239028 0.382711 0.317470 
0.500000 0.500000 0.239028 0.382711 0.317470 
0.500000 0.500000 0.239028 0.382711 0.317470 
0.500000 0.500000 0.239028 0.382711 0.317470 
0.500000 0.500000 0.239028 0.382711 0.317470 
0.500000 0.500000 0.239028 0.382711 0.317470 
0.500000 0.500000 0.239028 0.382711 0.317470 
0.500000 0.500000 0.239028 0.382711 0.317470 
0.500000 0.500000 0.239028 0.382711 0.317470 
0.500000 0.500000 0.239028 0.382711 0.317470 
0.440679 0.500000 0.239028 0.382711 0.317470 
0.500000 0.500000 0.239028 0.382711 0.317470 
0.500000 0.500000 0.239028 0.382711 0.317470 
0.500000 0.500000 0.239028 0.382711 0.317470 
0.500000 0.500000 0.239028 0.382711 0.317470 
0.500000 0.500000 0.239028 0.382711 0.317470 
0.500000 0.500000 0.239028 0.382711 0.317470 
0.500000 0.500000 0.239028 0.382711 0.317470 
0.500000 0.500000 0.239028 0.382711 0.317470 
0.500000 0.500000 0.239028 0.382711 0.317470 
0.440679 0.500000 0.239028 0.382711 0.317470 
0.500000 0.500000 0.239028 0.382711 0.317470 
0.500000 0.500000 0.239028 0.382711 0.317470 
0.500000 0.500000 0.239028 0.382711 0.317470 
0.500000 0.500000 0.239028 0.382711 0.317470 
0.500000 0.500000 0.239028 0.382711 0.317470 
0.500000 0.500000 0.239028 0.382711 0.317470 
0.500000 0.500000 0.239028 0.382711 0.317470 
0.500000 0.500000 0.239028 0.382711 0.317470 
0.500000 0.500000 0.239028 0.382711 0.317470 
0.440679 0.500000 0.239028 0.382711 0.317470 
0.500000 0.500000 0.239028 0.382711 0.317470 
0.500000 0.500000 0.239028 0.382711 0.317470 
0.500000 0.500000 0.239028 0.382711 0.317470 
0.500000 0.500000 0.239028 0.382711 0.317470 
0.500000 0.500000 0.239028 0.382711 0.317470 
0.500000 0.500000 0.239028 0.382711 0.317470 
0.500000 0.500000 0.239028 0.382711 0.317470 
0.500000 0.500000 0.239028 0.382711 0.317470 
0.500000 0.500000 0.239028 0.382711 0.317470 
0.440679 0.500000 0.239028 0.382711 0.317470 
0.500000 0.500000 0.239028 0.382711 0.317470 
0.500000 0.500000 0.239028 0.382711 0.317470 
0.500000 0.500000 0.239028 0.382711 0.317470 
0.500000 0.500000 0.239028 0.382711 0.317470 
0.500000 0.500000 0.239028 0.382711 0.317470 
0.500000 0.500000 0.239028 0.382711 0.317470 
0.500000 0.500000 0.239028 0.382711 0.317470 
0.500000 0.500000 0.239028 0.382711 0.317470 
0.500000 0.500000 0.239028 0.382711 0.317470 
0.440679 0.500000 0.239028 0.382711 0.317470 
0.500000 0.500000 0.239028 0.382711 0.317470 
0.500000 0.500000 0.239028 0.382711 0.317470 
0.500000 0.500000 0.239028 0.382711 0.317470 
0.500000 0.500000 0.239028 0.382711 0.317470 
0.500000 0.500000 0.239028 0.382711 0.317470 
0.500000 0.500000 0.239028 0.382711 0.317470 
0.500000 0.500000 0.239028 0.382711 0.317470 
0.500000 0.500000 0.239028 0.382711 0.317470 
0.500000 0.500000 0.239028 0.382711 0.317470 
0.500000 0.268941 0.268941 0.500000 0.500000 
0.500000 0.259233 0.208107 0.368680 0.500000 
0.500000 0.262866 0.186639 0.397423 0.323582 
0.500000 0.261310 0.197656 0.407749 0.311129 
0.500000 0.259361 0.197231 0.402439 0.306720 
0.500000 0.258222 0.195690 0.402644 0.308983 
0.500000 0.257083 0.195769 0.403385 0.308896 
0.500000 0.255979 0.195642 0.403347 0.308579 
0.500000 0.254985 0.195395 0.403408 0.308595 
0.500000 0.254072 0.195220 0.403527 0.308569 
0.440679 0.253228 0.195062 0.403611 0.308519 
0.500000 0.275558 0.194910 0.403687 0.308483 
0.500000 0.272429 0.200304 0.403761 0.308450 
0.500000 0.269956 0.198477 0.401166 0.308419 
0.500000 0.267947 0.197676 0.402044 0.309527 
0.500000 0.265992 0.197555 0.402429 0.309152 
0.500000 0.264186 0.197200 0.402488 0.308987 
0.500000 0.262539 0.196854 0.402659 0.308962 
0.500000 0.261022 0.196569 0.402825 0.308889 
0.500000 0.259625 0.196301 0.402962 0.308818 
0.440679 0.258340 0.196051 0.403091 0.308760 
0.500000 0.280550 0.195822 0.403211 0.308705 
0.500000 0.277011 0.201196 0.403321 0.308653 
0.500000 0.274167 0.199288 0.400738 0.308606 
0.500000 0.271822 0.198414 0.401655 0.309710 
0.500000 0.269554 0.198239 0.402075 0.309318 
0.500000 0.267462 0.197830 0.402159 0.309139 
0.500000 0.265552 0.197434 0.402355 0.309103 
0.500000 0.263794 0.197103 0.402546 0.309019 
0.500000 0.262175 0.196793 0.402705 0.308937 
0.440679 0.260686 0.196504 0.402854 0.308869 
0.500000 0.282829 0.196240 0.402993 0.308806 
0.500000 0.279103 0.201602 0.403120 0.308746 
0.500000 0.276089 0.199657 0.400543 0.308692 
0.500000 0.273591 0.198751 0.401477 0.309793 
0.500000 0.271181 0.198550 0.401913 0.309394 
0.500000 0.268958 0.198117 0.402009 0.309208 
0.500000 0.266928 0.197698 0.402217 0.309167 
0.500000 0.265059 0.197346 0.402419 0.309078 
0.500000 0.263339 0.197017 0.402588 0.308992 
0.440679 0.261757 0.196711 0.402746 0.308919 
0.500000 0.283866 0.196430 0.402894 0.308852 
0.500000 0.280055 0.201786 0.403029 0.308789 
0.500000 0.276965 0.199825 0.400454 0.308731 
0.500000 0.274396 0.198904 0.401397 0.309831 
0.500000 0.271922 0.198692 0.401839 0.309428 
0.500000 0.269639 0.198248 0.401941 0.309239 
0.500000 0.267554 0.197819 0.402154 0.309196 
0.500000 0.265635 0.197457 0.402361 0.309105 
0.500000 0.263868 0.197119 0.402535 0.309016 
0.440679 0.262244 0.196805 0.402697 0.308942 
0.500000 0.284337 0.196517 0.402849 0.308873 
0.500000 0.280488 0.201870 0.402987 0.308808 
0.500000 0.277363 0.199901 0.400414 0.308749 
0.500000 0.274762 0.198973 0.401360 0.309848 
0.500000 0.272259 0.198757 0.401806 0.309444 
0.500000 0.269948 0.198307 0.401910 0.309253 
0.500000 0.267839 0.197873 0.402126 0.309209 
0.500000 0.265897 0.197508 0.402335 0.309117 
0.500000 0.264109 0.197166 0.402511 0.309028 
0.440679 0.262466 0.196848 0.402675 0.308952 
0.500000 0.284551 0.196556 0.402828 0.308882 
0.500000 0.280685 0.201908 0.402968 0.308817 
0.500000 0.277544 0.199936 0.400396 0.308757 
0.500000 0.274929 0.199005 0.401343 0.309856 
0.500000 0.272412 0.198786 0.401791 0.309451 
0.500000 0.270089 0.198334 0.401896 0.309260 
0.500000 0.267968 0.197898 0.402113 0.309215 
0.500000 0.266016 0.197530 0.402323 0.309122 
0.500000 0.264219 0.197187 0.402500 0.309033 
0.440679 0.262566 0.196867 0.402665 0.308957 
0.500000 0.284649 0.196574 0.402819 0.308887 
0.500000 0.280775 0.201925 0.402960 0.308821 
0.500000 0.277626 0.199952 0.400388 0.308761 
0.500000 0.275004 0.199019 0.401336 0.309860 
0.500000 0.272481 0.198799 0.401784 0.309454 
0.500000 0.270153 0.198347 0.401889 0.309263 
0.500000 0.268027 0.197909 0.402107 0.309218 
0.500000 0.266070 0.197541 0.402317 0.309125 
0.500000 0.264268 0.197196 0.402495 0.309035 
0.440679 0.262612 0.196876 0.402660 0.308959 
0.500000 0.284693 0.196582 0.402814 0.308889 
0.500000 0.280815 0.201933 0.402956 0.308823 
0.500000 0.277663 0.199959 0.400384 0.308762 
0.500000 0.275039 0.199026 0.401332 0.309861 
0.500000 0.272513 0.198805 0.401781 0.309456 
0.500000 0.270182 0.198352 0.401887 0.309264 
0.500000 0.268054 0.197914 0.402104 0.309219 
0.500000 0.266094 0.197546 0.402315 0.309126 
0.500000 0.264291 0.197201 0.402492 0.309036 
0.440679 0.262633 0.196880 0.402658 0.308960 
0.500000 0.284713 0.196586 0.402813 0.308889 
0.500000 0.280834 0.201937 0.402954 0.308824 
0.500000 0.277680 0.199962 0.400382 0.308763 
0.500000 0.275054 0.199029 0.401331 0.309862 
0.500000 0.272527 0.198808 0.401779 0.309457 
0.500000 0.270195 0.198355 0.401885 0.309265 
0.500000 0.268066 0.197917 0.402103 0.309220 
0.500000 0.266106 0.197548 0.402314 0.309126 
0.500000 0.264301 0.197203 0.402491 0.309037 
0.500000 0.268941 0.268941 0.500000 0.500000 
0.500000 0.259233 0.208107 0.368680 0.500000 
0.500000 0.262866 0.159775 0.397423 0.323582 
0.500000 0.259504 0.500000 0.420785 0.311129 
0.500000 0.269769 0.500000 0.500000 0.301204 
0.500000 0.269686 0.500000 0.500000 0.500000 
0.500000 0.269612 0.500000 0.500000 0.500000 
0.500000 0.269545 0.500000 0.500000 0.500000 
0.500000 0.269484 0.500000 0.500000 0.500000 
0.500000 0.269430 0.153001 0.500000 0.500000 
0.440679 0.252913 0.153436 0.424091 0.500000 
0.500000 0.269869 0.500000 0.423878 0.299814 
0.500000 0.278931 0.500000 0.500000 0.299904 
0.500000 0.277924 0.500000 0.500000 0.500000 
0.500000 0.277018 0.500000 0.500000 0.500000 
0.500000 0.276204 0.152897 0.500000 0.500000 
0.500000 0.258732 0.154155 0.424142 0.500000 
0.500000 0.252299 0.500000 0.423527 0.299793 
0.500000 0.262757 0.500000 0.500000 0.300051 
0.500000 0.263371 0.500000 0.500000 0.500000 
0.440679 0.263924 0.500000 0.500000 0.500000 
0.500000 0.288188 0.500000 0.500000 0.500000 
0.500000 0.286237 0.153398 0.500000 0.500000 
0.500000 0.267455 0.155640 0.423897 0.500000 
0.500000 0.260125 0.500000 0.422803 0.299896 
0.500000 0.270099 0.500000 0.500000 0.300356 
0.500000 0.269983 0.500000 0.500000 0.500000 
0.500000 0.269879 0.500000 0.500000 0.500000 
0.500000 0.269785 0.500000 0.500000 0.500000 
0.500000 0.269700 0.152464 0.500000 0.500000 
0.440679 0.253106 0.153140 0.424353 0.500000 
0.500000 0.269997 0.500000 0.424023 0.299704 
0.500000 0.279031 0.500000 0.500000 0.299843 
0.500000 0.278013 0.500000 0.500000 0.500000 
0.500000 0.277099 0.500000 0.500000 0.500000 
0.500000 0.276277 0.152906 0.500000 0.500000 
0.500000 0.258795 0.154169 0.424137 0.500000 
0.500000 0.252356 0.500000 0.423521 0.299795 
0.500000 0.262811 0.500000 0.500000 0.300054 
0.500000 0.263419 0.500000 0.500000 0.500000 
0.440679 0.263968 0.500000 0.500000 0.500000 
0.500000 0.288229 0.500000 0.500000 0.500000 
0.500000 0.286274 0.153411 0.500000 0.500000 
0.500000 0.267488 0.155652 0.423891 0.500000 
0.500000 0.260156 0.500000 0.422796 0.299898 
0.500000 0.270128 0.500000 0.500000 0.300358 
0.500000 0.270009 0.500000 0.500000 0.500000 
0.500000 0.269902 0.500000 0.500000 0.500000 
0.500000 0.269806 0.500000 0.500000 0.500000 
0.500000 0.269720 0.152471 0.500000 0.500000 
0.440679 0.253123 0.153147 0.424350 0.500000 
0.500000 0.270014 0.500000 0.424020 0.299706 
0.500000 0.279047 0.500000 0.500000 0.299844 
0.500000 0.278027 0.500000 0.500000 0.500000 
0.500000 0.277111 0.500000 0.500000 0.500000 
0.500000 0.276288 0.152910 0.500000 0.500000 
0.500000 0.258805 0.154172 0.424135 0.500000 
0.500000 0.252365 0.500000 0.423519 0.299796 
0.500000 0.262820 0.500000 0.500000 0.300055 
0.500000 0.263428 0.500000 0.500000 0.500000 
0.440679 0.263975 0.500000 0.500000 0.500000 
0.500000 0.288236 0.500000 0.500000 0.500000 
0.500000 0.286280 0.153413 0.500000 0.500000 
0.500000 0.267494 0.155654 0.423890 0.500000 
0.500000 0.260161 0.500000 0.422795 0.299899 
0.500000 0.270133 0.500000 0.500000 0.300359 
0.500000 0.270014 0.500000 0.500000 0.500000 
0.500000 0.269906 0.500000 0.500000 0.500000 
0.500000 0.269810 0.500000 0.500000 0.500000 
0.500000 0.269723 0.152473 0.500000 0.500000 
0.440679 0.253126 0.153148 0.424349 0.500000 
0.500000 0.270017 0.500000 0.424019 0.299706 
0.500000 0.279049 0.500000 0.500000 0.299845 
0.500000 0.278030 0.500000 0.500000 0.500000 
0.500000 0.277114 0.500000 0.500000 0.500000 
0.500000 0.276290 0.152911 0.500000 0.500000 
0.500000 0.258807 0.154173 0.424135 0.500000 
0.500000 0.252367 0.500000 0.423518 0.299796 
0.500000 0.262821 0.500000 0.500000 0.300055 
0.500000 0.263429 0.500000 0.500000 0.500000 
0.440679 0.263977 0.500000 0.500000 0.500000 
0.500000 0.288237 0.500000 0.500000 0.500000 
0.500000 0.286281 0.153414 0.500000 0.500000 
0.500000 0.267495 0.155655 0.423889 0.500000 
0.500000 0.260162 0.500000 0.422795 0.299899 
0.500000 0.270134 0.500000 0.500000 0.300359 
0.500000 0.270014 0.500000 0.500000 0.500000 
0.500000 0.269907 0.500000 0.500000 0.500000 
0.500000 0.269810 0.500000 0.500000 0.500000 
0.500000 0.269723 0.152473 0.500000 0.500000 
0.440679 0.253127 0.153148 0.424349 0.500000 
0.500000 0.270018 0.500000 0.424019 0.299706 
0.500000 0.279050 0.500000 0.500000 0.299845 
0.500000 0.278030 0.500000 0.500000 0.500000 
0.500000 0.277114 0.500000 0.500000 0.500000 
0.500000 0.276291 0.152911 0.500000 0.500000 
0.500000 0.258807 0.154173 0.424135 0.500000 
0.500000 0.252367 0.500000 0.423518 0.299796 
0.500000 0.262822 0.500000 0.500000 0.300055 
0.500000 0.263429 0.500000 0.500000 0.500000 
0.500000 0.268941 0.268941 0.500000 0.500000 
0.500000 0.259233 0.208107 0.368680 0.500000 
0.500000 0.262866 0.165406 0.397423 0.323582 
0.500000 0.259901 0.158008 0.418043 0.311129 
0.500000 0.254310 0.157377 0.421647 0.302360 
0.500000 0.248913 0.156821 0.421955 0.300841 
0.500000 0.244075 0.155935 0.422226 0.300712 
0.500000 0.239715 0.154997 0.422658 0.300598 
0.500000 0.235755 0.154122 0.423116 0.300416 
0.500000 0.232150 0.153329 0.423544 0.300224 
0.440679 0.228868 0.152612 0.423931 0.300044 
0.500000 0.246702 0.500000 0.424281 0.299882 
0.500000 0.257448 0.153940 0.500000 0.299735 
0.500000 0.242737 0.165559 0.423632 0.500000 
0.500000 0.239012 0.158501 0.417968 0.300007 
0.500000 0.235868 0.154843 0.421406 0.302391 
0.500000 0.232478 0.153442 0.423192 0.300943 
0.500000 0.229202 0.152661 0.423876 0.300192 
0.500000 0.226183 0.500000 0.424257 0.299905 
0.500000 0.238035 0.500000 0.500000 0.299745 
0.440679 0.240967 0.161280 0.500000 0.500000 
0.500000 0.250387 0.166423 0.420052 0.500000 
0.500000 0.246238 0.159435 0.417548 0.301513 
0.500000 0.242378 0.156079 0.420951 0.302568 
0.500000 0.238365 0.154695 0.422588 0.301134 
0.500000 0.234549 0.153825 0.423264 0.300446 
0.500000 0.231050 0.153077 0.423688 0.300162 
0.500000 0.227864 0.152392 0.424054 0.299983 
0.500000 0.224965 0.500000 0.424388 0.299830 
0.500000 0.236852 0.500000 0.500000 0.299690 
0.440679 0.239888 0.160981 0.500000 0.500000 
0.500000 0.249356 0.166111 0.420198 0.500000 
0.500000 0.245288 0.159200 0.417700 0.301452 
0.500000 0.241505 0.155886 0.421066 0.302504 
0.500000 0.237567 0.154521 0.422682 0.301086 
0.500000 0.233823 0.153667 0.423349 0.300406 
0.500000 0.230389 0.152933 0.423766 0.300126 
0.500000 0.227262 0.500000 0.424124 0.299951 
0.500000 0.239083 0.500000 0.500000 0.299800 
0.500000 0.241923 0.161548 0.500000 0.500000 
0.440679 0.230041 0.166701 0.419921 0.500000 
0.500000 0.249276 0.156670 0.417413 0.301568 
0.500000 0.244894 0.155411 0.422300 0.302625 
0.500000 0.240394 0.154904 0.422914 0.300567 
0.500000 0.236321 0.154199 0.423162 0.300309 
0.500000 0.232650 0.153435 0.423506 0.300205 
0.500000 0.229321 0.152712 0.423879 0.300060 
0.500000 0.226292 0.500000 0.424232 0.299903 
0.500000 0.238142 0.500000 0.500000 0.299755 
0.500000 0.241065 0.161309 0.500000 0.500000 
0.440679 0.229298 0.166452 0.420038 0.500000 
0.500000 0.248515 0.156500 0.417534 0.301519 
0.500000 0.244196 0.155262 0.422383 0.302574 
0.500000 0.239759 0.154765 0.422987 0.300532 
0.500000 0.235742 0.154072 0.423230 0.300278 
0.500000 0.232124 0.153320 0.423568 0.300176 
0.500000 0.228842 0.152608 0.423935 0.300034 
0.500000 0.225855 0.500000 0.424283 0.299880 
0.500000 0.237718 0.500000 0.500000 0.299734 
0.500000 0.240678 0.161201 0.500000 0.500000 
0.440679 0.228963 0.166339 0.420090 0.500000 
0.500000 0.248172 0.156423 0.417589 0.301497 
0.500000 0.243881 0.155194 0.422420 0.302551 
0.500000 0.239472 0.154702 0.423020 0.300516 
0.500000 0.235482 0.154014 0.423260 0.300264 
0.500000 0.231886 0.153268 0.423596 0.300163 
0.500000 0.228625 0.152561 0.423961 0.300022 
0.500000 0.225659 0.500000 0.424306 0.299869 
0.500000 0.237527 0.500000 0.500000 0.299724 
0.500000 0.240503 0.161152 0.500000 0.500000 
0.440679 0.228813 0.166289 0.420114 0.500000 
0.500000 0.248017 0.156389 0.417614 0.301487 
0.500000 0.243739 0.155164 0.422437 0.302541 
0.500000 0.239343 0.154674 0.423035 0.300509 
0.500000 0.235364 0.153989 0.423274 0.300258 
0.500000 0.231779 0.153244 0.423609 0.300158 
0.500000 0.228528 0.152540 0.423972 0.300017 
0.500000 0.225570 0.500000 0.424316 0.299864 
0.500000 0.237441 0.500000 0.500000 0.299720 
0.500000 0.240425 0.161131 0.500000 0.500000 
0.440679 0.228744 0.166266 0.420125 0.500000 
0.500000 0.247947 0.156373 0.417625 0.301482 
0.500000 0.243675 0.155150 0.422445 0.302536 
0.500000 0.239284 0.154661 0.423041 0.300506 
0.500000 0.235311 0.153977 0.423280 0.300255 
0.500000 0.231731 0.153234 0.423614 0.300155 
0.500000 0.228484 0.152530 0.423977 0.300015 
0.500000 0.225530 0.500000 0.424321 0.299862 
0.500000 0.237402 0.500000 0.500000 0.299718 
0.500000 0.240389 0.161121 0.500000 0.500000 
0.440679 0.228714 0.166256 0.420130 0.500000 
0.500000 0.247916 0.156366 0.417630 0.301480 
0.500000 0.243646 0.155144 0.422448 0.302534 
0.500000 0.239258 0.154656 0.423044 0.300505 
0.500000 0.235287 0.153972 0.423283 0.300254 
0.500000 0.231709 0.153229 0.423617 0.300154 
0.500000 0.228464 0.152526 0.423980 0.300013 
0.500000 0.225512 0.500000 0.424323 0.299861 
0.500000 0.237384 0.500000 0.500000 0.299717 
0.500000 0.240373 0.161116 0.500000 0.500000 
0.500000 0.268941 0.268941 0.500000 0.500000 
0.500000 0.259233 0.208107 0.368680 0.500000 
0.500000 0.262866 0.171726 0.397423 0.323582 
0.500000 0.260334 0.171225 0.414971 0.311129 
0.500000 0.255961 0.173488 0.415214 0.303657 
0.500000 0.252199 0.173204 0.414116 0.303554 
0.500000 0.248963 0.172298 0.414254 0.304019 
0.500000 0.246010 0.171563 0.414694 0.303961 
0.500000 0.243286 0.170960 0.415051 0.303775 
0.500000 0.240785 0.170412 0.415343 0.303624 
0.440679 0.238491 0.169905 0.415609 0.303500 
0.500000 0.258251 0.169438 0.415856 0.303388 
0.500000 0.253890 0.172885 0.416082 0.303283 
0.500000 0.250219 0.172851 0.414409 0.303188 
0.500000 0.247146 0.171920 0.414425 0.303895 
0.500000 0.244350 0.171191 0.414877 0.303888 
0.500000 0.241765 0.170620 0.415231 0.303697 
0.500000 0.239389 0.170103 0.415508 0.303547 
0.500000 0.237210 0.169621 0.415760 0.303430 
0.500000 0.235212 0.169178 0.415993 0.303324 
0.440679 0.233378 0.168773 0.416209 0.303225 
0.500000 0.253117 0.168400 0.416406 0.303134 
0.500000 0.249202 0.171841 0.416587 0.303051 
0.500000 0.245930 0.171882 0.414915 0.302974 
0.500000 0.243211 0.171044 0.414896 0.303681 
0.500000 0.240740 0.170392 0.415303 0.303689 
0.500000 0.238454 0.169887 0.415619 0.303517 
0.500000 0.236352 0.169430 0.415865 0.303383 
0.500000 0.234424 0.169004 0.416087 0.303280 
0.500000 0.232655 0.168613 0.416293 0.303186 
0.440679 0.231031 0.168254 0.416484 0.303098 
0.500000 0.250747 0.167924 0.416658 0.303018 
0.500000 0.247039 0.171360 0.416818 0.302944 
0.500000 0.243951 0.171435 0.415149 0.302877 
0.500000 0.241396 0.170639 0.415113 0.303582 
0.500000 0.239074 0.170023 0.415499 0.303597 
0.500000 0.236926 0.169548 0.415798 0.303434 
0.500000 0.234950 0.169119 0.416029 0.303308 
0.500000 0.233137 0.168720 0.416237 0.303210 
0.500000 0.231474 0.168352 0.416432 0.303122 
0.440679 0.229947 0.168014 0.416610 0.303040 
0.500000 0.249649 0.167705 0.416775 0.302964 
0.500000 0.246037 0.171138 0.416925 0.302895 
0.500000 0.243035 0.171228 0.415257 0.302832 
0.500000 0.240555 0.170452 0.415213 0.303536 
0.500000 0.238303 0.169852 0.415590 0.303555 
0.500000 0.236218 0.169392 0.415881 0.303396 
0.500000 0.234300 0.168976 0.416105 0.303273 
0.500000 0.232541 0.168588 0.416307 0.303178 
0.500000 0.230927 0.168231 0.416496 0.303093 
0.440679 0.229445 0.167903 0.416669 0.303013 
0.500000 0.249139 0.167603 0.416828 0.302940 
0.500000 0.245573 0.171035 0.416975 0.302872 
0.500000 0.242610 0.171132 0.415307 0.302811 
0.500000 0.240165 0.170365 0.415260 0.303515 
0.500000 0.237945 0.169773 0.415632 0.303535 
0.500000 0.235890 0.169319 0.415920 0.303378 
0.500000 0.233999 0.168909 0.416140 0.303256 
0.500000 0.232264 0.168527 0.416340 0.303163 
0.500000 0.230673 0.168175 0.416525 0.303079 
0.440679 0.229211 0.167852 0.416697 0.303000 
0.500000 0.248903 0.167556 0.416854 0.302928 
0.500000 0.245357 0.170987 0.416998 0.302862 
0.500000 0.242412 0.171087 0.415330 0.302801 
0.500000 0.239984 0.170325 0.415281 0.303505 
0.500000 0.237778 0.169736 0.415652 0.303526 
0.500000 0.235737 0.169285 0.415938 0.303370 
0.500000 0.233859 0.168878 0.416157 0.303249 
0.500000 0.232136 0.168498 0.416355 0.303156 
0.500000 0.230555 0.168149 0.416539 0.303073 
0.440679 0.229103 0.167828 0.416709 0.302995 
0.500000 0.248793 0.167534 0.416865 0.302923 
0.500000 0.245257 0.170964 0.417008 0.302857 
0.500000 0.242321 0.171066 0.415341 0.302796 
0.500000 0.239899 0.170306 0.415291 0.303501 
0.500000 0.237701 0.169719 0.415661 0.303522 
0.500000 0.235666 0.169270 0.415946 0.303366 
0.500000 0.233794 0.168864 0.416164 0.303245 
0.500000 0.232076 0.168485 0.416362 0.303153 
0.500000 0.230500 0.168137 0.416546 0.303070 
0.440679 0.229053 0.167817 0.416715 0.302992 
0.500000 0.248742 0.167523 0.416871 0.302920 
0.500000 0.245210 0.170954 0.417013 0.302855 
0.500000 0.242278 0.171057 0.415346 0.302794 
0.500000 0.239860 0.170298 0.415296 0.303499 
0.500000 0.237665 0.169711 0.415665 0.303520 
0.500000 0.235633 0.169262 0.415950 0.303364 
0.500000 0.233764 0.168857 0.416168 0.303244 
0.500000 0.232049 0.168479 0.416365 0.303151 
0.500000 0.230475 0.168131 0.416549 0.303068 
0.440679 0.229029 0.167812 0.416718 0.302991 
0.500000 0.248718 0.167519 0.416873 0.302919 
0.500000 0.245188 0.170949 0.417015 0.302854 
0.500000 0.242258 0.171052 0.415348 0.302793 
0.500000 0.239842 0.170294 0.415298 0.303498 
0.500000 0.237649 0.169708 0.415667 0.303519 
0.500000 0.235618 0.169259 0.415952 0.303363 
0.500000 0.233750 0.168854 0.416170 0.303243 
0.500000 0.232036 0.168476 0.416366 0.303151 
0.500000 0.230463 0.168128 0.416550 0.303068 
0.500000 0.268941 0.268941 0.500000 0.500000 
0.500000 0.259233 0.208107 0.368680 0.500000 
0.500000 0.262866 0.165406 0.397423 0.323582 
0.500000 0.259901 0.158008 0.418043 0.311129 
0.500000 0.254310 0.157377 0.421647 0.302360 
0.500000 0.248913 0.156821 0.421955 0.300841 
0.500000 0.244075 0.155935 0.422226 0.300712 
0.500000 0.239715 0.154997 0.422658 0.300598 
0.500000 0.235755 0.154122 0.423116 0.300416 
0.500000 0.232150 0.153329 0.423544 0.300224 
0.440679 0.228868 0.152612 0.423931 0.300044 
0.500000 0.246702 0.500000 0.424281 0.299882 
0.500000 0.257448 0.153940 0.500000 0.299735 
0.500000 0.242737 0.165559 0.423632 0.500000 
0.500000 0.239012 0.158501 0.417968 0.300007 
0.500000 0.235868 0.154843 0.421406 0.302391 
0.500000 0.232478 0.153442 0.423192 0.300943 
0.500000 0.229202 0.152661 0.423876 0.300192 
0.500000 0.226183 0.500000 0.424257 0.299905 
0.500000 0.238035 0.500000 0.500000 0.299745 
0.440679 0.240967 0.161280 0.500000 0.500000 
0.500000 0.250387 0.166423 0.420052 0.500000 
0.500000 0.246238 0.159435 0.417548 0.301513 
0.500000 0.242378 0.156079 0.420951 0.302568 
0.500000 0.238365 0.154695 0.422588 0.301134 
0.500000 0.234549 0.153825 0.423264 0.300446 
0.500000 0.231050 0.153077 0.423688 0.300162 
0.500000 0.227864 0.152392 0.424054 0.299983 
0.500000 0.224965 0.500000 0.424388 0.299830 
0.500000 0.236852 0.500000 0.500000 0.299690 
0.440679 0.239888 0.160981 0.500000 0.500000 
0.500000 0.249356 0.166111 0.420198 0.500000 
0.500000 0.245288 0.159200 0.417700 0.301452 
0.500000 0.241505 0.155886 0.421066 0.302504 
0.500000 0.237567 0.154521 0.422682 0.301086 
0.500000 0.233823 0.153667 0.423349 0.300406 
0.500000 0.230389 0.152933 0.423766 0.300126 
0.500000 0.227262 0.500000 0.424124 0.299951 
0.500000 0.239083 0.500000 0.500000 0.299800 
0.500000 0.241923 0.161548 0.500000 0.500000 
0.440679 0.230041 0.166701 0.419921 0.500000 
0.500000 0.249276 0.156670 0.417413 0.301568 
0.500000 0.244894 0.155411 0.422300 0.302625 
0.500000 0.240394 0.154904 0.422914 0.300567 
0.500000 0.236321 0.154199 0.423162 0.300309 
0.500000 0.232650 0.153435 0.423506 0.300205 
0.500000 0.229321 0.152712 0.423879 0.300060 
0.500000 0.226292 0.500000 0.424232 0.299903 
0.500000 0.238142 0.500000 0.500000 0.299755 
0.500000 0.241065 0.161309 0.500000 0.500000 
0.440679 0.229298 0.166452 0.420038 0.500000 
0.500000 0.248515 0.156500 0.417534 0.301519 
0.500000 0.244196 0.155262 0.422383 0.302574 
0.500000 0.239759 0.154765 0.422987 0.300532 
0.500000 0.235742 0.154072 0.423230 0.300278 
0.500000 0.232124 0.153320 0.423568 0.300176 
0.500000 0.228842 0.152608 0.423935 0.300034 
0.500000 0.225855 0.500000 0.424283 0.299880 
0.500000 0.237718 0.500000 0.500000 0.299734 
0.500000 0.240678 0.161201 0.500000 0.500000 
0.440679 0.228963 0.166339 0.420090 0.500000 
0.500000 0.248172 0.156423 0.417589 0.301497 
0.500000 0.243881 0.155194 0.422420 0.302551 
0.500000 0.239472 0.154702 0.423020 0.300516 
0.500000 0.235482 0.154014 0.423260 0.300264 
0.500000 0.231886 0.153268 0.423596 0.300163 
0.500000 0.228625 0.152561 0.423961 0.300022 
0.500000 0.225659 0.500000 0.424306 0.299869 
0.500000 0.237527 0.500000 0.500000 0.299724 
0.500000 0.240503 0.161152 0.500000 0.500000 
0.440679 0.228813 0.166289 0.420114 0.500000 
0.500000 0.248017 0.156389 0.417614 0.301487 
0.500000 0.243739 0.155164 0.422437 0.302541 
0.500000 0.239343 0.154674 0.423035 0.300509 
0.500000 0.235364 0.153989 0.423274 0.300258 
0.500000 0.231779 0.153244 0.423609 0.300158 
0.500000 0.228528 0.152540 0.423972 0.300017 
0.500000 0.225570 0.500000 0.424316 0.299864 
0.500000 0.237441 0.500000 0.500000 0.299720 
0.500000 0.240425 0.161131 0.500000 0.500000 
0.440679 0.228744 0.166266 0.420125 0.500000 
0.500000 0.247947 0.156373 0.417625 0.301482 
0.500000 0.243675 0.155150 0.422445 0.302536 
0.500000 0.239284 0.154661 0.423041 0.300506 
0.500000 0.235311 0.153977 0.423280 0.300255 
0.500000 0.231731 0.153234 0.423614 0.300155 
0.500000 0.228484 0.152530 0.423977 0.300015 
0.500000 0.225530 0.500000 0.424321 0.299862 
0.500000 0.237402 0.500000 0.500000 0.299718 
0.500000 0.240389 0.161121 0.500000 0.500000 
0.440679 0.228714 0.166256 0.420130 0.500000 
0.500000 0.247916 0.156366 0.417630 0.301480 
0.500000 0.243646 0.155144 0.422448 0.302534 
0.500000 0.239258 0.154656 0.423044 0.300505 
0.500000 0.235287 0.153972 0.423283 0.300254 
0.500000 0.231709 0.153229 0.423617 0.300154 
0.500000 0.228464 0.152526 0.423980 0.300013 
0.500000 0.225512 0.500000 0.424323 0.299861 
0.500000 0.237384 0.500000 0.500000 0.299717 
0.500000 0.240373 0.161116 0.500000 0.500000 
