0.500000 0.440679 0.268941 0.268941 0.500000 0.500000 0.500000 0.500000 0.500000 
0.500000 0.440679 0.292896 0.338012 0.500000 0.500000 0.368680 0.500000 0.500000 
0.500000 0.440679 0.314900 0.386168 0.500000 0.500000 0.357601 0.500000 0.500000 
0.500000 0.440679 0.334534 0.415518 0.500000 0.500000 0.347556 0.500000 0.500000 
0.500000 0.440679 0.351699 0.432723 0.500000 0.500000 0.338705 0.500000 0.500000 
0.500000 0.440679 0.366502 0.442663 0.500000 0.500000 0.331059 0.500000 0.500000 
0.500000 0.440679 0.379161 0.448189 0.500000 0.500000 0.324536 0.500000 0.500000 
0.500000 0.440679 0.389941 0.450887 0.500000 0.500000 0.319011 0.500000 0.500000 
0.500000 0.440679 0.399105 0.451652 0.500000 0.500000 0.314345 0.500000 0.500000 
0.500000 0.440679 0.406898 0.450999 0.500000 0.500000 0.310409 0.500000 0.500000 
0.500000 0.440679 0.413536 0.449244 0.500000 0.500000 0.307082 0.500000 0.500000 
0.500000 0.440679 0.419204 0.446588 0.500000 0.500000 0.304265 0.500000 0.500000 
0.500000 0.440679 0.424058 0.443171 0.500000 0.500000 0.301870 0.500000 0.500000 
0.500000 0.440679 0.428228 0.439100 0.500000 0.500000 0.299828 0.500000 0.500000 
0.500000 0.440679 0.431823 0.434466 0.500000 0.500000 0.298080 0.500000 0.500000 
0.500000 0.440679 0.434931 0.429352 0.500000 0.500000 0.296578 0.500000 0.500000 
0.500000 0.440679 0.437628 0.423839 0.500000 0.500000 0.295283 0.500000 0.500000 
0.500000 0.440679 0.439975 0.418005 0.500000 0.500000 0.294162 0.500000 0.500000 
0.500000 0.440679 0.442023 0.411931 0.500000 0.500000 0.293188 0.500000 0.500000 
0.500000 0.440679 0.443816 0.405691 0.500000 0.500000 0.292340 0.500000 0.500000 
0.500000 0.440679 0.445388 0.399361 0.500000 0.500000 0.291599 0.500000 0.500000 
0.500000 0.440679 0.446771 0.393009 0.500000 0.500000 0.290950 0.500000 0.500000 
0.500000 0.440679 0.447990 0.386698 0.500000 0.500000 0.290379 0.500000 0.500000 
0.500000 0.440679 0.449066 0.380483 0.500000 0.500000 0.289877 0.500000 0.500000 
0.500000 0.440679 0.450017 0.374412 0.500000 0.500000 0.289435 0.500000 0.500000 
0.500000 0.440679 0.450860 0.368525 0.500000 0.500000 0.289043 0.500000 0.500000 
0.500000 0.440679 0.451609 0.362853 0.500000 0.500000 0.288697 0.500000 0.500000 
0.500000 0.440679 0.452273 0.357420 0.500000 0.500000 0.288390 0.500000 0.500000 
0.500000 0.440679 0.452865 0.352243 0.500000 0.500000 0.288117 0.500000 0.500000 
0.500000 0.440679 0.453391 0.347333 0.500000 0.500000 0.287874 0.500000 0.500000 
0.500000 0.440679 0.453861 0.342695 0.500000 0.500000 0.287659 0.500000 0.500000 
0.500000 0.440679 0.454280 0.338329 0.500000 0.500000 0.287466 0.500000 0.500000 
0.500000 0.440679 0.454654 0.334234 0.381144 0.500000 0.287295 0.500000 0.500000 
0.500000 0.440679 0.448711 0.330403 0.393916 0.500000 0.287141 0.318150 0.500000 
0.500000 0.440679 0.443599 0.328885 0.404802 0.500000 0.289581 0.312634 0.500000 
0.500000 0.440679 0.439353 0.329193 0.413664 0.500000 0.291689 0.307975 0.500000 
0.500000 0.440679 0.435915 0.330863 0.420588 0.500000 0.293446 0.304211 0.500000 
0.500000 0.440679 0.433174 0.333489 0.425772 0.500000 0.294874 0.301287 0.500000 
0.500000 0.440679 0.431000 0.336736 0.429448 0.500000 0.296015 0.299109 0.500000 
0.500000 0.440679 0.429265 0.340349 0.431835 0.500000 0.296922 0.297570 0.500000 
0.500000 0.440679 0.427851 0.344137 0.433123 0.500000 0.297647 0.296573 0.500000 
0.500000 0.440679 0.426657 0.347970 0.433466 0.500000 0.298238 0.296036 0.500000 
0.500000 0.440679 0.425594 0.351769 0.432987 0.500000 0.298738 0.295893 0.500000 
0.500000 0.440679 0.424591 0.355487 0.431777 0.500000 0.299184 0.296093 0.500000 
0.500000 0.440679 0.423585 0.359109 0.429902 0.500000 0.299604 0.296597 0.500000 
0.500000 0.440679 0.422523 0.362643 0.427407 0.500000 0.300027 0.297380 0.500000 
0.500000 0.440679 0.421359 0.366109 0.424317 0.500000 0.300473 0.298424 0.500000 
0.500000 0.440679 0.420050 0.369538 0.420640 0.500000 0.300963 0.299720 0.500000 
0.500000 0.440679 0.418556 0.372972 0.416367 0.500000 0.301514 0.301265 0.500000 
0.500000 0.440679 0.416836 0.376456 0.411471 0.500000 0.302143 0.303067 0.500000 
0.500000 0.440679 0.414847 0.380038 0.405907 0.500000 0.302869 0.305139 0.500000 
0.500000 0.440679 0.412540 0.383771 0.399610 0.500000 0.303710 0.307504 0.500000 
0.500000 0.440679 0.409860 0.387707 0.392497 0.500000 0.304686 0.310192 0.500000 
0.500000 0.440679 0.406740 0.391903 0.384459 0.500000 0.305823 0.313245 0.500000 
0.500000 0.440679 0.403098 0.396416 0.375369 0.500000 0.307150 0.316713 0.500000 
0.500000 0.440679 0.398834 0.401301 0.500000 0.500000 0.308702 0.320660 0.500000 
0.500000 0.440679 0.406667 0.406614 0.500000 0.500000 0.310525 0.500000 0.500000 
0.500000 0.440679 0.413339 0.409348 0.500000 0.500000 0.307181 0.500000 0.500000 
0.500000 0.440679 0.419035 0.410181 0.500000 0.500000 0.304348 0.500000 0.500000 
0.500000 0.440679 0.423913 0.409578 0.500000 0.500000 0.301941 0.500000 0.500000 
0.500000 0.440679 0.428104 0.407866 0.500000 0.500000 0.299889 0.500000 0.500000 
0.500000 0.440679 0.431715 0.405285 0.500000 0.500000 0.298132 0.500000 0.500000 
0.500000 0.440679 0.434838 0.402019 0.500000 0.500000 0.296623 0.500000 0.500000 
0.500000 0.440679 0.437547 0.398218 0.500000 0.500000 0.295322 0.500000 0.500000 
0.500000 0.440679 0.439905 0.394003 0.500000 0.500000 0.294195 0.500000 0.500000 
0.500000 0.440679 0.441962 0.389480 0.500000 0.500000 0.293217 0.500000 0.500000 
0.500000 0.440679 0.443762 0.384740 0.500000 0.500000 0.292365 0.500000 0.500000 
0.500000 0.440679 0.445341 0.379861 0.500000 0.500000 0.291621 0.500000 0.500000 
0.500000 0.440679 0.446730 0.374914 0.500000 0.500000 0.290969 0.500000 0.500000 
0.500000 0.440679 0.447953 0.369958 0.500000 0.500000 0.290397 0.500000 0.500000 
0.500000 0.440679 0.449033 0.365045 0.500000 0.500000 0.289893 0.500000 0.500000 
0.500000 0.440679 0.449989 0.360216 0.500000 0.500000 0.289448 0.500000 0.500000 
0.500000 0.440679 0.450835 0.355508 0.500000 0.500000 0.289055 0.500000 0.500000 
0.500000 0.440679 0.451586 0.350948 0.370017 0.500000 0.288707 0.500000 0.500000 
0.500000 0.440679 0.444958 0.346558 0.379666 0.500000 0.288399 0.322997 0.500000 
0.500000 0.440679 0.438998 0.344684 0.388219 0.500000 0.291127 0.318791 0.500000 
0.500000 0.440679 0.433798 0.344898 0.395274 0.500000 0.293593 0.315088 0.500000 
0.500000 0.440679 0.429344 0.346752 0.400665 0.500000 0.295755 0.312051 0.500000 
0.500000 0.440679 0.425554 0.349830 0.404377 0.500000 0.297613 0.309741 0.500000 
0.500000 0.440679 0.422306 0.353773 0.406477 0.500000 0.299200 0.308156 0.500000 
0.500000 0.440679 0.419463 0.358296 0.407061 0.500000 0.300564 0.307261 0.500000 
0.500000 0.440679 0.416887 0.363185 0.406221 0.500000 0.301761 0.307013 0.500000 
0.500000 0.440679 0.414442 0.368293 0.404029 0.500000 0.302848 0.307370 0.500000 
0.500000 0.440679 0.412003 0.373529 0.400531 0.500000 0.303881 0.308304 0.500000 
0.500000 0.440679 0.409449 0.378849 0.395743 0.500000 0.304914 0.309798 0.500000 
0.500000 0.440679 0.406663 0.384246 0.389650 0.500000 0.305998 0.311850 0.500000 
0.500000 0.440679 0.403524 0.389742 0.382208 0.500000 0.307182 0.314471 0.500000 
0.500000 0.440679 0.399907 0.395381 0.373346 0.500000 0.308520 0.317688 0.500000 
0.500000 0.440679 0.395674 0.401219 0.500000 0.500000 0.310065 0.321543 0.500000 
0.500000 0.440679 0.403979 0.407323 0.500000 0.500000 0.311879 0.500000 0.500000 
0.500000 0.440679 0.411048 0.410613 0.500000 0.500000 0.308326 0.500000 0.500000 
0.500000 0.440679 0.417078 0.411850 0.500000 0.500000 0.305319 0.500000 0.500000 
0.500000 0.440679 0.422235 0.411547 0.500000 0.500000 0.302767 0.500000 0.500000 
0.500000 0.440679 0.426660 0.410061 0.500000 0.500000 0.300594 0.500000 0.500000 
0.500000 0.440679 0.430470 0.407648 0.500000 0.500000 0.298737 0.500000 0.500000 
0.500000 0.440679 0.433760 0.404506 0.500000 0.500000 0.297143 0.500000 0.500000 
0.500000 0.440679 0.436611 0.400788 0.500000 0.500000 0.295770 0.500000 0.500000 
0.500000 0.440679 0.439090 0.396624 0.500000 0.500000 0.294584 0.500000 0.500000 
0.500000 0.440679 0.441250 0.392122 0.500000 0.500000 0.293555 0.500000 0.500000 
0.500000 0.440679 0.443138 0.387377 0.500000 0.500000 0.292660 0.500000 0.500000 
