0.500000 0.440679 0.500000 0.268941 0.500000 0.500000 0.500000 0.500000 0.500000 
0.500000 0.440679 0.500000 0.257399 0.500000 0.500000 0.500000 0.500000 0.500000 
0.500000 0.440679 0.500000 0.248454 0.500000 0.500000 0.500000 0.500000 0.500000 
0.500000 0.440679 0.500000 0.241511 0.500000 0.500000 0.500000 0.500000 0.500000 
0.500000 0.440679 0.500000 0.236106 0.500000 0.500000 0.500000 0.500000 0.500000 
0.500000 0.440679 0.500000 0.231881 0.500000 0.500000 0.500000 0.500000 0.500000 
0.500000 0.440679 0.500000 0.228569 0.500000 0.500000 0.500000 0.500000 0.500000 
0.500000 0.440679 0.500000 0.225963 0.500000 0.500000 0.500000 0.500000 0.500000 
0.500000 0.440679 0.500000 0.223906 0.500000 0.500000 0.500000 0.500000 0.500000 
0.500000 0.440679 0.500000 0.222279 0.500000 0.500000 0.500000 0.500000 0.500000 
0.500000 0.440679 0.500000 0.220990 0.500000 0.500000 0.500000 0.500000 0.500000 
0.500000 0.440679 0.500000 0.219966 0.500000 0.500000 0.500000 0.500000 0.500000 
0.500000 0.440679 0.500000 0.219152 0.500000 0.500000 0.500000 0.500000 0.500000 
0.500000 0.440679 0.500000 0.218504 0.500000 0.500000 0.500000 0.500000 0.500000 
0.500000 0.440679 0.500000 0.217987 0.500000 0.500000 0.500000 0.500000 0.500000 
0.500000 0.440679 0.500000 0.217575 0.500000 0.500000 0.500000 0.500000 0.500000 
0.500000 0.440679 0.500000 0.217247 0.500000 0.500000 0.500000 0.500000 0.500000 
0.500000 0.440679 0.500000 0.216984 0.500000 0.500000 0.500000 0.500000 0.500000 
0.500000 0.440679 0.500000 0.216775 0.500000 0.500000 0.500000 0.500000 0.500000 
0.500000 0.440679 0.500000 0.216607 0.500000 0.500000 0.500000 0.500000 0.500000 
0.500000 0.440679 0.500000 0.216473 0.500000 0.500000 0.500000 0.500000 0.500000 
0.500000 0.440679 0.500000 0.216367 0.500000 0.500000 0.500000 0.500000 0.500000 
0.500000 0.440679 0.500000 0.216281 0.500000 0.500000 0.500000 0.500000 0.500000 
0.500000 0.440679 0.500000 0.216213 0.500000 0.500000 0.500000 0.500000 0.500000 
0.500000 0.440679 0.500000 0.216158 0.500000 0.500000 0.500000 0.500000 0.500000 
0.500000 0.440679 0.500000 0.216114 0.500000 0.500000 0.500000 0.500000 0.500000 
0.500000 0.440679 0.500000 0.216079 0.500000 0.500000 0.500000 0.500000 0.500000 
0.500000 0.440679 0.500000 0.216051 0.500000 0.500000 0.500000 0.500000 0.500000 
0.500000 0.440679 0.500000 0.216029 0.500000 0.500000 0.500000 0.500000 0.500000 
0.500000 0.440679 0.500000 0.216011 0.500000 0.500000 0.500000 0.500000 0.500000 
0.500000 0.440679 0.500000 0.215997 0.500000 0.500000 0.500000 0.500000 0.500000 
0.500000 0.440679 0.500000 0.215985 0.500000 0.500000 0.500000 0.500000 0.500000 
0.500000 0.440679 0.500000 0.215976 0.500000 0.500000 0.500000 0.500000 0.500000 
0.500000 0.440679 0.500000 0.215969 0.500000 0.500000 0.500000 0.500000 0.500000 
0.500000 0.440679 0.500000 0.215963 0.500000 0.500000 0.500000 0.500000 0.500000 
0.500000 0.440679 0.500000 0.215958 0.500000 0.500000 0.500000 0.500000 0.500000 
0.500000 0.440679 0.500000 0.215954 0.500000 0.500000 0.500000 0.500000 0.500000 
0.500000 0.440679 0.500000 0.215951 0.500000 0.500000 0.500000 0.500000 0.500000 
0.500000 0.440679 0.500000 0.215949 0.500000 0.500000 0.500000 0.500000 0.500000 
0.500000 0.440679 0.500000 0.215947 0.500000 0.500000 0.500000 0.500000 0.500000 
0.500000 0.440679 0.500000 0.215946 0.500000 0.500000 0.500000 0.500000 0.500000 
0.500000 0.440679 0.500000 0.215944 0.500000 0.500000 0.500000 0.500000 0.500000 
0.500000 0.440679 0.500000 0.215943 0.500000 0.500000 0.500000 0.500000 0.500000 
0.500000 0.440679 0.500000 0.215943 0.500000 0.500000 0.500000 0.500000 0.500000 
0.500000 0.440679 0.500000 0.215942 0.500000 0.500000 0.500000 0.500000 0.500000 
0.500000 0.440679 0.500000 0.215942 0.500000 0.500000 0.500000 0.500000 0.500000 
0.500000 0.440679 0.500000 0.215941 0.500000 0.500000 0.500000 0.500000 0.500000 
0.500000 0.440679 0.500000 0.215941 0.500000 0.500000 0.500000 0.500000 0.500000 
0.500000 0.440679 0.500000 0.215941 0.500000 0.500000 0.500000 0.500000 0.500000 
0.500000 0.440679 0.500000 0.215940 0.500000 0.500000 0.500000 0.500000 0.500000 
0.500000 0.440679 0.500000 0.215940 0.500000 0.500000 0.500000 0.500000 0.500000 
0.500000 0.440679 0.500000 0.215940 0.500000 0.500000 0.500000 0.500000 0.500000 
0.500000 0.440679 0.500000 0.215940 0.500000 0.500000 0.500000 0.500000 0.500000 
0.500000 0.440679 0.500000 0.215940 0.500000 0.500000 0.500000 0.500000 0.500000 
0.500000 0.440679 0.500000 0.215940 0.500000 0.500000 0.500000 0.500000 0.500000 
0.500000 0.440679 0.500000 0.215940 0.500000 0.500000 0.500000 0.500000 0.500000 
0.500000 0.440679 0.500000 0.215940 0.500000 0.500000 0.500000 0.500000 0.500000 
0.500000 0.440679 0.500000 0.215940 0.500000 0.500000 0.500000 0.500000 0.500000 
0.500000 0.440679 0.500000 0.215940 0.500000 0.500000 0.500000 0.500000 0.500000 
0.500000 0.440679 0.500000 0.215940 0.500000 0.500000 0.500000 0.500000 0.500000 
0.500000 0.440679 0.500000 0.215940 0.500000 0.500000 0.500000 0.500000 0.500000 
0.500000 0.440679 0.500000 0.215940 0.500000 0.500000 0.500000 0.500000 0.500000 
0.500000 0.440679 0.500000 0.215940 0.500000 0.500000 0.500000 0.500000 0.500000 
0.500000 0.440679 0.500000 0.215940 0.500000 0.500000 0.500000 0.500000 0.500000 
0.500000 0.440679 0.500000 0.215940 0.500000 0.500000 0.500000 0.500000 0.500000 
0.500000 0.440679 0.500000 0.215940 0.500000 0.500000 0.500000 0.500000 0.500000 
0.500000 0.440679 0.500000 0.215940 0.500000 0.500000 0.500000 0.500000 0.500000 
0.500000 0.440679 0.500000 0.215940 0.500000 0.500000 0.500000 0.500000 0.500000 
0.500000 0.440679 0.500000 0.215940 0.500000 0.500000 0.500000 0.500000 0.500000 
0.500000 0.440679 0.500000 0.215939 0.500000 0.500000 0.500000 0.500000 0.500000 
0.500000 0.440679 0.500000 0.215939 0.500000 0.500000 0.500000 0.500000 0.500000 
0.500000 0.440679 0.500000 0.215939 0.500000 0.500000 0.500000 0.500000 0.500000 
0.500000 0.440679 0.500000 0.215939 0.500000 0.500000 0.500000 0.500000 0.500000 
0.500000 0.440679 0.500000 0.215939 0.500000 0.500000 0.500000 0.500000 0.500000 
0.500000 0.440679 0.500000 0.215939 0.500000 0.500000 0.500000 0.500000 0.500000 
0.500000 0.440679 0.500000 0.215939 0.500000 0.500000 0.500000 0.500000 0.500000 
0.500000 0.440679 0.500000 0.215939 0.500000 0.500000 0.500000 0.500000 0.500000 
0.500000 0.440679 0.500000 0.215939 0.500000 0.500000 0.500000 0.500000 0.500000 
0.500000 0.440679 0.500000 0.215939 0.500000 0.500000 0.500000 0.500000 0.500000 
0.500000 0.440679 0.500000 0.215939 0.500000 0.500000 0.500000 0.500000 0.500000 
0.500000 0.440679 0.500000 0.215939 0.500000 0.500000 0.500000 0.500000 0.500000 
0.500000 0.440679 0.500000 0.215939 0.500000 0.500000 0.500000 0.500000 0.500000 
0.500000 0.440679 0.500000 0.215939 0.500000 0.500000 0.500000 0.500000 0.500000 
0.500000 0.440679 0.500000 0.215939 0.500000 0.500000 0.500000 0.500000 0.500000 
0.500000 0.440679 0.500000 0.215939 0.500000 0.500000 0.500000 0.500000 0.500000 
0.500000 0.440679 0.500000 0.215939 0.500000 0.500000 0.500000 0.500000 0.500000 
0.500000 0.440679 0.500000 0.215939 0.500000 0.500000 0.500000 0.500000 0.500000 
0.500000 0.440679 0.500000 0.215939 0.500000 0.500000 0.500000 0.500000 0.500000 
0.500000 0.440679 0.500000 0.215939 0.500000 0.500000 0.500000 0.500000 0.500000 
0.500000 0.440679 0.500000 0.215939 0.500000 0.500000 0.500000 0.500000 0.500000 
0.500000 0.440679 0.500000 0.215939 0.500000 0.500000 0.500000 0.500000 0.500000 
0.500000 0.440679 0.500000 0.215939 0.500000 0.500000 0.500000 0.500000 0.500000 
0.500000 0.440679 0.500000 0.215939 0.500000 0.500000 0.500000 0.500000 0.500000 
0.500000 0.440679 0.500000 0.215939 0.500000 0.500000 0.500000 0.500000 0.500000 
0.500000 0.440679 0.500000 0.215939 0.500000 0.500000 0.500000 0.500000 0.500000 
0.500000 0.440679 0.500000 0.215939 0.500000 0.500000 0.500000 0.500000 0.500000 
0.500000 0.440679 0.500000 0.215939 0.500000 0.500000 0.500000 0.500000 0.500000 
0.500000 0.440679 0.500000 0.215939 0.500000 0.500000 0.500000 0.500000 0.500000 
0.500000 0.440679 0.500000 0.215939 0.500000 0.500000 0.500000 0.500000 0.500000 
0.500000 0.440679 0.500000 0.215939 0.500000 0.500000 0.500000 0.500000 0.500000 
