0.440679 0.268941 0.268941 0.500000 0.500000 
0.500000 0.235259 0.259233 0.368680 0.500000 
0.500000 0.224449 0.320187 0.373211 0.323582 
0.500000 0.227707 0.262615 0.345162 0.321601 
0.500000 0.225992 0.326871 0.371630 0.333961 
0.500000 0.231272 0.257673 0.342147 0.322292 
0.500000 0.229059 0.333097 0.373941 0.335304 
0.500000 0.234965 0.251684 0.339350 0.321283 
0.500000 0.231863 0.340253 0.376749 0.336552 
0.500000 0.238456 0.244804 0.336149 0.320059 
0.440679 0.234324 0.348459 0.379986 0.337983 
0.500000 0.264038 0.237008 0.332496 0.318652 
0.500000 0.257139 0.358884 0.383666 0.339619 
0.500000 0.265286 0.228365 0.327885 0.317057 
0.500000 0.257320 0.369293 0.387762 0.341691 
0.500000 0.266577 0.218772 0.323314 0.315286 
0.500000 0.257143 0.380625 0.392327 0.343750 
0.500000 0.267553 0.208590 0.318375 0.313318 
0.500000 0.256526 0.392664 0.397192 0.345982 
0.500000 0.268138 0.198124 0.313173 0.311228 
0.440679 0.255443 0.405045 0.402214 0.348340 
0.500000 0.292193 0.187746 0.307872 0.309079 
0.500000 0.275894 0.418106 0.407215 0.350750 
0.500000 0.289622 0.177889 0.302333 0.306947 
0.500000 0.271914 0.429677 0.411982 0.353277 
0.500000 0.286841 0.500000 0.297474 0.304923 
0.500000 0.363448 0.440217 0.500000 0.355500 
0.500000 0.345078 0.500000 0.293088 0.500000 
0.500000 0.410279 0.461113 0.500000 0.357513 
0.500000 0.397550 0.500000 0.284505 0.500000 
0.440679 0.445719 0.474080 0.500000 0.361465 
0.500000 0.449039 0.500000 0.279255 0.500000 
0.500000 0.474361 0.482071 0.500000 0.363892 
0.500000 0.469368 0.500000 0.276050 0.500000 
0.500000 0.484759 0.486928 0.500000 0.365378 
0.500000 0.481435 0.500000 0.274113 0.500000 
0.500000 0.490727 0.490006 0.500000 0.366276 
0.500000 0.488472 0.500000 0.272890 0.500000 
0.500000 0.494177 0.492021 0.500000 0.366844 
0.500000 0.492612 0.500000 0.272090 0.500000 
0.440679 0.496213 0.493385 0.500000 0.367216 
0.500000 0.496132 0.500000 0.271551 0.500000 
0.500000 0.497964 0.494338 0.500000 0.367466 
0.500000 0.497287 0.500000 0.271174 0.500000 
0.500000 0.498550 0.495017 0.500000 0.367642 
0.500000 0.498037 0.500000 0.270905 0.500000 
0.500000 0.498936 0.495515 0.500000 0.367767 
0.500000 0.498539 0.500000 0.270709 0.500000 
0.500000 0.499197 0.495885 0.500000 0.367858 
0.500000 0.498882 0.500000 0.270562 0.500000 
0.440679 0.499378 0.496166 0.500000 0.367926 
0.500000 0.499309 0.500000 0.270452 0.500000 
0.500000 0.499607 0.496382 0.500000 0.367977 
0.500000 0.499433 0.500000 0.270366 0.500000 
0.500000 0.499674 0.496549 0.500000 0.368017 
0.500000 0.499526 0.500000 0.270300 0.500000 
0.500000 0.499725 0.496680 0.500000 0.368048 
0.500000 0.499597 0.500000 0.270249 0.500000 
0.500000 0.499765 0.496784 0.500000 0.368072 
0.500000 0.499652 0.500000 0.270208 0.500000 
0.440679 0.499795 0.496866 0.500000 0.368091 
0.500000 0.499760 0.500000 0.270176 0.500000 
0.500000 0.499856 0.496931 0.500000 0.368106 
0.500000 0.499782 0.500000 0.270150 0.500000 
0.500000 0.499869 0.496984 0.500000 0.368118 
0.500000 0.499801 0.500000 0.270129 0.500000 
0.500000 0.499879 0.497026 0.500000 0.368127 
0.500000 0.499816 0.500000 0.270113 0.500000 
0.500000 0.499888 0.497060 0.500000 0.368135 
0.500000 0.499829 0.500000 0.270099 0.500000 
0.440679 0.499896 0.497087 0.500000 0.368141 
0.500000 0.499874 0.500000 0.270088 0.500000 
0.500000 0.499922 0.497109 0.500000 0.368146 
0.500000 0.499878 0.500000 0.270080 0.500000 
0.500000 0.499924 0.497127 0.500000 0.368151 
0.500000 0.499882 0.500000 0.270073 0.500000 
0.500000 0.499927 0.497142 0.500000 0.368154 
0.500000 0.499885 0.500000 0.270067 0.500000 
0.500000 0.499929 0.497154 0.500000 0.368156 
0.500000 0.499888 0.500000 0.270062 0.500000 
0.440679 0.499930 0.497163 0.500000 0.368159 
0.500000 0.499914 0.500000 0.270058 0.500000 
0.500000 0.499946 0.497171 0.500000 0.368160 
0.500000 0.499914 0.500000 0.270055 0.500000 
0.500000 0.499946 0.497177 0.500000 0.368162 
0.500000 0.499914 0.500000 0.270053 0.500000 
0.500000 0.499946 0.497183 0.500000 0.368163 
0.500000 0.499914 0.500000 0.270051 0.500000 
0.500000 0.499946 0.497187 0.500000 0.368164 
0.500000 0.499913 0.500000 0.270049 0.500000 
0.440679 0.499945 0.497190 0.500000 0.368165 
0.500000 0.499932 0.500000 0.270048 0.500000 
0.500000 0.499956 0.497193 0.500000 0.368165 
0.500000 0.499930 0.500000 0.270047 0.500000 
0.500000 0.499955 0.497195 0.500000 0.368166 
0.500000 0.499929 0.500000 0.270046 0.500000 
0.500000 0.499955 0.497197 0.500000 0.368166 
0.500000 0.499927 0.500000 0.270045 0.500000 
0.500000 0.499954 0.497199 0.500000 0.368167 
0.500000 0.499926 0.500000 0.270044 0.500000 
0.440679 0.268941 0.268941 0.500000 0.500000 
0.500000 0.226745 0.259233 0.368680 0.500000 
0.500000 0.500000 0.319697 0.373211 0.323582 
0.500000 0.500000 0.275221 0.345383 0.321601 
0.500000 0.500000 0.327448 0.365762 0.333863 
0.500000 0.500000 0.271566 0.341887 0.324860 
0.500000 0.500000 0.332351 0.367459 0.335419 
0.500000 0.500000 0.266565 0.339684 0.324116 
0.500000 0.500000 0.337920 0.369787 0.336402 
0.500000 0.500000 0.260760 0.337190 0.323097 
0.440679 0.500000 0.344359 0.372497 0.337517 
0.500000 0.217524 0.254105 0.334318 0.321913 
0.500000 0.500000 0.339169 0.375613 0.338802 
0.500000 0.500000 0.257320 0.336632 0.320554 
0.500000 0.500000 0.347778 0.374106 0.337766 
0.500000 0.500000 0.250533 0.332798 0.321211 
0.500000 0.500000 0.355708 0.377290 0.339484 
0.500000 0.500000 0.242549 0.329286 0.319824 
0.500000 0.500000 0.364592 0.381049 0.341060 
0.500000 0.500000 0.233674 0.325374 0.318191 
0.440679 0.500000 0.374449 0.385244 0.342821 
0.500000 0.219650 0.224012 0.321061 0.316373 
0.500000 0.500000 0.374102 0.389831 0.344767 
0.500000 0.500000 0.222738 0.321213 0.314393 
0.500000 0.500000 0.386290 0.390437 0.344698 
0.500000 0.500000 0.212644 0.315921 0.314132 
0.500000 0.500000 0.397707 0.395252 0.347093 
0.500000 0.500000 0.202057 0.311008 0.312060 
0.500000 0.500000 0.409345 0.400324 0.349323 
0.500000 0.500000 0.191547 0.306042 0.309887 
0.440679 0.500000 0.420824 0.405381 0.351584 
0.500000 0.500000 0.181504 0.301188 0.307728 
0.500000 0.500000 0.431720 0.410231 0.353800 
0.500000 0.500000 0.500000 0.296621 0.305665 
0.500000 0.279794 0.441669 0.500000 0.355891 
0.500000 0.263048 0.500000 0.292487 0.500000 
0.500000 0.343656 0.461870 0.500000 0.357789 
0.500000 0.329259 0.500000 0.284197 0.500000 
0.500000 0.402015 0.474441 0.500000 0.361608 
0.500000 0.390789 0.500000 0.279110 0.500000 
0.440679 0.442987 0.482155 0.500000 0.363960 
0.500000 0.447162 0.500000 0.276016 0.500000 
0.500000 0.473769 0.487011 0.500000 0.365393 
0.500000 0.468899 0.500000 0.274080 0.500000 
0.500000 0.484662 0.490049 0.500000 0.366292 
0.500000 0.481387 0.500000 0.272872 0.500000 
0.500000 0.490755 0.492045 0.500000 0.366852 
0.500000 0.488524 0.500000 0.272081 0.500000 
0.500000 0.494223 0.493399 0.500000 0.367220 
0.500000 0.492672 0.500000 0.271545 0.500000 
0.440679 0.496252 0.494344 0.500000 0.367469 
0.500000 0.496170 0.500000 0.271171 0.500000 
0.500000 0.497987 0.495022 0.500000 0.367643 
0.500000 0.497314 0.500000 0.270903 0.500000 
0.500000 0.498566 0.495518 0.500000 0.367767 
0.500000 0.498056 0.500000 0.270708 0.500000 
0.500000 0.498947 0.495888 0.500000 0.367858 
0.500000 0.498552 0.500000 0.270562 0.500000 
0.500000 0.499204 0.496168 0.500000 0.367926 
0.500000 0.498891 0.500000 0.270451 0.500000 
0.440679 0.499383 0.496383 0.500000 0.367978 
0.500000 0.499314 0.500000 0.270366 0.500000 
0.500000 0.499609 0.496550 0.500000 0.368017 
0.500000 0.499436 0.500000 0.270300 0.500000 
0.500000 0.499676 0.496681 0.500000 0.368048 
0.500000 0.499528 0.500000 0.270249 0.500000 
0.500000 0.499727 0.496784 0.500000 0.368072 
0.500000 0.499598 0.500000 0.270208 0.500000 
0.500000 0.499765 0.496866 0.500000 0.368091 
0.500000 0.499653 0.500000 0.270176 0.500000 
0.440679 0.499796 0.496931 0.500000 0.368106 
0.500000 0.499760 0.500000 0.270150 0.500000 
0.500000 0.499856 0.496984 0.500000 0.368118 
0.500000 0.499782 0.500000 0.270129 0.500000 
0.500000 0.499869 0.497026 0.500000 0.368128 
0.500000 0.499800 0.500000 0.270113 0.500000 
0.500000 0.499879 0.497060 0.500000 0.368135 
0.500000 0.499815 0.500000 0.270099 0.500000 
0.500000 0.499888 0.497087 0.500000 0.368141 
0.500000 0.499828 0.500000 0.270088 0.500000 
0.440679 0.499895 0.497109 0.500000 0.368146 
0.500000 0.499873 0.500000 0.270080 0.500000 
0.500000 0.499921 0.497127 0.500000 0.368151 
0.500000 0.499877 0.500000 0.270073 0.500000 
0.500000 0.499924 0.497142 0.500000 0.368154 
0.500000 0.499881 0.500000 0.270067 0.500000 
0.500000 0.499926 0.497154 0.500000 0.368156 
0.500000 0.499885 0.500000 0.270062 0.500000 
0.500000 0.499928 0.497163 0.500000 0.368159 
0.500000 0.499887 0.500000 0.270058 0.500000 
0.440679 0.499930 0.497171 0.500000 0.368160 
0.500000 0.499913 0.500000 0.270055 0.500000 
0.500000 0.499945 0.497177 0.500000 0.368162 
0.500000 0.499913 0.500000 0.270053 0.500000 
0.500000 0.499945 0.497183 0.500000 0.368163 
0.500000 0.499913 0.500000 0.270051 0.500000 
0.500000 0.499945 0.497187 0.500000 0.368164 
0.500000 0.499913 0.500000 0.270049 0.500000 
0.500000 0.499945 0.497190 0.500000 0.368165 
0.500000 0.499913 0.500000 0.270048 0.500000 
0.440679 0.268941 0.268941 0.500000 0.500000 
0.500000 0.226745 0.259233 0.368680 0.500000 
0.500000 0.500000 0.301232 0.373211 0.323582 
0.500000 0.500000 0.349879 0.353780 0.321601 
0.500000 0.500000 0.395922 0.331866 0.330138 
0.500000 0.243898 0.434103 0.311773 0.339902 
0.500000 0.296730 0.457025 0.295628 0.348976 
0.500000 0.361526 0.473910 0.286172 0.356347 
0.500000 0.418559 0.484720 0.279324 0.360696 
0.500000 0.456780 0.491152 0.274992 0.363861 
0.440679 0.478152 0.494809 0.272435 0.365868 
0.500000 0.491344 0.496864 0.270987 0.367056 
0.500000 0.495576 0.498035 0.270176 0.367728 
0.500000 0.497688 0.498718 0.269715 0.368105 
0.500000 0.498759 0.499130 0.269446 0.368320 
0.500000 0.499315 0.499388 0.269284 0.368445 
0.500000 0.499611 0.499554 0.269182 0.368521 
0.500000 0.499773 0.499665 0.269117 0.368568 
0.500000 0.499864 0.499741 0.269073 0.368599 
0.500000 0.499917 0.499795 0.269043 0.368619 
0.440679 0.499948 0.499834 0.269022 0.368633 
0.500000 0.499973 0.499862 0.269007 0.368643 
0.500000 0.499982 0.499884 0.268996 0.368650 
0.500000 0.499988 0.499900 0.268987 0.368655 
0.500000 0.499992 0.499913 0.268981 0.368659 
0.500000 0.499994 0.499923 0.268976 0.368662 
0.500000 0.499996 0.499931 0.268972 0.368664 
0.500000 0.499997 0.499938 0.268968 0.368666 
0.500000 0.499998 0.499943 0.268966 0.368668 
0.500000 0.499998 0.499948 0.268964 0.368669 
0.440679 0.499999 0.499951 0.268962 0.368670 
0.500000 0.499999 0.499955 0.268961 0.368671 
0.500000 0.499999 0.499957 0.268959 0.368671 
0.500000 0.499999 0.499959 0.268958 0.368672 
0.500000 0.500000 0.499961 0.268957 0.368672 
0.500000 0.500000 0.499963 0.268957 0.368673 
0.500000 0.500000 0.499964 0.268956 0.368673 
0.500000 0.500000 0.499966 0.268955 0.368673 
0.500000 0.500000 0.499967 0.268955 0.368674 
0.500000 0.500000 0.499968 0.268955 0.368674 
0.440679 0.500000 0.499968 0.268954 0.368674 
0.500000 0.500000 0.499969 0.268954 0.368674 
0.500000 0.500000 0.499970 0.268954 0.368674 
0.500000 0.500000 0.499970 0.268953 0.368675 
0.500000 0.500000 0.499971 0.268953 0.368675 
0.500000 0.500000 0.499971 0.268953 0.368675 
0.500000 0.500000 0.499972 0.268953 0.368675 
0.500000 0.500000 0.499972 0.268953 0.368675 
0.500000 0.500000 0.499972 0.268952 0.368675 
0.500000 0.500000 0.499973 0.268952 0.368675 
0.440679 0.500000 0.499973 0.268952 0.368675 
0.500000 0.500000 0.499973 0.268952 0.368675 
0.500000 0.500000 0.499973 0.268952 0.368675 
0.500000 0.500000 0.499973 0.268952 0.368675 
0.500000 0.500000 0.499974 0.268952 0.368675 
0.500000 0.500000 0.499974 0.268952 0.368675 
0.500000 0.500000 0.499974 0.268952 0.368675 
0.500000 0.500000 0.499974 0.268952 0.368675 
0.500000 0.500000 0.499974 0.268952 0.368675 
0.500000 0.500000 0.499974 0.268952 0.368675 
0.440679 0.500000 0.499974 0.268952 0.368675 
0.500000 0.500000 0.499974 0.268952 0.368675 
0.500000 0.500000 0.499974 0.268952 0.368675 
0.500000 0.500000 0.499974 0.268952 0.368676 
0.500000 0.500000 0.499974 0.268951 0.368676 
0.500000 0.500000 0.499974 0.268951 0.368676 
0.500000 0.500000 0.499975 0.268951 0.368676 
0.500000 0.500000 0.499975 0.268951 0.368676 
0.500000 0.500000 0.499975 0.268951 0.368676 
0.500000 0.500000 0.499975 0.268951 0.368676 
0.440679 0.500000 0.499975 0.268951 0.368676 
0.500000 0.500000 0.499975 0.268951 0.368676 
0.500000 0.500000 0.499975 0.268951 0.368676 
0.500000 0.500000 0.499975 0.268951 0.368676 
0.500000 0.500000 0.499975 0.268951 0.368676 
0.500000 0.500000 0.499975 0.268951 0.368676 
0.500000 0.500000 0.499975 0.268951 0.368676 
0.500000 0.500000 0.499975 0.268951 0.368676 
0.500000 0.500000 0.499975 0.268951 0.368676 
0.500000 0.500000 0.499975 0.268951 0.368676 
0.440679 0.500000 0.499975 0.268951 0.368676 
0.500000 0.500000 0.499975 0.268951 0.368676 
0.500000 0.500000 0.499975 0.268951 0.368676 
0.500000 0.500000 0.499975 0.268951 0.368676 
0.500000 0.500000 0.499975 0.268951 0.368676 
0.500000 0.500000 0.499975 0.268951 0.368676 
0.500000 0.500000 0.499975 0.268951 0.368676 
0.500000 0.500000 0.499975 0.268951 0.368676 
0.500000 0.500000 0.499975 0.268951 0.368676 
0.500000 0.500000 0.499975 0.268951 0.368676 
0.440679 0.500000 0.499975 0.268951 0.368676 
0.500000 0.500000 0.499975 0.268951 0.368676 
0.500000 0.500000 0.499975 0.268951 0.368676 
0.500000 0.500000 0.499975 0.268951 0.368676 
0.500000 0.500000 0.499975 0.268951 0.368676 
0.500000 0.500000 0.499975 0.268951 0.368676 
0.500000 0.500000 0.499975 0.268951 0.368676 
0.500000 0.500000 0.499975 0.268951 0.368676 
0.500000 0.500000 0.499975 0.268951 0.368676 
0.500000 0.500000 0.499975 0.268951 0.368676 
0.440679 0.268941 0.268941 0.500000 0.500000 
0.500000 0.226745 0.259233 0.368680 0.500000 
0.500000 0.500000 0.319697 0.373211 0.323582 
0.500000 0.500000 0.275221 0.345383 0.321601 
0.500000 0.500000 0.327448 0.365762 0.333863 
0.500000 0.500000 0.271566 0.341887 0.324860 
0.500000 0.500000 0.332351 0.367459 0.335419 
0.500000 0.500000 0.266565 0.339684 0.324116 
0.500000 0.500000 0.337920 0.369787 0.336402 
0.500000 0.500000 0.260760 0.337190 0.323097 
0.440679 0.500000 0.344359 0.372497 0.337517 
0.500000 0.500000 0.254105 0.334318 0.321913 
0.500000 0.500000 0.351751 0.375613 0.338802 
0.500000 0.500000 0.246553 0.331036 0.320554 
0.500000 0.500000 0.360144 0.379162 0.340274 
0.500000 0.500000 0.238099 0.327330 0.319010 
0.500000 0.500000 0.369536 0.383150 0.341940 
0.500000 0.500000 0.228803 0.323207 0.317280 
0.500000 0.500000 0.379851 0.387554 0.343798 
0.500000 0.500000 0.218804 0.318711 0.315375 
0.440679 0.500000 0.390916 0.392311 0.345830 
0.500000 0.500000 0.208340 0.313925 0.313325 
0.500000 0.500000 0.402449 0.397311 0.347998 
0.500000 0.500000 0.197735 0.308979 0.311177 
0.500000 0.500000 0.414075 0.402401 0.350246 
0.500000 0.500000 0.187370 0.304036 0.308999 
0.500000 0.500000 0.425365 0.407396 0.352499 
0.500000 0.500000 0.177622 0.299280 0.306870 
0.500000 0.500000 0.435912 0.412111 0.354673 
0.500000 0.500000 0.500000 0.294875 0.304868 
0.440679 0.500000 0.445397 0.500000 0.356692 
0.500000 0.500000 0.500000 0.290946 0.500000 
0.500000 0.500000 0.464786 0.500000 0.358497 
0.500000 0.500000 0.500000 0.283012 0.500000 
0.500000 0.500000 0.476501 0.500000 0.362155 
0.500000 0.500000 0.500000 0.278282 0.500000 
0.500000 0.500000 0.483551 0.500000 0.364343 
0.500000 0.500000 0.500000 0.275458 0.500000 
0.500000 0.500000 0.487888 0.500000 0.365652 
0.500000 0.500000 0.500000 0.273731 0.500000 
0.440679 0.500000 0.490643 0.500000 0.366454 
0.500000 0.500000 0.500000 0.272637 0.500000 
0.500000 0.500000 0.492457 0.500000 0.366962 
0.500000 0.500000 0.500000 0.271918 0.500000 
0.500000 0.500000 0.493690 0.500000 0.367296 
0.500000 0.500000 0.500000 0.271430 0.500000 
0.500000 0.500000 0.494555 0.500000 0.367523 
0.500000 0.500000 0.500000 0.271088 0.500000 
0.500000 0.500000 0.495177 0.500000 0.367682 
0.500000 0.500000 0.500000 0.270842 0.500000 
0.440679 0.500000 0.495634 0.500000 0.367796 
0.500000 0.500000 0.500000 0.270662 0.500000 
0.500000 0.500000 0.495976 0.500000 0.367880 
0.500000 0.500000 0.500000 0.270527 0.500000 
0.500000 0.500000 0.496236 0.500000 0.367943 
0.500000 0.500000 0.500000 0.270424 0.500000 
0.500000 0.500000 0.496436 0.500000 0.367990 
0.500000 0.500000 0.500000 0.270345 0.500000 
0.500000 0.500000 0.496592 0.500000 0.368027 
0.500000 0.500000 0.500000 0.270284 0.500000 
0.440679 0.500000 0.496714 0.500000 0.368056 
0.500000 0.500000 0.500000 0.270235 0.500000 
0.500000 0.500000 0.496811 0.500000 0.368078 
0.500000 0.500000 0.500000 0.270197 0.500000 
0.500000 0.500000 0.496887 0.500000 0.368096 
0.500000 0.500000 0.500000 0.270167 0.500000 
0.500000 0.500000 0.496949 0.500000 0.368110 
0.500000 0.500000 0.500000 0.270143 0.500000 
0.500000 0.500000 0.496998 0.500000 0.368121 
0.500000 0.500000 0.500000 0.270124 0.500000 
0.440679 0.500000 0.497037 0.500000 0.368130 
0.500000 0.500000 0.500000 0.270108 0.500000 
0.500000 0.500000 0.497069 0.500000 0.368137 
0.500000 0.500000 0.500000 0.270096 0.500000 
0.500000 0.500000 0.497095 0.500000 0.368143 
0.500000 0.500000 0.500000 0.270085 0.500000 
0.500000 0.500000 0.497115 0.500000 0.368148 
0.500000 0.500000 0.500000 0.270077 0.500000 
0.500000 0.500000 0.497132 0.500000 0.368152 
0.500000 0.500000 0.500000 0.270071 0.500000 
0.440679 0.500000 0.497146 0.500000 0.368155 
0.500000 0.500000 0.500000 0.270065 0.500000 
0.500000 0.500000 0.497157 0.500000 0.368157 
0.500000 0.500000 0.500000 0.270061 0.500000 
0.500000 0.500000 0.497166 0.500000 0.368159 
0.500000 0.500000 0.500000 0.270057 0.500000 
0.500000 0.500000 0.497173 0.500000 0.368161 
0.500000 0.500000 0.500000 0.270054 0.500000 
0.500000 0.500000 0.497179 0.500000 0.368162 
0.500000 0.500000 0.500000 0.270052 0.500000 
0.440679 0.500000 0.497184 0.500000 0.368163 
0.500000 0.500000 0.500000 0.270050 0.500000 
0.500000 0.500000 0.497188 0.500000 0.368164 
0.500000 0.500000 0.500000 0.270049 0.500000 
0.500000 0.500000 0.497191 0.500000 0.368165 
0.500000 0.500000 0.500000 0.270047 0.500000 
0.500000 0.500000 0.497194 0.500000 0.368166 
0.500000 0.500000 0.500000 0.270046 0.500000 
0.500000 0.500000 0.497196 0.500000 0.368166 
0.500000 0.500000 0.500000 0.270045 0.500000 
0.440679 0.268941 0.268941 0.500000 0.500000 
0.500000 0.226745 0.259233 0.368680 0.500000 
0.500000 0.500000 0.218351 0.373211 0.323582 
0.500000 0.500000 0.268488 0.392527 0.321601 
0.500000 0.500000 0.229546 0.368891 0.313232 
0.500000 0.500000 0.254834 0.387201 0.323489 
0.500000 0.500000 0.238658 0.375271 0.315527 
0.500000 0.500000 0.248508 0.382886 0.320703 
0.500000 0.500000 0.242491 0.378242 0.317394 
0.500000 0.500000 0.246110 0.381077 0.319410 
0.440679 0.500000 0.243927 0.379371 0.318179 
0.500000 0.500000 0.245237 0.380399 0.318920 
0.500000 0.500000 0.244450 0.379782 0.318473 
0.500000 0.500000 0.244922 0.380153 0.318741 
0.500000 0.500000 0.244639 0.379930 0.318580 
0.500000 0.500000 0.244809 0.380064 0.318677 
0.500000 0.500000 0.244707 0.379984 0.318619 
0.500000 0.500000 0.244768 0.380032 0.318653 
0.500000 0.500000 0.244731 0.380003 0.318633 
0.500000 0.500000 0.244753 0.380020 0.318645 
0.440679 0.500000 0.244740 0.380010 0.318638 
0.500000 0.500000 0.244748 0.380016 0.318642 
0.500000 0.500000 0.244743 0.380012 0.318639 
0.500000 0.500000 0.244746 0.380015 0.318641 
0.500000 0.500000 0.244744 0.380013 0.318640 
0.500000 0.500000 0.244745 0.380014 0.318641 
0.500000 0.500000 0.244745 0.380014 0.318640 
0.500000 0.500000 0.244745 0.380014 0.318640 
0.500000 0.500000 0.244745 0.380014 0.318640 
0.500000 0.500000 0.244745 0.380014 0.318640 
0.440679 0.500000 0.244745 0.380014 0.318640 
0.500000 0.500000 0.244745 0.380014 0.318640 
0.500000 0.500000 0.244745 0.380014 0.318640 
0.500000 0.500000 0.244745 0.380014 0.318640 
0.500000 0.500000 0.244745 0.380014 0.318640 
0.500000 0.500000 0.244745 0.380014 0.318640 
0.500000 0.500000 0.244745 0.380014 0.318640 
0.500000 0.500000 0.244745 0.380014 0.318640 
0.500000 0.500000 0.244745 0.380014 0.318640 
0.500000 0.500000 0.244745 0.380014 0.318640 
0.440679 0.500000 0.244745 0.380014 0.318640 
0.500000 0.500000 0.244745 0.380014 0.318640 
0.500000 0.500000 0.244745 0.380014 0.318640 
0.500000 0.500000 0.244745 0.380014 0.318640 
0.500000 0.500000 0.244745 0.380014 0.318640 
0.500000 0.500000 0.244745 0.380014 0.318640 
0.500000 0.500000 0.244745 0.380014 0.318640 
0.500000 0.500000 0.244745 0.380014 0.318640 
0.500000 0.500000 0.244745 0.380014 0.318640 
0.500000 0.500000 0.244745 0.380014 0.318640 
0.440679 0.500000 0.244745 0.380014 0.318640 
0.500000 0.500000 0.244745 0.380014 0.318640 
0.500000 0.500000 0.244745 0.380014 0.318640 
0.500000 0.500000 0.244745 0.380014 0.318640 
0.500000 0.500000 0.244745 0.380014 0.318640 
0.500000 0.500000 0.244745 0.380014 0.318640 
0.500000 0.500000 0.244745 0.380014 0.318640 
0.500000 0.500000 0.244745 0.380014 0.318640 
0.500000 0.500000 0.244745 0.380014 0.318640 
0.500000 0.500000 0.244745 0.380014 0.318640 
0.440679 0.500000 0.244745 0.380014 0.318640 
0.500000 0.500000 0.244745 0.380014 0.318640 
0.500000 0.500000 0.244745 0.380014 0.318640 
0.500000 0.500000 0.244745 0.380014 0.318640 
0.500000 0.500000 0.244745 0.380014 0.318640 
0.500000 0.500000 0.244745 0.380014 0.318640 
0.500000 0.500000 0.244745 0.380014 0.318640 
0.500000 0.500000 0.244745 0.380014 0.318640 
0.500000 0.500000 0.244745 0.380014 0.318640 
0.500000 0.500000 0.244745 0.380014 0.318640 
0.440679 0.500000 0.244745 0.380014 0.318640 
0.500000 0.500000 0.244745 0.380014 0.318640 
0.500000 0.500000 0.244745 0.380014 0.318640 
0.500000 0.500000 0.244745 0.380014 0.318640 
0.500000 0.500000 0.244745 0.380014 0.318640 
0.500000 0.500000 0.244745 0.380014 0.318640 
0.500000 0.500000 0.244745 0.380014 0.318640 
0.500000 0.500000 0.244745 0.380014 0.318640 
0.500000 0.500000 0.244745 0.380014 0.318640 
0.500000 0.500000 0.244745 0.380014 0.318640 
0.440679 0.500000 0.244745 0.380014 0.318640 
0.500000 0.500000 0.244745 0.380014 0.318640 
0.500000 0.500000 0.244745 0.380014 0.318640 
0.500000 0.500000 0.244745 0.380014 0.318640 
0.500000 0.500000 0.244745 0.380014 0.318640 
0.500000 0.500000 0.244745 0.380014 0.318640 
0.500000 0.500000 0.244745 0.380014 0.318640 
0.500000 0.500000 0.244745 0.380014 0.318640 
0.500000 0.500000 0.244745 0.380014 0.318640 
0.500000 0.500000 0.244745 0.380014 0.318640 
0.440679 0.500000 0.244745 0.380014 0.318640 
0.500000 0.500000 0.244745 0.380014 0.318640 
0.500000 0.500000 0.244745 0.380014 0.318640 
0.500000 0.500000 0.244745 0.380014 0.318640 
0.500000 0.500000 0.244745 0.380014 0.318640 
0.500000 0.500000 0.244745 0.380014 0.318640 
0.500000 0.500000 0.244745 0.380014 0.318640 
0.500000 0.500000 0.244745 0.380014 0.318640 
0.500000 0.500000 0.244745 0.380014 0.318640 
0.500000 0.500000 0.244745 0.380014 0.318640 
0.440679 0.268941 0.268941 0.500000 0.500000 
0.500000 0.226745 0.278876 0.368680 0.500000 
0.500000 0.500000 0.223595 0.364068 0.323582 
0.500000 0.500000 0.259010 0.390029 0.325604 
0.500000 0.500000 0.236217 0.373315 0.314307 
0.500000 0.500000 0.250054 0.384041 0.321556 
0.500000 0.500000 0.241574 0.377515 0.316894 
0.500000 0.500000 0.246670 0.381509 0.319726 
0.500000 0.500000 0.243593 0.379107 0.317991 
0.500000 0.500000 0.245439 0.380557 0.319034 
0.440679 0.500000 0.244330 0.379687 0.318405 
0.500000 0.500000 0.244995 0.380209 0.318782 
0.500000 0.500000 0.244595 0.379896 0.318555 
0.500000 0.500000 0.244835 0.380084 0.318691 
0.500000 0.500000 0.244691 0.379971 0.318610 
0.500000 0.500000 0.244777 0.380039 0.318659 
0.500000 0.500000 0.244726 0.379998 0.318629 
0.500000 0.500000 0.244757 0.380023 0.318647 
0.500000 0.500000 0.244738 0.380008 0.318636 
0.500000 0.500000 0.244749 0.380017 0.318643 
0.440679 0.500000 0.244743 0.380012 0.318639 
0.500000 0.500000 0.244747 0.380015 0.318641 
0.500000 0.500000 0.244744 0.380013 0.318640 
0.500000 0.500000 0.244746 0.380014 0.318641 
0.500000 0.500000 0.244745 0.380013 0.318640 
0.500000 0.500000 0.244745 0.380014 0.318640 
0.500000 0.500000 0.244745 0.380014 0.318640 
0.500000 0.500000 0.244745 0.380014 0.318640 
0.500000 0.500000 0.244745 0.380014 0.318640 
0.500000 0.500000 0.244745 0.380014 0.318640 
0.440679 0.500000 0.244745 0.380014 0.318640 
0.500000 0.500000 0.244745 0.380014 0.318640 
0.500000 0.500000 0.244745 0.380014 0.318640 
0.500000 0.500000 0.244745 0.380014 0.318640 
0.500000 0.500000 0.244745 0.380014 0.318640 
0.500000 0.500000 0.244745 0.380014 0.318640 
0.500000 0.500000 0.244745 0.380014 0.318640 
0.500000 0.500000 0.244745 0.380014 0.318640 
0.500000 0.500000 0.244745 0.380014 0.318640 
0.500000 0.500000 0.244745 0.380014 0.318640 
0.440679 0.500000 0.244745 0.380014 0.318640 
0.500000 0.500000 0.244745 0.380014 0.318640 
0.500000 0.500000 0.244745 0.380014 0.318640 
0.500000 0.500000 0.244745 0.380014 0.318640 
0.500000 0.500000 0.244745 0.380014 0.318640 
0.500000 0.500000 0.244745 0.380014 0.318640 
0.500000 0.500000 0.244745 0.380014 0.318640 
0.500000 0.500000 0.244745 0.380014 0.318640 
0.500000 0.500000 0.244745 0.380014 0.318640 
0.500000 0.500000 0.244745 0.380014 0.318640 
0.440679 0.500000 0.244745 0.380014 0.318640 
0.500000 0.500000 0.244745 0.380014 0.318640 
0.500000 0.500000 0.244745 0.380014 0.318640 
0.500000 0.500000 0.244745 0.380014 0.318640 
0.500000 0.500000 0.244745 0.380014 0.318640 
0.500000 0.500000 0.244745 0.380014 0.318640 
0.500000 0.500000 0.244745 0.380014 0.318640 
0.500000 0.500000 0.244745 0.380014 0.318640 
0.500000 0.500000 0.244745 0.380014 0.318640 
0.500000 0.500000 0.244745 0.380014 0.318640 
0.440679 0.500000 0.244745 0.380014 0.318640 
0.500000 0.500000 0.244745 0.380014 0.318640 
0.500000 0.500000 0.244745 0.380014 0.318640 
0.500000 0.500000 0.244745 0.380014 0.318640 
0.500000 0.500000 0.244745 0.380014 0.318640 
0.500000 0.500000 0.244745 0.380014 0.318640 
0.500000 0.500000 0.244745 0.380014 0.318640 
0.500000 0.500000 0.244745 0.380014 0.318640 
0.500000 0.500000 0.244745 0.380014 0.318640 
0.500000 0.500000 0.244745 0.380014 0.318640 
0.440679 0.500000 0.244745 0.380014 0.318640 
0.500000 0.500000 0.244745 0.380014 0.318640 
0.500000 0.500000 0.244745 0.380014 0.318640 
0.500000 0.500000 0.244745 0.380014 0.318640 
0.500000 0.500000 0.244745 0.380014 0.318640 
0.500000 0.500000 0.244745 0.380014 0.318640 
0.500000 0.500000 0.244745 0.380014 0.318640 
0.500000 0.500000 0.244745 0.380014 0.318640 
0.500000 0.500000 0.244745 0.380014 0.318640 
0.500000 0.500000 0.244745 0.380014 0.318640 
0.440679 0.500000 0.244745 0.380014 0.318640 
0.500000 0.500000 0.244745 0.380014 0.318640 
0.500000 0.500000 0.244745 0.380014 0.318640 
0.500000 0.500000 0.244745 0.380014 0.318640 
0.500000 0.500000 0.244745 0.380014 0.318640 
0.500000 0.500000 0.244745 0.380014 0.318640 
0.500000 0.500000 0.244745 0.380014 0.318640 
0.500000 0.500000 0.244745 0.380014 0.318640 
0.500000 0.500000 0.244745 0.380014 0.318640 
0.500000 0.500000 0.244745 0.380014 0.318640 
0.440679 0.500000 0.244745 0.380014 0.318640 
0.500000 0.500000 0.244745 0.380014 0.318640 
0.500000 0.500000 0.244745 0.380014 0.318640 
0.500000 0.500000 0.244745 0.380014 0.318640 
0.500000 0.500000 0.244745 0.380014 0.318640 
0.500000 0.500000 0.244745 0.380014 0.318640 
0.500000 0.500000 0.244745 0.380014 0.318640 
0.500000 0.500000 0.244745 0.380014 0.318640 
0.500000 0.500000 0.244745 0.380014 0.318640 
0.500000 0.500000 0.244745 0.380014 0.318640 
0.440679 0.268941 0.268941 0.500000 0.500000 
0.500000 0.226745 0.349770 0.368680 0.500000 
0.500000 0.500000 0.243292 0.331914 0.323582 
0.500000 0.500000 0.227831 0.380699 0.339880 
0.500000 0.500000 0.261347 0.388016 0.318343 
0.500000 0.500000 0.233584 0.372223 0.315176 
0.500000 0.500000 0.252164 0.385287 0.322033 
0.500000 0.500000 0.240219 0.376524 0.316355 
0.500000 0.500000 0.247538 0.382149 0.320157 
0.500000 0.500000 0.243066 0.378698 0.317714 
0.440679 0.500000 0.245761 0.380805 0.319212 
0.500000 0.500000 0.244136 0.379535 0.318297 
0.500000 0.500000 0.245111 0.380301 0.318848 
0.500000 0.500000 0.244525 0.379841 0.318516 
0.500000 0.500000 0.244877 0.380117 0.318715 
0.500000 0.500000 0.244666 0.379952 0.318595 
0.500000 0.500000 0.244792 0.380051 0.318667 
0.500000 0.500000 0.244717 0.379991 0.318624 
0.500000 0.500000 0.244762 0.380027 0.318650 
0.500000 0.500000 0.244735 0.380006 0.318635 
0.440679 0.500000 0.244751 0.380019 0.318644 
0.500000 0.500000 0.244741 0.380011 0.318638 
0.500000 0.500000 0.244747 0.380015 0.318642 
0.500000 0.500000 0.244744 0.380013 0.318640 
0.500000 0.500000 0.244746 0.380014 0.318641 
0.500000 0.500000 0.244745 0.380013 0.318640 
0.500000 0.500000 0.244745 0.380014 0.318640 
0.500000 0.500000 0.244745 0.380014 0.318640 
0.500000 0.500000 0.244745 0.380014 0.318640 
0.500000 0.500000 0.244745 0.380014 0.318640 
0.440679 0.500000 0.244745 0.380014 0.318640 
0.500000 0.500000 0.244745 0.380014 0.318640 
0.500000 0.500000 0.244745 0.380014 0.318640 
0.500000 0.500000 0.244745 0.380014 0.318640 
0.500000 0.500000 0.244745 0.380014 0.318640 
0.500000 0.500000 0.244745 0.380014 0.318640 
0.500000 0.500000 0.244745 0.380014 0.318640 
0.500000 0.500000 0.244745 0.380014 0.318640 
0.500000 0.500000 0.244745 0.380014 0.318640 
0.500000 0.500000 0.244745 0.380014 0.318640 
0.440679 0.500000 0.244745 0.380014 0.318640 
0.500000 0.500000 0.244745 0.380014 0.318640 
0.500000 0.500000 0.244745 0.380014 0.318640 
0.500000 0.500000 0.244745 0.380014 0.318640 
0.500000 0.500000 0.244745 0.380014 0.318640 
0.500000 0.500000 0.244745 0.380014 0.318640 
0.500000 0.500000 0.244745 0.380014 0.318640 
0.500000 0.500000 0.244745 0.380014 0.318640 
0.500000 0.500000 0.244745 0.380014 0.318640 
0.500000 0.500000 0.244745 0.380014 0.318640 
0.440679 0.500000 0.244745 0.380014 0.318640 
0.500000 0.500000 0.244745 0.380014 0.318640 
0.500000 0.500000 0.244745 0.380014 0.318640 
0.500000 0.500000 0.244745 0.380014 0.318640 
0.500000 0.500000 0.244745 0.380014 0.318640 
0.500000 0.500000 0.244745 0.380014 0.318640 
0.500000 0.500000 0.244745 0.380014 0.318640 
0.500000 0.500000 0.244745 0.380014 0.318640 
0.500000 0.500000 0.244745 0.380014 0.318640 
0.500000 0.500000 0.244745 0.380014 0.318640 
0.440679 0.500000 0.244745 0.380014 0.318640 
0.500000 0.500000 0.244745 0.380014 0.318640 
0.500000 0.500000 0.244745 0.380014 0.318640 
0.500000 0.500000 0.244745 0.380014 0.318640 
0.500000 0.500000 0.244745 0.380014 0.318640 
0.500000 0.500000 0.244745 0.380014 0.318640 
0.500000 0.500000 0.244745 0.380014 0.318640 
0.500000 0.500000 0.244745 0.380014 0.318640 
0.500000 0.500000 0.244745 0.380014 0.318640 
0.500000 0.500000 0.244745 0.380014 0.318640 
0.440679 0.500000 0.244745 0.380014 0.318640 
0.500000 0.500000 0.244745 0.380014 0.318640 
0.500000 0.500000 0.244745 0.380014 0.318640 
0.500000 0.500000 0.244745 0.380014 0.318640 
0.500000 0.500000 0.244745 0.380014 0.318640 
0.500000 0.500000 0.244745 0.380014 0.318640 
0.500000 0.500000 0.244745 0.380014 0.318640 
0.500000 0.500000 0.244745 0.380014 0.318640 
0.500000 0.500000 0.244745 0.380014 0.318640 
0.500000 0.500000 0.244745 0.380014 0.318640 
0.440679 0.500000 0.244745 0.380014 0.318640 
0.500000 0.500000 0.244745 0.380014 0.318640 
0.500000 0.500000 0.244745 0.380014 0.318640 
0.500000 0.500000 0.244745 0.380014 0.318640 
0.500000 0.500000 0.244745 0.380014 0.318640 
0.500000 0.500000 0.244745 0.380014 0.318640 
0.500000 0.500000 0.244745 0.380014 0.318640 
0.500000 0.500000 0.244745 0.380014 0.318640 
0.500000 0.500000 0.244745 0.380014 0.318640 
0.500000 0.500000 0.244745 0.380014 0.318640 
0.440679 0.500000 0.244745 0.380014 0.318640 
0.500000 0.500000 0.244745 0.380014 0.318640 
0.500000 0.500000 0.244745 0.380014 0.318640 
0.500000 0.500000 0.244745 0.380014 0.318640 
0.500000 0.500000 0.244745 0.380014 0.318640 
0.500000 0.500000 0.244745 0.380014 0.318640 
0.500000 0.500000 0.244745 0.380014 0.318640 
0.500000 0.500000 0.244745 0.380014 0.318640 
0.500000 0.500000 0.244745 0.380014 0.318640 
0.500000 0.500000 0.244745 0.380014 0.318640 
0.440679 0.268941 0.268941 0.500000 0.500000 
0.500000 0.226745 0.349770 0.368680 0.500000 
0.500000 0.500000 0.383646 0.331914 0.323582 
0.500000 0.500000 0.305304 0.317065 0.339880 
0.500000 0.500000 0.228879 0.351921 0.346575 
0.500000 0.500000 0.188326 0.387518 0.330961 
0.500000 0.500000 0.500000 0.406935 0.315391 
0.500000 0.500000 0.500000 0.500000 0.307067 
0.500000 0.500000 0.500000 0.500000 0.500000 
0.500000 0.500000 0.500000 0.500000 0.500000 
0.440679 0.500000 0.179183 0.500000 0.500000 
0.500000 0.500000 0.185654 0.411355 0.500000 
0.500000 0.500000 0.500000 0.408225 0.305189 
0.500000 0.500000 0.500000 0.500000 0.306518 
0.500000 0.500000 0.500000 0.500000 0.500000 
0.500000 0.500000 0.500000 0.500000 0.500000 
0.500000 0.500000 0.181454 0.500000 0.500000 
0.500000 0.500000 0.187875 0.410256 0.500000 
0.500000 0.500000 0.500000 0.407152 0.305655 
0.500000 0.500000 0.500000 0.500000 0.306974 
0.440679 0.500000 0.500000 0.500000 0.500000 
0.500000 0.500000 0.500000 0.500000 0.500000 
0.500000 0.500000 0.182346 0.500000 0.500000 
0.500000 0.500000 0.188744 0.409824 0.500000 
0.500000 0.500000 0.500000 0.406733 0.305838 
0.500000 0.500000 0.500000 0.500000 0.307152 
0.500000 0.500000 0.500000 0.500000 0.500000 
0.500000 0.500000 0.500000 0.500000 0.500000 
0.500000 0.500000 0.182688 0.500000 0.500000 
0.500000 0.500000 0.189078 0.409659 0.500000 
0.440679 0.500000 0.500000 0.406572 0.305909 
0.500000 0.500000 0.500000 0.500000 0.307221 
0.500000 0.500000 0.500000 0.500000 0.500000 
0.500000 0.500000 0.500000 0.500000 0.500000 
0.500000 0.500000 0.182819 0.500000 0.500000 
0.500000 0.500000 0.189205 0.409596 0.500000 
0.500000 0.500000 0.500000 0.406510 0.305935 
0.500000 0.500000 0.500000 0.500000 0.307247 
0.500000 0.500000 0.500000 0.500000 0.500000 
0.500000 0.500000 0.500000 0.500000 0.500000 
0.440679 0.500000 0.182868 0.500000 0.500000 
0.500000 0.500000 0.189253 0.409572 0.500000 
0.500000 0.500000 0.500000 0.406487 0.305946 
0.500000 0.500000 0.500000 0.500000 0.307257 
0.500000 0.500000 0.500000 0.500000 0.500000 
0.500000 0.500000 0.500000 0.500000 0.500000 
0.500000 0.500000 0.182887 0.500000 0.500000 
0.500000 0.500000 0.189272 0.409563 0.500000 
0.500000 0.500000 0.500000 0.406478 0.305949 
0.500000 0.500000 0.500000 0.500000 0.307261 
0.440679 0.500000 0.500000 0.500000 0.500000 
0.500000 0.500000 0.500000 0.500000 0.500000 
0.500000 0.500000 0.182894 0.500000 0.500000 
0.500000 0.500000 0.189278 0.409559 0.500000 
0.500000 0.500000 0.500000 0.406475 0.305951 
0.500000 0.500000 0.500000 0.500000 0.307262 
0.500000 0.500000 0.500000 0.500000 0.500000 
0.500000 0.500000 0.500000 0.500000 0.500000 
0.500000 0.500000 0.182897 0.500000 0.500000 
0.500000 0.500000 0.189281 0.409558 0.500000 
0.440679 0.500000 0.500000 0.406474 0.305951 
0.500000 0.500000 0.500000 0.500000 0.307263 
0.500000 0.500000 0.500000 0.500000 0.500000 
0.500000 0.500000 0.500000 0.500000 0.500000 
0.500000 0.500000 0.182898 0.500000 0.500000 
0.500000 0.500000 0.189282 0.409557 0.500000 
0.500000 0.500000 0.500000 0.406473 0.305952 
0.500000 0.500000 0.500000 0.500000 0.307263 
0.500000 0.500000 0.500000 0.500000 0.500000 
0.500000 0.500000 0.500000 0.500000 0.500000 
0.440679 0.500000 0.182898 0.500000 0.500000 
0.500000 0.500000 0.189282 0.409557 0.500000 
0.500000 0.500000 0.500000 0.406473 0.305952 
0.500000 0.500000 0.500000 0.500000 0.307263 
0.500000 0.500000 0.500000 0.500000 0.500000 
0.500000 0.500000 0.500000 0.500000 0.500000 
0.500000 0.500000 0.182898 0.500000 0.500000 
0.500000 0.500000 0.189283 0.409557 0.500000 
0.500000 0.500000 0.500000 0.406473 0.305952 
0.500000 0.500000 0.500000 0.500000 0.307263 
0.440679 0.500000 0.500000 0.500000 0.500000 
0.500000 0.500000 0.500000 0.500000 0.500000 
0.500000 0.500000 0.182899 0.500000 0.500000 
0.500000 0.500000 0.189283 0.409557 0.500000 
0.500000 0.500000 0.500000 0.406473 0.305952 
0.500000 0.500000 0.500000 0.500000 0.307263 
0.500000 0.500000 0.500000 0.500000 0.500000 
0.500000 0.500000 0.500000 0.500000 0.500000 
0.500000 0.500000 0.182899 0.500000 0.500000 
0.500000 0.500000 0.189283 0.409557 0.500000 
0.440679 0.500000 0.500000 0.406473 0.305952 
0.500000 0.500000 0.500000 0.500000 0.307263 
0.500000 0.500000 0.500000 0.500000 0.500000 
0.500000 0.500000 0.500000 0.500000 0.500000 
0.500000 0.500000 0.182899 0.500000 0.500000 
0.500000 0.500000 0.189283 0.409557 0.500000 
0.500000 0.500000 0.500000 0.406473 0.305952 
0.500000 0.500000 0.500000 0.500000 0.307263 
0.500000 0.500000 0.500000 0.500000 0.500000 
0.500000 0.500000 0.500000 0.500000 0.500000 
0.440679 0.268941 0.268941 0.500000 0.500000 
0.500000 0.226745 0.349770 0.368680 0.500000 
0.500000 0.232933 0.383646 0.331914 0.323582 
0.500000 0.261992 0.395563 0.317065 0.339880 
0.500000 0.301868 0.390500 0.311927 0.346575 
0.500000 0.340928 0.369868 0.314104 0.348905 
0.500000 0.369095 0.336517 0.323062 0.347917 
0.500000 0.381578 0.298769 0.337818 0.343864 
0.500000 0.377323 0.267588 0.354907 0.337236 
0.500000 0.356928 0.249502 0.369311 0.329640 
0.440679 0.323934 0.245957 0.377775 0.323306 
0.500000 0.311270 0.257038 0.379443 0.319613 
0.500000 0.278519 0.272659 0.374238 0.318888 
0.500000 0.256131 0.297807 0.366951 0.321153 
0.500000 0.246524 0.326935 0.355348 0.324339 
0.500000 0.250435 0.351507 0.342118 0.329445 
0.500000 0.266614 0.365532 0.331144 0.335316 
0.500000 0.291443 0.367096 0.324961 0.340226 
0.500000 0.318654 0.356654 0.324276 0.343007 
0.500000 0.341215 0.336473 0.328868 0.343316 
0.440679 0.354023 0.311415 0.337838 0.341248 
0.500000 0.376812 0.288169 0.349138 0.337227 
0.500000 0.365307 0.264900 0.359776 0.332194 
0.500000 0.341859 0.252990 0.370564 0.327492 
0.500000 0.309710 0.254505 0.376137 0.322758 
0.500000 0.277409 0.269482 0.375426 0.320326 
0.500000 0.253643 0.295810 0.368429 0.320636 
0.500000 0.243117 0.326855 0.356263 0.323692 
0.500000 0.246794 0.353245 0.342154 0.329041 
0.500000 0.263473 0.368474 0.330375 0.335300 
0.440679 0.289542 0.370590 0.323672 0.340571 
0.500000 0.342516 0.360066 0.322746 0.343588 
0.500000 0.364464 0.330348 0.327364 0.344006 
0.500000 0.374118 0.296739 0.340583 0.341925 
0.500000 0.368469 0.269529 0.355837 0.336001 
0.500000 0.348212 0.254373 0.368407 0.329229 
0.500000 0.317380 0.252772 0.375488 0.323701 
0.500000 0.284161 0.264801 0.376239 0.320609 
0.500000 0.257802 0.289037 0.370610 0.320282 
0.500000 0.244056 0.319932 0.359376 0.322737 
0.440679 0.244559 0.348217 0.345277 0.327668 
0.500000 0.282016 0.366333 0.332603 0.333910 
0.500000 0.306164 0.362677 0.324610 0.339571 
0.500000 0.331328 0.346916 0.326215 0.343165 
0.500000 0.349138 0.323527 0.333181 0.342442 
0.500000 0.355749 0.298685 0.343654 0.339312 
0.500000 0.350131 0.278876 0.354946 0.334632 
0.500000 0.333534 0.268290 0.364068 0.329623 
0.500000 0.309873 0.268514 0.368984 0.325604 
0.500000 0.285447 0.279423 0.368879 0.323449 
0.440679 0.266698 0.298925 0.363815 0.323495 
0.500000 0.281181 0.322114 0.354836 0.325715 
0.500000 0.282296 0.332933 0.344292 0.329671 
0.500000 0.291083 0.337516 0.339423 0.334348 
0.500000 0.302976 0.336046 0.337371 0.336519 
0.500000 0.314681 0.329209 0.338028 0.337436 
0.500000 0.323281 0.318820 0.341095 0.337142 
0.500000 0.326780 0.307541 0.345780 0.335773 
0.500000 0.324468 0.298185 0.350901 0.333686 
0.500000 0.317021 0.292938 0.355174 0.331413 
0.440679 0.306374 0.292909 0.357582 0.329522 
0.500000 0.319735 0.298006 0.357595 0.328459 
0.500000 0.309737 0.297514 0.355257 0.328453 
0.500000 0.300995 0.299837 0.355482 0.329485 
0.500000 0.293418 0.305416 0.354418 0.329386 
0.500000 0.288565 0.312946 0.351870 0.329856 
0.500000 0.287497 0.320501 0.348443 0.330984 
0.500000 0.290345 0.326173 0.345020 0.332503 
0.500000 0.296304 0.328612 0.342461 0.334024 
0.500000 0.303830 0.327335 0.341363 0.335164 
0.440679 0.311024 0.322775 0.341938 0.335653 
0.500000 0.340255 0.316145 0.343993 0.335397 
0.500000 0.340826 0.300146 0.346992 0.334481 
0.500000 0.334932 0.286954 0.354277 0.333148 
0.500000 0.321824 0.280535 0.360336 0.329918 
0.500000 0.304521 0.282197 0.363300 0.327245 
0.500000 0.287531 0.291523 0.362531 0.325941 
0.500000 0.275156 0.306345 0.358232 0.326279 
0.500000 0.270153 0.322813 0.351446 0.328172 
0.500000 0.273337 0.336514 0.343976 0.331171 
0.440679 0.283723 0.344114 0.337819 0.334489 
0.500000 0.323119 0.344147 0.334427 0.337236 
0.500000 0.337400 0.327719 0.334413 0.338753 
0.500000 0.345607 0.307332 0.341765 0.338760 
0.500000 0.343951 0.289303 0.350996 0.335474 
0.500000 0.332680 0.277965 0.359254 0.331371 
0.500000 0.314473 0.275463 0.364490 0.327722 
0.500000 0.294055 0.282129 0.365650 0.325419 
0.500000 0.276809 0.296567 0.362563 0.324910 
0.500000 0.266845 0.315266 0.355916 0.326265 
0.440679 0.266059 0.333142 0.347390 0.329194 
0.500000 0.298392 0.345520 0.339329 0.332971 
0.500000 0.312546 0.340448 0.333802 0.336561 
0.500000 0.326600 0.327984 0.336061 0.339034 
0.500000 0.334914 0.312325 0.341646 0.338022 
0.500000 0.335454 0.297611 0.348725 0.335527 
0.500000 0.328226 0.287412 0.355437 0.332378 
0.500000 0.315058 0.283891 0.360125 0.329406 
0.500000 0.299348 0.287662 0.361749 0.327338 
0.500000 0.285191 0.297818 0.360009 0.326623 
0.440679 0.268941 0.268941 0.500000 0.500000 
0.500000 0.226745 0.349770 0.368680 0.500000 
0.500000 0.232933 0.383646 0.331914 0.323582 
0.500000 0.261992 0.395563 0.317065 0.339880 
0.500000 0.301868 0.390500 0.311927 0.346575 
0.500000 0.340928 0.369868 0.314104 0.348905 
0.500000 0.369095 0.336517 0.323062 0.347917 
0.500000 0.381578 0.298769 0.337818 0.343864 
0.500000 0.377323 0.267588 0.354907 0.337236 
0.500000 0.356928 0.249502 0.369311 0.329640 
0.440679 0.323934 0.245957 0.377775 0.323306 
0.500000 0.311270 0.257038 0.379443 0.319613 
0.500000 0.278519 0.272659 0.374238 0.318888 
0.500000 0.256131 0.297807 0.366951 0.321153 
0.500000 0.246524 0.326935 0.355348 0.324339 
0.500000 0.250435 0.351507 0.342118 0.329445 
0.500000 0.266614 0.365532 0.331144 0.335316 
0.500000 0.291443 0.367096 0.324961 0.340226 
0.500000 0.318654 0.356654 0.324276 0.343007 
0.500000 0.341215 0.336473 0.328868 0.343316 
0.440679 0.354023 0.311415 0.337838 0.341248 
0.500000 0.376812 0.288169 0.349138 0.337227 
0.500000 0.365307 0.264900 0.359776 0.332194 
0.500000 0.341859 0.252990 0.370564 0.327492 
0.500000 0.309710 0.254505 0.376137 0.322758 
0.500000 0.277409 0.269482 0.375426 0.320326 
0.500000 0.253643 0.295810 0.368429 0.320636 
0.500000 0.243117 0.326855 0.356263 0.323692 
0.500000 0.246794 0.353245 0.342154 0.329041 
0.500000 0.263473 0.368474 0.330375 0.335300 
0.440679 0.289542 0.370590 0.323672 0.340571 
0.500000 0.342516 0.360066 0.322746 0.343588 
0.500000 0.364464 0.330348 0.327364 0.344006 
0.500000 0.374118 0.296739 0.340583 0.341925 
0.500000 0.368469 0.269529 0.355837 0.336001 
0.500000 0.348212 0.254373 0.368407 0.329229 
0.500000 0.317380 0.252772 0.375488 0.323701 
0.500000 0.284161 0.264801 0.376239 0.320609 
0.500000 0.257802 0.289037 0.370610 0.320282 
0.500000 0.244056 0.319932 0.359376 0.322737 
0.440679 0.244559 0.348217 0.345277 0.327668 
0.500000 0.282016 0.366333 0.332603 0.333910 
0.500000 0.306164 0.362677 0.324610 0.339571 
0.500000 0.331328 0.346916 0.326215 0.343165 
0.500000 0.349138 0.323527 0.333181 0.342442 
0.500000 0.355749 0.298685 0.343654 0.339312 
0.500000 0.350131 0.278876 0.354946 0.334632 
0.500000 0.333534 0.268290 0.364068 0.329623 
0.500000 0.309873 0.268514 0.368984 0.325604 
0.500000 0.285447 0.279423 0.368879 0.323449 
0.440679 0.266698 0.298925 0.363815 0.323495 
0.500000 0.281181 0.322114 0.354836 0.325715 
0.500000 0.282296 0.332933 0.344292 0.329671 
0.500000 0.291083 0.337516 0.339423 0.334348 
0.500000 0.302976 0.336046 0.337371 0.336519 
0.500000 0.314681 0.329209 0.338028 0.337436 
0.500000 0.323281 0.318820 0.341095 0.337142 
0.500000 0.326780 0.307541 0.345780 0.335773 
0.500000 0.324468 0.298185 0.350901 0.333686 
0.500000 0.317021 0.292938 0.355174 0.331413 
0.440679 0.306374 0.292909 0.357582 0.329522 
0.500000 0.319735 0.298006 0.357595 0.328459 
0.500000 0.309737 0.297514 0.355257 0.328453 
0.500000 0.300995 0.299837 0.355482 0.329485 
0.500000 0.293418 0.305416 0.354418 0.329386 
0.500000 0.288565 0.312946 0.351870 0.329856 
0.500000 0.287497 0.320501 0.348443 0.330984 
0.500000 0.290345 0.326173 0.345020 0.332503 
0.500000 0.296304 0.328612 0.342461 0.334024 
0.500000 0.303830 0.327335 0.341363 0.335164 
0.440679 0.311024 0.322775 0.341938 0.335653 
0.500000 0.340255 0.316145 0.343993 0.335397 
0.500000 0.340826 0.300146 0.346992 0.334481 
0.500000 0.334932 0.286954 0.354277 0.333148 
0.500000 0.321824 0.280535 0.360336 0.329918 
0.500000 0.304521 0.282197 0.363300 0.327245 
0.500000 0.287531 0.291523 0.362531 0.325941 
0.500000 0.275156 0.306345 0.358232 0.326279 
0.500000 0.270153 0.322813 0.351446 0.328172 
0.500000 0.273337 0.336514 0.343976 0.331171 
0.440679 0.283723 0.344114 0.337819 0.334489 
0.500000 0.323119 0.344147 0.334427 0.337236 
0.500000 0.337400 0.327719 0.334413 0.338753 
0.500000 0.345607 0.307332 0.341765 0.338760 
0.500000 0.343951 0.289303 0.350996 0.335474 
0.500000 0.332680 0.277965 0.359254 0.331371 
0.500000 0.314473 0.275463 0.364490 0.327722 
0.500000 0.294055 0.282129 0.365650 0.325419 
0.500000 0.276809 0.296567 0.362563 0.324910 
0.500000 0.266845 0.315266 0.355916 0.326265 
0.440679 0.266059 0.333142 0.347390 0.329194 
0.500000 0.298392 0.345520 0.339329 0.332971 
0.500000 0.312546 0.340448 0.333802 0.336561 
0.500000 0.326600 0.327984 0.336061 0.339034 
0.500000 0.334914 0.312325 0.341646 0.338022 
0.500000 0.335454 0.297611 0.348725 0.335527 
0.500000 0.328226 0.287412 0.355437 0.332378 
0.500000 0.315058 0.283891 0.360125 0.329406 
0.500000 0.299348 0.287662 0.361749 0.327338 
0.500000 0.285191 0.297818 0.360009 0.326623 
