0.500000 0.440679 0.500000 0.268941 0.500000 0.500000 0.500000 0.500000 0.500000 
0.500000 0.440679 0.500000 0.257399 0.500000 0.500000 0.500000 0.500000 0.500000 
0.500000 0.440679 0.500000 0.248454 0.500000 0.500000 0.500000 0.500000 0.500000 
0.500000 0.440679 0.500000 0.241511 0.500000 0.500000 0.500000 0.500000 0.500000 
0.500000 0.440679 0.500000 0.236106 0.500000 0.500000 0.500000 0.500000 0.500000 
0.500000 0.440679 0.500000 0.231881 0.500000 0.500000 0.500000 0.500000 0.500000 
0.500000 0.440679 0.379161 0.228569 0.500000 0.500000 0.500000 0.500000 0.500000 
0.500000 0.440679 0.389941 0.256767 0.500000 0.500000 0.319011 0.500000 0.500000 
0.500000 0.440679 0.399105 0.278216 0.500000 0.500000 0.314345 0.500000 0.500000 
0.500000 0.440679 0.406898 0.293260 0.500000 0.500000 0.310409 0.500000 0.500000 
0.500000 0.440679 0.413536 0.303111 0.500000 0.500000 0.307082 0.500000 0.500000 
0.500000 0.440679 0.419204 0.309039 0.500000 0.500000 0.304265 0.500000 0.500000 
0.500000 0.440679 0.424058 0.312104 0.500000 0.500000 0.301870 0.500000 0.500000 
0.500000 0.440679 0.428228 0.313125 0.500000 0.500000 0.299828 0.500000 0.500000 
0.500000 0.440679 0.431823 0.312717 0.500000 0.500000 0.298080 0.500000 0.500000 
0.500000 0.440679 0.434931 0.311337 0.500000 0.500000 0.296578 0.500000 0.500000 
0.500000 0.440679 0.437628 0.309323 0.500000 0.500000 0.295283 0.500000 0.500000 
0.500000 0.440679 0.439975 0.306923 0.500000 0.500000 0.294162 0.500000 0.500000 
0.500000 0.440679 0.442023 0.304317 0.500000 0.500000 0.293188 0.500000 0.500000 
0.500000 0.440679 0.443816 0.301637 0.500000 0.500000 0.292340 0.500000 0.500000 
0.500000 0.440679 0.445388 0.298973 0.500000 0.500000 0.291599 0.500000 0.500000 
0.500000 0.440679 0.446771 0.296388 0.500000 0.500000 0.290950 0.500000 0.500000 
0.500000 0.440679 0.447990 0.293922 0.500000 0.500000 0.290379 0.500000 0.500000 
0.500000 0.440679 0.449066 0.291601 0.500000 0.500000 0.289877 0.500000 0.500000 
0.500000 0.440679 0.450017 0.289438 0.500000 0.500000 0.289435 0.500000 0.500000 
0.500000 0.440679 0.450860 0.287438 0.500000 0.500000 0.289043 0.500000 0.500000 
0.500000 0.440679 0.451609 0.285599 0.500000 0.500000 0.288697 0.500000 0.500000 
0.500000 0.440679 0.452273 0.283918 0.500000 0.500000 0.288390 0.500000 0.500000 
0.500000 0.440679 0.452865 0.282386 0.500000 0.500000 0.288117 0.500000 0.500000 
0.500000 0.440679 0.453391 0.280994 0.500000 0.500000 0.287874 0.500000 0.500000 
0.500000 0.440679 0.453861 0.279734 0.500000 0.500000 0.287659 0.500000 0.500000 
0.500000 0.440679 0.454280 0.278595 0.500000 0.500000 0.287466 0.500000 0.500000 
0.500000 0.440679 0.454654 0.277566 0.500000 0.500000 0.287295 0.500000 0.500000 
0.500000 0.440679 0.454989 0.276639 0.500000 0.500000 0.287141 0.500000 0.500000 
0.500000 0.440679 0.455288 0.275805 0.500000 0.500000 0.287004 0.500000 0.500000 
0.500000 0.440679 0.455556 0.275054 0.500000 0.500000 0.286882 0.500000 0.500000 
0.500000 0.440679 0.455795 0.274379 0.500000 0.500000 0.286772 0.500000 0.500000 
0.500000 0.440679 0.456010 0.273772 0.500000 0.500000 0.286674 0.500000 0.500000 
0.500000 0.440679 0.456203 0.273227 0.500000 0.500000 0.286587 0.500000 0.500000 
0.500000 0.440679 0.456375 0.272738 0.500000 0.500000 0.286508 0.500000 0.500000 
0.500000 0.440679 0.456530 0.272299 0.500000 0.500000 0.286437 0.500000 0.500000 
0.500000 0.440679 0.456669 0.271904 0.500000 0.500000 0.286374 0.500000 0.500000 
0.500000 0.440679 0.456794 0.271550 0.500000 0.500000 0.286317 0.500000 0.500000 
0.500000 0.440679 0.456906 0.271232 0.500000 0.500000 0.286266 0.500000 0.500000 
0.500000 0.440679 0.457006 0.270947 0.500000 0.500000 0.286221 0.500000 0.500000 
0.500000 0.440679 0.457097 0.270691 0.500000 0.500000 0.286179 0.500000 0.500000 
0.500000 0.440679 0.457178 0.270461 0.500000 0.500000 0.286143 0.500000 0.500000 
0.500000 0.440679 0.457251 0.270255 0.500000 0.500000 0.286109 0.500000 0.500000 
0.500000 0.440679 0.457316 0.270070 0.500000 0.500000 0.286080 0.500000 0.500000 
0.500000 0.440679 0.457375 0.269903 0.500000 0.500000 0.286053 0.500000 0.500000 
0.500000 0.440679 0.457428 0.269754 0.500000 0.500000 0.286029 0.500000 0.500000 
0.500000 0.440679 0.457476 0.269619 0.500000 0.500000 0.286007 0.500000 0.500000 
0.500000 0.440679 0.457518 0.269499 0.500000 0.500000 0.285988 0.500000 0.500000 
0.500000 0.440679 0.457557 0.269391 0.500000 0.500000 0.285970 0.500000 0.500000 
0.500000 0.440679 0.457591 0.269293 0.500000 0.500000 0.285955 0.500000 0.500000 
0.500000 0.440679 0.457623 0.269206 0.500000 0.500000 0.285940 0.500000 0.500000 
0.500000 0.440679 0.457651 0.269127 0.500000 0.500000 0.285928 0.500000 0.500000 
0.500000 0.440679 0.457676 0.269057 0.500000 0.500000 0.285916 0.500000 0.500000 
0.500000 0.440679 0.457698 0.268993 0.500000 0.500000 0.285906 0.500000 0.500000 
0.500000 0.440679 0.457719 0.268936 0.500000 0.500000 0.285897 0.500000 0.500000 
0.500000 0.440679 0.457737 0.268885 0.500000 0.500000 0.285888 0.500000 0.500000 
0.500000 0.440679 0.457754 0.268839 0.500000 0.500000 0.285881 0.500000 0.500000 
0.500000 0.440679 0.457768 0.268798 0.500000 0.500000 0.285874 0.500000 0.500000 
0.500000 0.440679 0.457782 0.268760 0.500000 0.500000 0.285868 0.500000 0.500000 
0.500000 0.440679 0.457794 0.268727 0.500000 0.500000 0.285863 0.500000 0.500000 
0.500000 0.440679 0.457805 0.268697 0.500000 0.500000 0.285858 0.500000 0.500000 
0.500000 0.440679 0.457814 0.268670 0.500000 0.500000 0.285853 0.500000 0.500000 
0.500000 0.440679 0.457823 0.268645 0.500000 0.500000 0.285849 0.500000 0.500000 
0.500000 0.440679 0.457831 0.268623 0.500000 0.500000 0.285846 0.500000 0.500000 
0.500000 0.440679 0.457838 0.268604 0.500000 0.500000 0.285843 0.500000 0.500000 
0.500000 0.440679 0.457844 0.268586 0.500000 0.500000 0.285840 0.500000 0.500000 
0.500000 0.440679 0.457850 0.268570 0.500000 0.500000 0.285837 0.500000 0.500000 
0.500000 0.440679 0.457855 0.268555 0.500000 0.500000 0.285835 0.500000 0.500000 
0.500000 0.440679 0.457860 0.268543 0.500000 0.500000 0.285833 0.500000 0.500000 
0.500000 0.440679 0.457864 0.268531 0.500000 0.500000 0.285831 0.500000 0.500000 
0.500000 0.440679 0.457868 0.268521 0.500000 0.500000 0.285829 0.500000 0.500000 
0.500000 0.440679 0.457871 0.268511 0.500000 0.500000 0.285828 0.500000 0.500000 
0.500000 0.440679 0.457874 0.268503 0.500000 0.500000 0.285826 0.500000 0.500000 
0.500000 0.440679 0.457877 0.268495 0.500000 0.500000 0.285825 0.500000 0.500000 
0.500000 0.440679 0.457879 0.268488 0.500000 0.500000 0.285824 0.500000 0.500000 
0.500000 0.440679 0.457882 0.268482 0.500000 0.500000 0.285823 0.500000 0.500000 
0.500000 0.440679 0.457884 0.268476 0.500000 0.500000 0.285822 0.500000 0.500000 
0.500000 0.440679 0.457886 0.268472 0.500000 0.500000 0.285821 0.500000 0.500000 
0.500000 0.440679 0.457887 0.268467 0.500000 0.500000 0.285820 0.500000 0.500000 
0.500000 0.440679 0.457889 0.268463 0.500000 0.500000 0.285820 0.500000 0.500000 
0.500000 0.440679 0.457890 0.268459 0.500000 0.500000 0.285819 0.500000 0.500000 
0.500000 0.440679 0.457891 0.268456 0.500000 0.500000 0.285819 0.500000 0.500000 
0.500000 0.440679 0.457892 0.268453 0.500000 0.500000 0.285818 0.500000 0.500000 
0.500000 0.440679 0.457893 0.268450 0.500000 0.500000 0.285818 0.500000 0.500000 
0.500000 0.440679 0.457894 0.268448 0.500000 0.500000 0.285817 0.500000 0.500000 
0.500000 0.440679 0.457895 0.268446 0.500000 0.500000 0.285817 0.500000 0.500000 
0.500000 0.440679 0.457895 0.268444 0.500000 0.500000 0.285817 0.500000 0.500000 
0.500000 0.440679 0.457896 0.268442 0.500000 0.500000 0.285816 0.500000 0.500000 
0.500000 0.440679 0.457897 0.268441 0.500000 0.500000 0.285816 0.500000 0.500000 
0.500000 0.440679 0.457897 0.268439 0.500000 0.500000 0.285816 0.500000 0.500000 
0.500000 0.440679 0.457898 0.268438 0.500000 0.500000 0.285816 0.500000 0.500000 
0.500000 0.440679 0.457898 0.268437 0.500000 0.500000 0.285815 0.500000 0.500000 
0.500000 0.440679 0.457898 0.268436 0.500000 0.500000 0.285815 0.500000 0.500000 
0.500000 0.440679 0.457899 0.268435 0.500000 0.500000 0.285815 0.500000 0.500000 
0.500000 0.440679 0.457899 0.268434 0.500000 0.500000 0.285815 0.500000 0.500000 
