0.440679 0.268941 0.268941 0.500000 0.500000 
0.440679 0.292886 0.364064 0.368680 0.500000 
0.440679 0.256696 0.417462 0.325606 0.323582 
0.440679 0.225201 0.453845 0.302605 0.342717 
0.440679 0.204283 0.474883 0.287473 0.353153 
0.440679 0.190883 0.485773 0.278932 0.360097 
0.440679 0.500000 0.491297 0.274572 0.364042 
0.440679 0.500000 0.476698 0.272377 0.366063 
0.440679 0.500000 0.454926 0.278202 0.367082 
0.440679 0.500000 0.429955 0.287030 0.364380 
0.440679 0.500000 0.405886 0.297358 0.360300 
0.440679 0.500000 0.384993 0.307513 0.355553 
0.440679 0.500000 0.367916 0.316482 0.350914 
0.440679 0.189074 0.354426 0.323916 0.346839 
0.440679 0.193327 0.446815 0.329852 0.343478 
0.440679 0.197126 0.475982 0.290361 0.340806 
0.440679 0.188462 0.486742 0.278490 0.358766 
0.440679 0.500000 0.491845 0.274187 0.364246 
0.440679 0.500000 0.477713 0.272160 0.366242 
0.440679 0.500000 0.456251 0.277795 0.367183 
0.440679 0.500000 0.431336 0.286488 0.364569 
0.440679 0.500000 0.407141 0.296781 0.360550 
0.440679 0.500000 0.386045 0.306979 0.355818 
0.440679 0.500000 0.368758 0.316027 0.351157 
0.440679 0.188814 0.355084 0.323547 0.347045 
0.440679 0.193094 0.447132 0.329562 0.343645 
0.440679 0.196927 0.476128 0.290231 0.340937 
0.440679 0.188337 0.486817 0.278432 0.358826 
0.440679 0.500000 0.491884 0.274157 0.364274 
0.440679 0.500000 0.477786 0.272145 0.366256 
0.440679 0.500000 0.456347 0.277765 0.367190 
0.440679 0.500000 0.431438 0.286449 0.364582 
0.440679 0.500000 0.407233 0.296739 0.360569 
0.440679 0.500000 0.386122 0.306940 0.355837 
0.440679 0.500000 0.368821 0.315994 0.351175 
0.440679 0.188795 0.355133 0.323520 0.347060 
0.440679 0.193077 0.447155 0.329540 0.343657 
0.440679 0.196912 0.476138 0.290221 0.340946 
0.440679 0.188328 0.486822 0.278427 0.358831 
0.440679 0.500000 0.491887 0.274155 0.364276 
0.440679 0.500000 0.477792 0.272144 0.366257 
0.440679 0.500000 0.456354 0.277763 0.367191 
0.440679 0.500000 0.431445 0.286446 0.364583 
0.440679 0.500000 0.407240 0.296736 0.360570 
0.440679 0.500000 0.386128 0.306937 0.355839 
0.440679 0.500000 0.368825 0.315991 0.351176 
0.440679 0.188794 0.355137 0.323518 0.347061 
0.440679 0.193076 0.447157 0.329538 0.343658 
0.440679 0.196911 0.476139 0.290220 0.340947 
0.440679 0.188327 0.486823 0.278427 0.358831 
0.440679 0.500000 0.491887 0.274155 0.364276 
0.440679 0.500000 0.477792 0.272143 0.366257 
0.440679 0.500000 0.456355 0.277763 0.367191 
0.440679 0.500000 0.431446 0.286446 0.364583 
0.440679 0.500000 0.407240 0.296736 0.360570 
0.440679 0.500000 0.386128 0.306936 0.355839 
0.440679 0.500000 0.368825 0.315991 0.351176 
0.440679 0.188794 0.355137 0.323518 0.347061 
0.440679 0.193076 0.447157 0.329538 0.343658 
0.440679 0.196911 0.476139 0.290220 0.340947 
0.440679 0.188327 0.486823 0.278427 0.358831 
0.440679 0.500000 0.491887 0.274155 0.364276 
0.440679 0.500000 0.477792 0.272143 0.366257 
0.440679 0.500000 0.456355 0.277763 0.367191 
0.440679 0.500000 0.431446 0.286446 0.364583 
0.440679 0.500000 0.407240 0.296736 0.360570 
0.440679 0.500000 0.386128 0.306936 0.355839 
0.440679 0.500000 0.368825 0.315991 0.351176 
0.440679 0.188794 0.355137 0.323518 0.347061 
0.440679 0.193076 0.447157 0.329538 0.343658 
0.440679 0.196911 0.476139 0.290220 0.340947 
0.440679 0.188327 0.486823 0.278427 0.358831 
0.440679 0.500000 0.491887 0.274155 0.364276 
0.440679 0.500000 0.477792 0.272143 0.366257 
0.440679 0.500000 0.456355 0.277763 0.367191 
0.440679 0.500000 0.431446 0.286446 0.364583 
0.440679 0.500000 0.407240 0.296736 0.360570 
0.440679 0.500000 0.386128 0.306936 0.355839 
0.440679 0.500000 0.368825 0.315991 0.351176 
0.440679 0.188794 0.355137 0.323518 0.347061 
0.440679 0.193076 0.447157 0.329538 0.343658 
0.440679 0.196911 0.476139 0.290220 0.340947 
0.440679 0.188327 0.486823 0.278427 0.358831 
0.440679 0.500000 0.491887 0.274155 0.364276 
0.440679 0.500000 0.477792 0.272143 0.366257 
0.440679 0.500000 0.456355 0.277763 0.367191 
0.440679 0.500000 0.431446 0.286446 0.364583 
0.440679 0.500000 0.407240 0.296736 0.360570 
0.440679 0.500000 0.386128 0.306936 0.355839 
0.440679 0.500000 0.368825 0.315991 0.351176 
0.440679 0.188794 0.355137 0.323518 0.347061 
0.440679 0.193076 0.447157 0.329538 0.343658 
0.440679 0.196911 0.476139 0.290220 0.340947 
0.440679 0.188327 0.486823 0.278427 0.358831 
0.440679 0.500000 0.491887 0.274155 0.364276 
0.440679 0.500000 0.477792 0.272143 0.366257 
0.440679 0.500000 0.456355 0.277763 0.367191 
0.440679 0.500000 0.431446 0.286446 0.364583 
0.440679 0.500000 0.407240 0.296736 0.360570 
0.440679 0.500000 0.386128 0.306936 0.355839 
0.440679 0.268941 0.268941 0.500000 0.500000 
0.440679 0.292886 0.364064 0.368680 0.500000 
0.440679 0.256696 0.424485 0.325606 0.323582 
0.440679 0.225202 0.462267 0.299649 0.342717 
0.440679 0.203393 0.481628 0.284035 0.354504 
0.440679 0.189562 0.490582 0.276227 0.361682 
0.440679 0.500000 0.494681 0.272661 0.365295 
0.440679 0.500000 0.486248 0.271038 0.366951 
0.440679 0.500000 0.473735 0.274383 0.367705 
0.440679 0.500000 0.458999 0.279394 0.366151 
0.440679 0.500000 0.444115 0.285366 0.363828 
0.440679 0.500000 0.430428 0.291475 0.361068 
0.440679 0.500000 0.418522 0.297160 0.358254 
0.440679 0.500000 0.408504 0.302158 0.355644 
0.440679 0.500000 0.400244 0.306399 0.353357 
0.440679 0.500000 0.393518 0.309921 0.351421 
0.440679 0.188189 0.388087 0.312805 0.349817 
0.440679 0.189990 0.464135 0.315145 0.348506 
0.440679 0.191514 0.485047 0.283276 0.347445 
0.440679 0.500000 0.492428 0.274862 0.362033 
0.440679 0.500000 0.482399 0.271929 0.365929 
0.440679 0.500000 0.468883 0.275918 0.367290 
0.440679 0.500000 0.453894 0.281352 0.365438 
0.440679 0.500000 0.439308 0.287453 0.362922 
0.440679 0.500000 0.426188 0.293465 0.360106 
0.440679 0.500000 0.414924 0.298935 0.357340 
0.440679 0.500000 0.405522 0.303677 0.354831 
0.440679 0.500000 0.397808 0.307668 0.352663 
0.440679 0.500000 0.391547 0.310964 0.350843 
0.440679 0.188837 0.386502 0.313653 0.349343 
0.440679 0.190538 0.463505 0.315830 0.348122 
0.440679 0.191972 0.484786 0.283532 0.347134 
0.440679 0.500000 0.492309 0.274966 0.361915 
0.440679 0.500000 0.482207 0.271976 0.365880 
0.440679 0.500000 0.468650 0.275995 0.367269 
0.440679 0.500000 0.453655 0.281446 0.365403 
0.440679 0.500000 0.439086 0.287551 0.362879 
0.440679 0.500000 0.425993 0.293557 0.360060 
0.440679 0.500000 0.414760 0.299016 0.357297 
0.440679 0.500000 0.405387 0.303746 0.354794 
0.440679 0.500000 0.397698 0.307726 0.352631 
0.440679 0.500000 0.391458 0.311011 0.350817 
0.440679 0.188867 0.386430 0.313692 0.349322 
0.440679 0.190564 0.463477 0.315861 0.348104 
0.440679 0.191992 0.484775 0.283543 0.347120 
0.440679 0.500000 0.492304 0.274970 0.361909 
0.440679 0.500000 0.482199 0.271978 0.365878 
0.440679 0.500000 0.468640 0.275999 0.367268 
0.440679 0.500000 0.453644 0.281450 0.365401 
0.440679 0.500000 0.439075 0.287555 0.362877 
0.440679 0.500000 0.425985 0.293561 0.360058 
0.440679 0.500000 0.414753 0.299020 0.357295 
0.440679 0.500000 0.405381 0.303750 0.354792 
0.440679 0.500000 0.397693 0.307728 0.352630 
0.440679 0.500000 0.391454 0.311013 0.350816 
0.440679 0.188868 0.386427 0.313693 0.349321 
0.440679 0.190565 0.463475 0.315862 0.348103 
0.440679 0.191993 0.484774 0.283544 0.347120 
0.440679 0.500000 0.492304 0.274971 0.361909 
0.440679 0.500000 0.482198 0.271979 0.365878 
0.440679 0.500000 0.468639 0.275999 0.367268 
0.440679 0.500000 0.453643 0.281450 0.365401 
0.440679 0.500000 0.439075 0.287555 0.362877 
0.440679 0.500000 0.425984 0.293561 0.360058 
0.440679 0.500000 0.414753 0.299020 0.357295 
0.440679 0.500000 0.405381 0.303750 0.354792 
0.440679 0.500000 0.397693 0.307728 0.352630 
0.440679 0.500000 0.391454 0.311014 0.350815 
0.440679 0.188868 0.386427 0.313694 0.349321 
0.440679 0.190565 0.463475 0.315862 0.348103 
0.440679 0.191993 0.484774 0.283544 0.347120 
0.440679 0.500000 0.492304 0.274971 0.361909 
0.440679 0.500000 0.482198 0.271979 0.365878 
0.440679 0.500000 0.468639 0.275999 0.367268 
0.440679 0.500000 0.453643 0.281450 0.365401 
0.440679 0.500000 0.439075 0.287555 0.362877 
0.440679 0.500000 0.425984 0.293561 0.360058 
0.440679 0.500000 0.414753 0.299020 0.357295 
0.440679 0.500000 0.405381 0.303750 0.354792 
0.440679 0.500000 0.397693 0.307728 0.352630 
0.440679 0.500000 0.391454 0.311014 0.350815 
0.440679 0.188868 0.386427 0.313694 0.349321 
0.440679 0.190565 0.463475 0.315862 0.348103 
0.440679 0.191993 0.484774 0.283544 0.347120 
0.440679 0.500000 0.492304 0.274971 0.361909 
0.440679 0.500000 0.482198 0.271979 0.365878 
0.440679 0.500000 0.468639 0.275999 0.367268 
0.440679 0.500000 0.453643 0.281450 0.365401 
0.440679 0.500000 0.439075 0.287555 0.362877 
0.440679 0.500000 0.425984 0.293561 0.360058 
0.440679 0.500000 0.414753 0.299020 0.357295 
0.440679 0.500000 0.405381 0.303750 0.354792 
0.440679 0.500000 0.397693 0.307728 0.352630 
0.440679 0.500000 0.391454 0.311014 0.350815 
0.440679 0.188868 0.386427 0.313694 0.349321 
0.440679 0.190565 0.463475 0.315862 0.348103 
0.440679 0.191993 0.484774 0.283544 0.347120 
0.440679 0.500000 0.492304 0.274971 0.361909 
0.440679 0.500000 0.482198 0.271979 0.365878 
0.440679 0.500000 0.468639 0.275999 0.367268 
0.440679 0.268941 0.268941 0.500000 0.500000 
0.440679 0.292886 0.364064 0.368680 0.500000 
0.440679 0.266477 0.424485 0.325606 0.323582 
0.440679 0.235247 0.460561 0.299649 0.342717 
0.440679 0.208546 0.480017 0.284729 0.354504 
0.440679 0.189092 0.489688 0.276872 0.361362 
0.440679 0.500000 0.494338 0.273016 0.364996 
0.440679 0.500000 0.485634 0.271174 0.366786 
0.440679 0.500000 0.472935 0.274628 0.367642 
0.440679 0.500000 0.458140 0.279716 0.366037 
0.440679 0.500000 0.443297 0.285716 0.363679 
0.440679 0.500000 0.429701 0.291813 0.360906 
0.440679 0.500000 0.417903 0.297464 0.358099 
0.440679 0.500000 0.407989 0.302419 0.355505 
0.440679 0.500000 0.399823 0.306618 0.353238 
0.440679 0.500000 0.393177 0.310101 0.351321 
0.440679 0.500000 0.387812 0.312952 0.349735 
0.440679 0.500000 0.383504 0.315264 0.348440 
0.440679 0.500000 0.380057 0.317127 0.347391 
0.440679 0.500000 0.377305 0.318622 0.346547 
0.440679 0.500000 0.375112 0.319818 0.345870 
0.440679 0.500000 0.373366 0.320773 0.345329 
0.440679 0.500000 0.371978 0.321534 0.344897 
0.440679 0.500000 0.370875 0.322140 0.344553 
0.440679 0.500000 0.369998 0.322622 0.344280 
0.440679 0.500000 0.369302 0.323005 0.344062 
0.440679 0.500000 0.368750 0.323309 0.343889 
0.440679 0.500000 0.368312 0.323551 0.343752 
0.440679 0.500000 0.367964 0.323743 0.343643 
0.440679 0.500000 0.367688 0.323895 0.343556 
0.440679 0.500000 0.367469 0.324016 0.343488 
0.440679 0.500000 0.367295 0.324112 0.343433 
0.440679 0.500000 0.367157 0.324188 0.343390 
0.440679 0.500000 0.367048 0.324249 0.343355 
0.440679 0.500000 0.366961 0.324297 0.343328 
0.440679 0.500000 0.366893 0.324335 0.343307 
0.440679 0.500000 0.366838 0.324365 0.343290 
0.440679 0.500000 0.366795 0.324389 0.343276 
0.440679 0.500000 0.366761 0.324408 0.343265 
0.440679 0.500000 0.366733 0.324423 0.343257 
0.440679 0.500000 0.366712 0.324434 0.343250 
0.440679 0.500000 0.366695 0.324444 0.343244 
0.440679 0.500000 0.366681 0.324451 0.343240 
0.440679 0.500000 0.366670 0.324457 0.343237 
0.440679 0.500000 0.366662 0.324462 0.343234 
0.440679 0.500000 0.366655 0.324466 0.343232 
0.440679 0.500000 0.366650 0.324469 0.343230 
0.440679 0.500000 0.366645 0.324471 0.343229 
0.440679 0.500000 0.366642 0.324473 0.343228 
0.440679 0.500000 0.366639 0.324475 0.343227 
0.440679 0.500000 0.366637 0.324476 0.343226 
0.440679 0.500000 0.366635 0.324477 0.343226 
0.440679 0.500000 0.366634 0.324477 0.343225 
0.440679 0.500000 0.366633 0.324478 0.343225 
0.440679 0.500000 0.366632 0.324478 0.343225 
0.440679 0.500000 0.366632 0.324479 0.343225 
0.440679 0.500000 0.366631 0.324479 0.343224 
0.440679 0.500000 0.366631 0.324479 0.343224 
0.440679 0.500000 0.366630 0.324479 0.343224 
0.440679 0.500000 0.366630 0.324480 0.343224 
0.440679 0.500000 0.366630 0.324480 0.343224 
0.440679 0.500000 0.366630 0.324480 0.343224 
0.440679 0.500000 0.366630 0.324480 0.343224 
0.440679 0.500000 0.366629 0.324480 0.343224 
0.440679 0.500000 0.366629 0.324480 0.343224 
0.440679 0.500000 0.366629 0.324480 0.343224 
0.440679 0.500000 0.366629 0.324480 0.343224 
0.440679 0.500000 0.366629 0.324480 0.343224 
0.440679 0.500000 0.366629 0.324480 0.343224 
0.440679 0.500000 0.366629 0.324480 0.343224 
0.440679 0.500000 0.366629 0.324480 0.343224 
0.440679 0.500000 0.366629 0.324480 0.343224 
0.440679 0.500000 0.366629 0.324480 0.343224 
0.440679 0.500000 0.366629 0.324480 0.343224 
0.440679 0.500000 0.366629 0.324480 0.343224 
0.440679 0.500000 0.366629 0.324480 0.343224 
0.440679 0.500000 0.366629 0.324480 0.343224 
0.440679 0.500000 0.366629 0.324480 0.343224 
0.440679 0.500000 0.366629 0.324480 0.343224 
0.440679 0.500000 0.366629 0.324480 0.343224 
0.440679 0.500000 0.366629 0.324480 0.343224 
0.440679 0.500000 0.366629 0.324480 0.343224 
0.440679 0.500000 0.366629 0.324480 0.343224 
0.440679 0.500000 0.366629 0.324480 0.343224 
0.440679 0.500000 0.366629 0.324480 0.343224 
0.440679 0.500000 0.366629 0.324480 0.343224 
0.440679 0.500000 0.366629 0.324480 0.343224 
0.440679 0.500000 0.366629 0.324480 0.343224 
0.440679 0.500000 0.366629 0.324480 0.343224 
0.440679 0.500000 0.366629 0.324480 0.343224 
0.440679 0.500000 0.366629 0.324480 0.343224 
0.440679 0.500000 0.366629 0.324480 0.343224 
0.440679 0.500000 0.366629 0.324480 0.343224 
0.440679 0.500000 0.366629 0.324480 0.343224 
0.440679 0.500000 0.366629 0.324480 0.343224 
0.440679 0.500000 0.366629 0.324480 0.343224 
0.440679 0.500000 0.366629 0.324480 0.343224 
0.440679 0.500000 0.366629 0.324480 0.343224 
0.440679 0.500000 0.366629 0.324480 0.343224 
0.440679 0.500000 0.366629 0.324480 0.343224 
0.440679 0.268941 0.268941 0.500000 0.500000 
0.440679 0.292886 0.364064 0.368680 0.500000 
0.440679 0.257279 0.424485 0.325606 0.323582 
0.440679 0.233639 0.462166 0.299649 0.342717 
0.440679 0.219167 0.480772 0.284076 0.354504 
0.440679 0.210503 0.489374 0.276569 0.361663 
0.440679 0.205856 0.493446 0.273140 0.365137 
0.440679 0.203525 0.495489 0.271527 0.366728 
0.440679 0.202380 0.496587 0.270719 0.367478 
0.440679 0.201813 0.497217 0.270286 0.367853 
0.440679 0.201522 0.497598 0.270037 0.368055 
0.440679 0.201365 0.497838 0.269887 0.368170 
0.440679 0.201276 0.497994 0.269793 0.368240 
0.440679 0.201223 0.498098 0.269731 0.368284 
0.440679 0.201190 0.498168 0.269690 0.368313 
0.440679 0.201169 0.498216 0.269662 0.368332 
0.440679 0.201155 0.498249 0.269643 0.368345 
0.440679 0.201145 0.498273 0.269630 0.368353 
0.440679 0.201138 0.498289 0.269621 0.368360 
0.440679 0.201134 0.498300 0.269615 0.368364 
0.440679 0.201131 0.498308 0.269610 0.368367 
0.440679 0.201129 0.498314 0.269607 0.368369 
0.440679 0.201127 0.498318 0.269605 0.368370 
0.440679 0.201126 0.498320 0.269604 0.368371 
0.440679 0.201125 0.498322 0.269602 0.368372 
0.440679 0.201125 0.498324 0.269602 0.368373 
0.440679 0.201124 0.498325 0.269601 0.368373 
0.440679 0.201124 0.498325 0.269601 0.368373 
0.440679 0.201124 0.498326 0.269600 0.368373 
0.440679 0.201124 0.498326 0.269600 0.368373 
0.440679 0.201124 0.498326 0.269600 0.368374 
0.440679 0.201124 0.498327 0.269600 0.368374 
0.440679 0.201124 0.498327 0.269600 0.368374 
0.440679 0.201124 0.498327 0.269600 0.368374 
0.440679 0.201124 0.498327 0.269600 0.368374 
0.440679 0.201123 0.498327 0.269600 0.368374 
0.440679 0.201123 0.498327 0.269600 0.368374 
0.440679 0.201123 0.498327 0.269600 0.368374 
0.440679 0.201123 0.498327 0.269600 0.368374 
0.440679 0.201123 0.498327 0.269600 0.368374 
0.440679 0.201123 0.498327 0.269600 0.368374 
0.440679 0.201123 0.498327 0.269600 0.368374 
0.440679 0.201123 0.498327 0.269600 0.368374 
0.440679 0.201123 0.498327 0.269600 0.368374 
0.440679 0.201123 0.498327 0.269600 0.368374 
0.440679 0.201123 0.498327 0.269600 0.368374 
0.440679 0.201123 0.498327 0.269600 0.368374 
0.440679 0.201123 0.498327 0.269600 0.368374 
0.440679 0.201123 0.498327 0.269600 0.368374 
0.440679 0.201123 0.498327 0.269600 0.368374 
0.440679 0.201123 0.498327 0.269600 0.368374 
0.440679 0.201123 0.498327 0.269600 0.368374 
0.440679 0.201123 0.498327 0.269600 0.368374 
0.440679 0.201123 0.498327 0.269600 0.368374 
0.440679 0.201123 0.498327 0.269600 0.368374 
0.440679 0.201123 0.498327 0.269600 0.368374 
0.440679 0.201123 0.498327 0.269600 0.368374 
0.440679 0.201123 0.498327 0.269600 0.368374 
0.440679 0.201123 0.498327 0.269600 0.368374 
0.440679 0.201123 0.498327 0.269600 0.368374 
0.440679 0.201123 0.498327 0.269600 0.368374 
0.440679 0.201123 0.498327 0.269600 0.368374 
0.440679 0.201123 0.498327 0.269600 0.368374 
0.440679 0.201123 0.498327 0.269600 0.368374 
0.440679 0.201123 0.498327 0.269600 0.368374 
0.440679 0.201123 0.498327 0.269600 0.368374 
0.440679 0.201123 0.498327 0.269600 0.368374 
0.440679 0.201123 0.498327 0.269600 0.368374 
0.440679 0.201123 0.498327 0.269600 0.368374 
0.440679 0.201123 0.498327 0.269600 0.368374 
0.440679 0.201123 0.498327 0.269600 0.368374 
0.440679 0.201123 0.498327 0.269600 0.368374 
0.440679 0.201123 0.498327 0.269600 0.368374 
0.440679 0.201123 0.498327 0.269600 0.368374 
0.440679 0.201123 0.498327 0.269600 0.368374 
0.440679 0.201123 0.498327 0.269600 0.368374 
0.440679 0.201123 0.498327 0.269600 0.368374 
0.440679 0.201123 0.498327 0.269600 0.368374 
0.440679 0.201123 0.498327 0.269600 0.368374 
0.440679 0.201123 0.498327 0.269600 0.368374 
0.440679 0.201123 0.498327 0.269600 0.368374 
0.440679 0.201123 0.498327 0.269600 0.368374 
0.440679 0.201123 0.498327 0.269600 0.368374 
0.440679 0.201123 0.498327 0.269600 0.368374 
0.440679 0.201123 0.498327 0.269600 0.368374 
0.440679 0.201123 0.498327 0.269600 0.368374 
0.440679 0.201123 0.498327 0.269600 0.368374 
0.440679 0.201123 0.498327 0.269600 0.368374 
0.440679 0.201123 0.498327 0.269600 0.368374 
0.440679 0.201123 0.498327 0.269600 0.368374 
0.440679 0.201123 0.498327 0.269600 0.368374 
0.440679 0.201123 0.498327 0.269600 0.368374 
0.440679 0.201123 0.498327 0.269600 0.368374 
0.440679 0.201123 0.498327 0.269600 0.368374 
0.440679 0.201123 0.498327 0.269600 0.368374 
0.440679 0.201123 0.498327 0.269600 0.368374 
0.440679 0.201123 0.498327 0.269600 0.368374 
0.440679 0.201123 0.498327 0.269600 0.368374 
0.440679 0.201123 0.498327 0.269600 0.368374 
0.440679 0.201123 0.498327 0.269600 0.368374 
0.440679 0.268941 0.268941 0.500000 0.500000 
0.440679 0.292886 0.364064 0.368680 0.500000 
0.440679 0.252201 0.424485 0.325606 0.323582 
0.440679 0.226112 0.463042 0.299649 0.342717 
0.440679 0.210583 0.481818 0.283720 0.354504 
0.440679 0.201361 0.490269 0.276151 0.361828 
0.440679 0.196487 0.494160 0.272785 0.365331 
0.440679 0.194088 0.496065 0.271244 0.366893 
0.440679 0.192935 0.497070 0.270492 0.367609 
0.440679 0.192376 0.497637 0.270095 0.367959 
0.440679 0.192095 0.497976 0.269872 0.368143 
0.440679 0.191947 0.498188 0.269738 0.368247 
0.440679 0.191864 0.498325 0.269655 0.368309 
0.440679 0.191815 0.498416 0.269601 0.368348 
0.440679 0.191785 0.498477 0.269565 0.368373 
0.440679 0.191766 0.498519 0.269541 0.368390 
0.440679 0.191753 0.498548 0.269524 0.368401 
0.440679 0.191745 0.498568 0.269513 0.368409 
0.440679 0.191739 0.498582 0.269505 0.368414 
0.440679 0.191735 0.498592 0.269499 0.368418 
0.440679 0.191732 0.498599 0.269496 0.368421 
0.440679 0.191730 0.498603 0.269493 0.368422 
0.440679 0.191729 0.498607 0.269491 0.368424 
0.440679 0.191728 0.498609 0.269490 0.368424 
0.440679 0.191727 0.498611 0.269489 0.368425 
0.440679 0.191727 0.498612 0.269488 0.368425 
0.440679 0.191727 0.498613 0.269488 0.368426 
0.440679 0.191726 0.498613 0.269487 0.368426 
0.440679 0.191726 0.498614 0.269487 0.368426 
0.440679 0.191726 0.498614 0.269487 0.368426 
0.440679 0.191726 0.498614 0.269487 0.368426 
0.440679 0.191726 0.498614 0.269487 0.368426 
0.440679 0.191726 0.498615 0.269487 0.368426 
0.440679 0.191726 0.498615 0.269487 0.368426 
0.440679 0.191726 0.498615 0.269487 0.368426 
0.440679 0.191726 0.498615 0.269487 0.368426 
0.440679 0.191726 0.498615 0.269487 0.368427 
0.440679 0.191726 0.498615 0.269487 0.368427 
0.440679 0.191726 0.498615 0.269487 0.368427 
0.440679 0.191726 0.498615 0.269486 0.368427 
0.440679 0.191726 0.498615 0.269486 0.368427 
0.440679 0.191726 0.498615 0.269486 0.368427 
0.440679 0.191726 0.498615 0.269486 0.368427 
0.440679 0.191726 0.498615 0.269486 0.368427 
0.440679 0.191726 0.498615 0.269486 0.368427 
0.440679 0.191726 0.498615 0.269486 0.368427 
0.440679 0.191726 0.498615 0.269486 0.368427 
0.440679 0.191726 0.498615 0.269486 0.368427 
0.440679 0.191726 0.498615 0.269486 0.368427 
0.440679 0.191726 0.498615 0.269486 0.368427 
0.440679 0.191726 0.498615 0.269486 0.368427 
0.440679 0.191726 0.498615 0.269486 0.368427 
0.440679 0.191726 0.498615 0.269486 0.368427 
0.440679 0.191726 0.498615 0.269486 0.368427 
0.440679 0.191726 0.498615 0.269486 0.368427 
0.440679 0.191726 0.498615 0.269486 0.368427 
0.440679 0.191726 0.498615 0.269486 0.368427 
0.440679 0.191726 0.498615 0.269486 0.368427 
0.440679 0.191726 0.498615 0.269486 0.368427 
0.440679 0.191726 0.498615 0.269486 0.368427 
0.440679 0.191726 0.498615 0.269486 0.368427 
0.440679 0.191726 0.498615 0.269486 0.368427 
0.440679 0.191726 0.498615 0.269486 0.368427 
0.440679 0.191726 0.498615 0.269486 0.368427 
0.440679 0.191726 0.498615 0.269486 0.368427 
0.440679 0.191726 0.498615 0.269486 0.368427 
0.440679 0.191726 0.498615 0.269486 0.368427 
0.440679 0.191726 0.498615 0.269486 0.368427 
0.440679 0.191726 0.498615 0.269486 0.368427 
0.440679 0.191726 0.498615 0.269486 0.368427 
0.440679 0.191726 0.498615 0.269486 0.368427 
0.440679 0.191726 0.498615 0.269486 0.368427 
0.440679 0.191726 0.498615 0.269486 0.368427 
0.440679 0.191726 0.498615 0.269486 0.368427 
0.440679 0.191726 0.498615 0.269486 0.368427 
0.440679 0.191726 0.498615 0.269486 0.368427 
0.440679 0.191726 0.498615 0.269486 0.368427 
0.440679 0.191726 0.498615 0.269486 0.368427 
0.440679 0.191726 0.498615 0.269486 0.368427 
0.440679 0.191726 0.498615 0.269486 0.368427 
0.440679 0.191726 0.498615 0.269486 0.368427 
0.440679 0.191726 0.498615 0.269486 0.368427 
0.440679 0.191726 0.498615 0.269486 0.368427 
0.440679 0.191726 0.498615 0.269486 0.368427 
0.440679 0.191726 0.498615 0.269486 0.368427 
0.440679 0.191726 0.498615 0.269486 0.368427 
0.440679 0.191726 0.498615 0.269486 0.368427 
0.440679 0.191726 0.498615 0.269486 0.368427 
0.440679 0.191726 0.498615 0.269486 0.368427 
0.440679 0.191726 0.498615 0.269486 0.368427 
0.440679 0.191726 0.498615 0.269486 0.368427 
0.440679 0.191726 0.498615 0.269486 0.368427 
0.440679 0.191726 0.498615 0.269486 0.368427 
0.440679 0.191726 0.498615 0.269486 0.368427 
0.440679 0.191726 0.498615 0.269486 0.368427 
0.440679 0.191726 0.498615 0.269486 0.368427 
0.440679 0.191726 0.498615 0.269486 0.368427 
0.440679 0.191726 0.498615 0.269486 0.368427 
0.440679 0.191726 0.498615 0.269486 0.368427 
0.440679 0.191726 0.498615 0.269486 0.368427 
0.440679 0.268941 0.268941 0.500000 0.500000 
0.440679 0.292886 0.364064 0.368680 0.500000 
0.440679 0.256696 0.424485 0.325606 0.323582 
0.440679 0.225202 0.462267 0.299649 0.342717 
0.440679 0.203393 0.481628 0.284035 0.354504 
0.440679 0.189562 0.490582 0.276227 0.361682 
0.440679 0.500000 0.494681 0.272661 0.365295 
0.440679 0.500000 0.486248 0.271038 0.366951 
0.440679 0.500000 0.473735 0.274383 0.367705 
0.440679 0.500000 0.458999 0.279394 0.366151 
0.440679 0.500000 0.444115 0.285366 0.363828 
0.440679 0.500000 0.430428 0.291475 0.361068 
0.440679 0.500000 0.418522 0.297160 0.358254 
0.440679 0.500000 0.408504 0.302158 0.355644 
0.440679 0.500000 0.400244 0.306399 0.353357 
0.440679 0.500000 0.393518 0.309921 0.351421 
0.440679 0.188189 0.388087 0.312805 0.349817 
0.440679 0.189990 0.464135 0.315145 0.348506 
0.440679 0.191514 0.485047 0.283276 0.347445 
0.440679 0.500000 0.492428 0.274862 0.362033 
0.440679 0.500000 0.482399 0.271929 0.365929 
0.440679 0.500000 0.468883 0.275918 0.367290 
0.440679 0.500000 0.453894 0.281352 0.365438 
0.440679 0.500000 0.439308 0.287453 0.362922 
0.440679 0.500000 0.426188 0.293465 0.360106 
0.440679 0.500000 0.414924 0.298935 0.357340 
0.440679 0.500000 0.405522 0.303677 0.354831 
0.440679 0.500000 0.397808 0.307668 0.352663 
0.440679 0.500000 0.391547 0.310964 0.350843 
0.440679 0.188837 0.386502 0.313653 0.349343 
0.440679 0.190538 0.463505 0.315830 0.348122 
0.440679 0.191972 0.484786 0.283532 0.347134 
0.440679 0.500000 0.492309 0.274966 0.361915 
0.440679 0.500000 0.482207 0.271976 0.365880 
0.440679 0.500000 0.468650 0.275995 0.367269 
0.440679 0.500000 0.453655 0.281446 0.365403 
0.440679 0.500000 0.439086 0.287551 0.362879 
0.440679 0.500000 0.425993 0.293557 0.360060 
0.440679 0.500000 0.414760 0.299016 0.357297 
0.440679 0.500000 0.405387 0.303746 0.354794 
0.440679 0.500000 0.397698 0.307726 0.352631 
0.440679 0.500000 0.391458 0.311011 0.350817 
0.440679 0.188867 0.386430 0.313692 0.349322 
0.440679 0.190564 0.463477 0.315861 0.348104 
0.440679 0.191992 0.484775 0.283543 0.347120 
0.440679 0.500000 0.492304 0.274970 0.361909 
0.440679 0.500000 0.482199 0.271978 0.365878 
0.440679 0.500000 0.468640 0.275999 0.367268 
0.440679 0.500000 0.453644 0.281450 0.365401 
0.440679 0.500000 0.439075 0.287555 0.362877 
0.440679 0.500000 0.425985 0.293561 0.360058 
0.440679 0.500000 0.414753 0.299020 0.357295 
0.440679 0.500000 0.405381 0.303750 0.354792 
0.440679 0.500000 0.397693 0.307728 0.352630 
0.440679 0.500000 0.391454 0.311013 0.350816 
0.440679 0.188868 0.386427 0.313693 0.349321 
0.440679 0.190565 0.463475 0.315862 0.348103 
0.440679 0.191993 0.484774 0.283544 0.347120 
0.440679 0.500000 0.492304 0.274971 0.361909 
0.440679 0.500000 0.482198 0.271979 0.365878 
0.440679 0.500000 0.468639 0.275999 0.367268 
0.440679 0.500000 0.453643 0.281450 0.365401 
0.440679 0.500000 0.439075 0.287555 0.362877 
0.440679 0.500000 0.425984 0.293561 0.360058 
0.440679 0.500000 0.414753 0.299020 0.357295 
0.440679 0.500000 0.405381 0.303750 0.354792 
0.440679 0.500000 0.397693 0.307728 0.352630 
0.440679 0.500000 0.391454 0.311014 0.350815 
0.440679 0.188868 0.386427 0.313694 0.349321 
0.440679 0.190565 0.463475 0.315862 0.348103 
0.440679 0.191993 0.484774 0.283544 0.347120 
0.440679 0.500000 0.492304 0.274971 0.361909 
0.440679 0.500000 0.482198 0.271979 0.365878 
0.440679 0.500000 0.468639 0.275999 0.367268 
0.440679 0.500000 0.453643 0.281450 0.365401 
0.440679 0.500000 0.439075 0.287555 0.362877 
0.440679 0.500000 0.425984 0.293561 0.360058 
0.440679 0.500000 0.414753 0.299020 0.357295 
0.440679 0.500000 0.405381 0.303750 0.354792 
0.440679 0.500000 0.397693 0.307728 0.352630 
0.440679 0.500000 0.391454 0.311014 0.350815 
0.440679 0.188868 0.386427 0.313694 0.349321 
0.440679 0.190565 0.463475 0.315862 0.348103 
0.440679 0.191993 0.484774 0.283544 0.347120 
0.440679 0.500000 0.492304 0.274971 0.361909 
0.440679 0.500000 0.482198 0.271979 0.365878 
0.440679 0.500000 0.468639 0.275999 0.367268 
0.440679 0.500000 0.453643 0.281450 0.365401 
0.440679 0.500000 0.439075 0.287555 0.362877 
0.440679 0.500000 0.425984 0.293561 0.360058 
0.440679 0.500000 0.414753 0.299020 0.357295 
0.440679 0.500000 0.405381 0.303750 0.354792 
0.440679 0.500000 0.397693 0.307728 0.352630 
0.440679 0.500000 0.391454 0.311014 0.350815 
0.440679 0.188868 0.386427 0.313694 0.349321 
0.440679 0.190565 0.463475 0.315862 0.348103 
0.440679 0.191993 0.484774 0.283544 0.347120 
0.440679 0.500000 0.492304 0.274971 0.361909 
0.440679 0.500000 0.482198 0.271979 0.365878 
0.440679 0.500000 0.468639 0.275999 0.367268 
0.440679 0.268941 0.268941 0.500000 0.500000 
0.440679 0.292886 0.364064 0.368680 0.500000 
0.440679 0.263561 0.424485 0.325606 0.323582 
0.440679 0.226793 0.461073 0.299649 0.342717 
0.440679 0.194719 0.481048 0.284521 0.354504 
0.440679 0.500000 0.490838 0.276459 0.361458 
0.440679 0.500000 0.479885 0.272559 0.365188 
0.440679 0.500000 0.465892 0.276924 0.366998 
0.440679 0.500000 0.450857 0.282563 0.364972 
0.440679 0.500000 0.436508 0.288698 0.362362 
0.440679 0.500000 0.423749 0.294627 0.359532 
0.440679 0.500000 0.412871 0.299958 0.356806 
0.440679 0.500000 0.403829 0.304546 0.354363 
0.440679 0.500000 0.396429 0.308390 0.352266 
0.440679 0.500000 0.390433 0.311555 0.350514 
0.440679 0.500000 0.385607 0.314133 0.349074 
0.440679 0.500000 0.381738 0.316217 0.347904 
0.440679 0.500000 0.378646 0.317892 0.346959 
0.440679 0.500000 0.376180 0.319234 0.346200 
0.440679 0.500000 0.374216 0.320307 0.345593 
0.440679 0.500000 0.372654 0.321163 0.345108 
0.440679 0.500000 0.371412 0.321845 0.344721 
0.440679 0.500000 0.370425 0.322387 0.344413 
0.440679 0.500000 0.369641 0.322818 0.344168 
0.440679 0.500000 0.369019 0.323161 0.343973 
0.440679 0.500000 0.368525 0.323433 0.343819 
0.440679 0.500000 0.368133 0.323650 0.343696 
0.440679 0.500000 0.367822 0.323821 0.343598 
0.440679 0.500000 0.367575 0.323957 0.343521 
0.440679 0.500000 0.367380 0.324065 0.343460 
0.440679 0.500000 0.367224 0.324151 0.343411 
0.440679 0.500000 0.367101 0.324219 0.343372 
0.440679 0.500000 0.367004 0.324273 0.343342 
0.440679 0.500000 0.366926 0.324316 0.343317 
0.440679 0.500000 0.366865 0.324350 0.343298 
0.440679 0.500000 0.366816 0.324377 0.343283 
0.440679 0.500000 0.366777 0.324398 0.343270 
0.440679 0.500000 0.366747 0.324415 0.343261 
0.440679 0.500000 0.366722 0.324429 0.343253 
0.440679 0.500000 0.366703 0.324439 0.343247 
0.440679 0.500000 0.366688 0.324448 0.343242 
0.440679 0.500000 0.366676 0.324454 0.343238 
0.440679 0.500000 0.366666 0.324460 0.343235 
0.440679 0.500000 0.366658 0.324464 0.343233 
0.440679 0.500000 0.366652 0.324467 0.343231 
0.440679 0.500000 0.366647 0.324470 0.343230 
0.440679 0.500000 0.366644 0.324472 0.343228 
0.440679 0.500000 0.366641 0.324474 0.343227 
0.440679 0.500000 0.366638 0.324475 0.343227 
0.440679 0.500000 0.366636 0.324476 0.343226 
0.440679 0.500000 0.366635 0.324477 0.343226 
0.440679 0.500000 0.366634 0.324478 0.343225 
0.440679 0.500000 0.366633 0.324478 0.343225 
0.440679 0.500000 0.366632 0.324479 0.343225 
0.440679 0.500000 0.366631 0.324479 0.343225 
0.440679 0.500000 0.366631 0.324479 0.343224 
0.440679 0.500000 0.366630 0.324479 0.343224 
0.440679 0.500000 0.366630 0.324480 0.343224 
0.440679 0.500000 0.366630 0.324480 0.343224 
0.440679 0.500000 0.366630 0.324480 0.343224 
0.440679 0.500000 0.366630 0.324480 0.343224 
0.440679 0.500000 0.366629 0.324480 0.343224 
0.440679 0.500000 0.366629 0.324480 0.343224 
0.440679 0.500000 0.366629 0.324480 0.343224 
0.440679 0.500000 0.366629 0.324480 0.343224 
0.440679 0.500000 0.366629 0.324480 0.343224 
0.440679 0.500000 0.366629 0.324480 0.343224 
0.440679 0.500000 0.366629 0.324480 0.343224 
0.440679 0.500000 0.366629 0.324480 0.343224 
0.440679 0.500000 0.366629 0.324480 0.343224 
0.440679 0.500000 0.366629 0.324480 0.343224 
0.440679 0.500000 0.366629 0.324480 0.343224 
0.440679 0.500000 0.366629 0.324480 0.343224 
0.440679 0.500000 0.366629 0.324480 0.343224 
0.440679 0.500000 0.366629 0.324480 0.343224 
0.440679 0.500000 0.366629 0.324480 0.343224 
0.440679 0.500000 0.366629 0.324480 0.343224 
0.440679 0.500000 0.366629 0.324480 0.343224 
0.440679 0.500000 0.366629 0.324480 0.343224 
0.440679 0.500000 0.366629 0.324480 0.343224 
0.440679 0.500000 0.366629 0.324480 0.343224 
0.440679 0.500000 0.366629 0.324480 0.343224 
0.440679 0.500000 0.366629 0.324480 0.343224 
0.440679 0.500000 0.366629 0.324480 0.343224 
0.440679 0.500000 0.366629 0.324480 0.343224 
0.440679 0.500000 0.366629 0.324480 0.343224 
0.440679 0.500000 0.366629 0.324480 0.343224 
0.440679 0.500000 0.366629 0.324480 0.343224 
0.440679 0.500000 0.366629 0.324480 0.343224 
0.440679 0.500000 0.366629 0.324480 0.343224 
0.440679 0.500000 0.366629 0.324480 0.343224 
0.440679 0.500000 0.366629 0.324480 0.343224 
0.440679 0.500000 0.366629 0.324480 0.343224 
0.440679 0.500000 0.366629 0.324480 0.343224 
0.440679 0.500000 0.366629 0.324480 0.343224 
0.440679 0.500000 0.366629 0.324480 0.343224 
0.440679 0.500000 0.366629 0.324480 0.343224 
0.440679 0.500000 0.366629 0.324480 0.343224 
0.440679 0.500000 0.366629 0.324480 0.343224 
0.440679 0.500000 0.366629 0.324480 0.343224 
0.440679 0.268941 0.268941 0.500000 0.500000 
0.440679 0.292886 0.364064 0.368680 0.500000 
0.440679 0.258969 0.424485 0.325606 0.323582 
0.440679 0.225337 0.461873 0.299649 0.342717 
0.440679 0.200139 0.481475 0.284195 0.354504 
0.440679 0.500000 0.490700 0.276288 0.361608 
0.440679 0.500000 0.479685 0.272614 0.365267 
0.440679 0.500000 0.465658 0.277004 0.366972 
0.440679 0.500000 0.450623 0.282658 0.364935 
0.440679 0.500000 0.436294 0.288794 0.362318 
0.440679 0.500000 0.423564 0.294716 0.359488 
0.440679 0.500000 0.412716 0.300036 0.356765 
0.440679 0.500000 0.403701 0.304612 0.354327 
0.440679 0.500000 0.396325 0.308444 0.352236 
0.440679 0.500000 0.390349 0.311600 0.350489 
0.440679 0.500000 0.385539 0.314169 0.349054 
0.440679 0.500000 0.381684 0.316246 0.347887 
0.440679 0.500000 0.378603 0.317916 0.346946 
0.440679 0.500000 0.376146 0.319253 0.346190 
0.440679 0.500000 0.374189 0.320322 0.345584 
0.440679 0.500000 0.372632 0.321175 0.345101 
0.440679 0.500000 0.371395 0.321854 0.344716 
0.440679 0.500000 0.370411 0.322395 0.344409 
0.440679 0.500000 0.369630 0.322824 0.344165 
0.440679 0.500000 0.369010 0.323166 0.343971 
0.440679 0.500000 0.368518 0.323437 0.343817 
0.440679 0.500000 0.368128 0.323653 0.343694 
0.440679 0.500000 0.367818 0.323824 0.343597 
0.440679 0.500000 0.367572 0.323959 0.343520 
0.440679 0.500000 0.367377 0.324067 0.343459 
0.440679 0.500000 0.367222 0.324152 0.343410 
0.440679 0.500000 0.367100 0.324220 0.343372 
0.440679 0.500000 0.367002 0.324274 0.343341 
0.440679 0.500000 0.366925 0.324317 0.343317 
0.440679 0.500000 0.366864 0.324350 0.343298 
0.440679 0.500000 0.366815 0.324377 0.343282 
0.440679 0.500000 0.366777 0.324399 0.343270 
0.440679 0.500000 0.366746 0.324415 0.343261 
0.440679 0.500000 0.366722 0.324429 0.343253 
0.440679 0.500000 0.366703 0.324439 0.343247 
0.440679 0.500000 0.366687 0.324448 0.343242 
0.440679 0.500000 0.366675 0.324455 0.343238 
0.440679 0.500000 0.366666 0.324460 0.343235 
0.440679 0.500000 0.366658 0.324464 0.343233 
0.440679 0.500000 0.366652 0.324467 0.343231 
0.440679 0.500000 0.366647 0.324470 0.343230 
0.440679 0.500000 0.366644 0.324472 0.343228 
0.440679 0.500000 0.366641 0.324474 0.343227 
0.440679 0.500000 0.366638 0.324475 0.343227 
0.440679 0.500000 0.366636 0.324476 0.343226 
0.440679 0.500000 0.366635 0.324477 0.343226 
0.440679 0.500000 0.366634 0.324478 0.343225 
0.440679 0.500000 0.366633 0.324478 0.343225 
0.440679 0.500000 0.366632 0.324479 0.343225 
0.440679 0.500000 0.366631 0.324479 0.343225 
0.440679 0.500000 0.366631 0.324479 0.343224 
0.440679 0.500000 0.366630 0.324479 0.343224 
0.440679 0.500000 0.366630 0.324480 0.343224 
0.440679 0.500000 0.366630 0.324480 0.343224 
0.440679 0.500000 0.366630 0.324480 0.343224 
0.440679 0.500000 0.366630 0.324480 0.343224 
0.440679 0.500000 0.366629 0.324480 0.343224 
0.440679 0.500000 0.366629 0.324480 0.343224 
0.440679 0.500000 0.366629 0.324480 0.343224 
0.440679 0.500000 0.366629 0.324480 0.343224 
0.440679 0.500000 0.366629 0.324480 0.343224 
0.440679 0.500000 0.366629 0.324480 0.343224 
0.440679 0.500000 0.366629 0.324480 0.343224 
0.440679 0.500000 0.366629 0.324480 0.343224 
0.440679 0.500000 0.366629 0.324480 0.343224 
0.440679 0.500000 0.366629 0.324480 0.343224 
0.440679 0.500000 0.366629 0.324480 0.343224 
0.440679 0.500000 0.366629 0.324480 0.343224 
0.440679 0.500000 0.366629 0.324480 0.343224 
0.440679 0.500000 0.366629 0.324480 0.343224 
0.440679 0.500000 0.366629 0.324480 0.343224 
0.440679 0.500000 0.366629 0.324480 0.343224 
0.440679 0.500000 0.366629 0.324480 0.343224 
0.440679 0.500000 0.366629 0.324480 0.343224 
0.440679 0.500000 0.366629 0.324480 0.343224 
0.440679 0.500000 0.366629 0.324480 0.343224 
0.440679 0.500000 0.366629 0.324480 0.343224 
0.440679 0.500000 0.366629 0.324480 0.343224 
0.440679 0.500000 0.366629 0.324480 0.343224 
0.440679 0.500000 0.366629 0.324480 0.343224 
0.440679 0.500000 0.366629 0.324480 0.343224 
0.440679 0.500000 0.366629 0.324480 0.343224 
0.440679 0.500000 0.366629 0.324480 0.343224 
0.440679 0.500000 0.366629 0.324480 0.343224 
0.440679 0.500000 0.366629 0.324480 0.343224 
0.440679 0.500000 0.366629 0.324480 0.343224 
0.440679 0.500000 0.366629 0.324480 0.343224 
0.440679 0.500000 0.366629 0.324480 0.343224 
0.440679 0.500000 0.366629 0.324480 0.343224 
0.440679 0.500000 0.366629 0.324480 0.343224 
0.440679 0.500000 0.366629 0.324480 0.343224 
0.440679 0.500000 0.366629 0.324480 0.343224 
0.440679 0.500000 0.366629 0.324480 0.343224 
0.440679 0.500000 0.366629 0.324480 0.343224 
0.440679 0.500000 0.366629 0.324480 0.343224 
0.440679 0.268941 0.268941 0.500000 0.500000 
0.440679 0.292886 0.364064 0.368680 0.500000 
0.440679 0.256696 0.424485 0.325606 0.323582 
0.440679 0.225202 0.462267 0.299649 0.342717 
0.440679 0.203393 0.481628 0.284035 0.354504 
0.440679 0.189562 0.490582 0.276227 0.361682 
0.440679 0.500000 0.494681 0.272661 0.365295 
0.440679 0.500000 0.486248 0.271038 0.366951 
0.440679 0.500000 0.473735 0.274383 0.367705 
0.440679 0.500000 0.458999 0.279394 0.366151 
0.440679 0.500000 0.444115 0.285366 0.363828 
0.440679 0.500000 0.430428 0.291475 0.361068 
0.440679 0.500000 0.418522 0.297160 0.358254 
0.440679 0.500000 0.408504 0.302158 0.355644 
0.440679 0.500000 0.400244 0.306399 0.353357 
0.440679 0.500000 0.393518 0.309921 0.351421 
0.440679 0.188189 0.388087 0.312805 0.349817 
0.440679 0.189990 0.464135 0.315145 0.348506 
0.440679 0.191514 0.485047 0.283276 0.347445 
0.440679 0.500000 0.492428 0.274862 0.362033 
0.440679 0.500000 0.482399 0.271929 0.365929 
0.440679 0.500000 0.468883 0.275918 0.367290 
0.440679 0.500000 0.453894 0.281352 0.365438 
0.440679 0.500000 0.439308 0.287453 0.362922 
0.440679 0.500000 0.426188 0.293465 0.360106 
0.440679 0.500000 0.414924 0.298935 0.357340 
0.440679 0.500000 0.405522 0.303677 0.354831 
0.440679 0.500000 0.397808 0.307668 0.352663 
0.440679 0.500000 0.391547 0.310964 0.350843 
0.440679 0.188837 0.386502 0.313653 0.349343 
0.440679 0.190538 0.463505 0.315830 0.348122 
0.440679 0.191972 0.484786 0.283532 0.347134 
0.440679 0.500000 0.492309 0.274966 0.361915 
0.440679 0.500000 0.482207 0.271976 0.365880 
0.440679 0.500000 0.468650 0.275995 0.367269 
0.440679 0.500000 0.453655 0.281446 0.365403 
0.440679 0.500000 0.439086 0.287551 0.362879 
0.440679 0.500000 0.425993 0.293557 0.360060 
0.440679 0.500000 0.414760 0.299016 0.357297 
0.440679 0.500000 0.405387 0.303746 0.354794 
0.440679 0.500000 0.397698 0.307726 0.352631 
0.440679 0.500000 0.391458 0.311011 0.350817 
0.440679 0.188867 0.386430 0.313692 0.349322 
0.440679 0.190564 0.463477 0.315861 0.348104 
0.440679 0.191992 0.484775 0.283543 0.347120 
0.440679 0.500000 0.492304 0.274970 0.361909 
0.440679 0.500000 0.482199 0.271978 0.365878 
0.440679 0.500000 0.468640 0.275999 0.367268 
0.440679 0.500000 0.453644 0.281450 0.365401 
0.440679 0.500000 0.439075 0.287555 0.362877 
0.440679 0.500000 0.425985 0.293561 0.360058 
0.440679 0.500000 0.414753 0.299020 0.357295 
0.440679 0.500000 0.405381 0.303750 0.354792 
0.440679 0.500000 0.397693 0.307728 0.352630 
0.440679 0.500000 0.391454 0.311013 0.350816 
0.440679 0.188868 0.386427 0.313693 0.349321 
0.440679 0.190565 0.463475 0.315862 0.348103 
0.440679 0.191993 0.484774 0.283544 0.347120 
0.440679 0.500000 0.492304 0.274971 0.361909 
0.440679 0.500000 0.482198 0.271979 0.365878 
0.440679 0.500000 0.468639 0.275999 0.367268 
0.440679 0.500000 0.453643 0.281450 0.365401 
0.440679 0.500000 0.439075 0.287555 0.362877 
0.440679 0.500000 0.425984 0.293561 0.360058 
0.440679 0.500000 0.414753 0.299020 0.357295 
0.440679 0.500000 0.405381 0.303750 0.354792 
0.440679 0.500000 0.397693 0.307728 0.352630 
0.440679 0.500000 0.391454 0.311014 0.350815 
0.440679 0.188868 0.386427 0.313694 0.349321 
0.440679 0.190565 0.463475 0.315862 0.348103 
0.440679 0.191993 0.484774 0.283544 0.347120 
0.440679 0.500000 0.492304 0.274971 0.361909 
0.440679 0.500000 0.482198 0.271979 0.365878 
0.440679 0.500000 0.468639 0.275999 0.367268 
0.440679 0.500000 0.453643 0.281450 0.365401 
0.440679 0.500000 0.439075 0.287555 0.362877 
0.440679 0.500000 0.425984 0.293561 0.360058 
0.440679 0.500000 0.414753 0.299020 0.357295 
0.440679 0.500000 0.405381 0.303750 0.354792 
0.440679 0.500000 0.397693 0.307728 0.352630 
0.440679 0.500000 0.391454 0.311014 0.350815 
0.440679 0.188868 0.386427 0.313694 0.349321 
0.440679 0.190565 0.463475 0.315862 0.348103 
0.440679 0.191993 0.484774 0.283544 0.347120 
0.440679 0.500000 0.492304 0.274971 0.361909 
0.440679 0.500000 0.482198 0.271979 0.365878 
0.440679 0.500000 0.468639 0.275999 0.367268 
0.440679 0.500000 0.453643 0.281450 0.365401 
0.440679 0.500000 0.439075 0.287555 0.362877 
0.440679 0.500000 0.425984 0.293561 0.360058 
0.440679 0.500000 0.414753 0.299020 0.357295 
0.440679 0.500000 0.405381 0.303750 0.354792 
0.440679 0.500000 0.397693 0.307728 0.352630 
0.440679 0.500000 0.391454 0.311014 0.350815 
0.440679 0.188868 0.386427 0.313694 0.349321 
0.440679 0.190565 0.463475 0.315862 0.348103 
0.440679 0.191993 0.484774 0.283544 0.347120 
0.440679 0.500000 0.492304 0.274971 0.361909 
0.440679 0.500000 0.482198 0.271979 0.365878 
0.440679 0.500000 0.468639 0.275999 0.367268 
0.440679 0.268941 0.268941 0.500000 0.500000 
0.440679 0.292886 0.364064 0.368680 0.500000 
0.440679 0.254440 0.424485 0.325606 0.323582 
0.440679 0.225459 0.462656 0.299649 0.342717 
0.440679 0.206905 0.481743 0.283877 0.354504 
0.440679 0.195595 0.490437 0.276181 0.361755 
0.440679 0.189285 0.494424 0.272718 0.365317 
0.440679 0.500000 0.496354 0.271140 0.366924 
0.440679 0.500000 0.489430 0.270377 0.367657 
0.440679 0.500000 0.478079 0.273118 0.368012 
0.440679 0.500000 0.463807 0.277648 0.366738 
0.440679 0.500000 0.448783 0.283409 0.364637 
0.440679 0.500000 0.434619 0.289551 0.361971 
0.440679 0.189575 0.422116 0.295413 0.359139 
0.440679 0.192170 0.474048 0.300644 0.356445 
0.440679 0.194673 0.488341 0.279268 0.354049 
0.440679 0.189783 0.493582 0.273551 0.363886 
0.440679 0.500000 0.495956 0.271473 0.366537 
0.440679 0.500000 0.488640 0.270535 0.367503 
0.440679 0.500000 0.476965 0.273432 0.367939 
0.440679 0.500000 0.462550 0.278095 0.366592 
0.440679 0.500000 0.447548 0.283920 0.364429 
0.440679 0.500000 0.433502 0.290059 0.361735 
0.440679 0.189795 0.421154 0.295878 0.358905 
0.440679 0.192387 0.473736 0.301049 0.356232 
0.440679 0.194874 0.488216 0.279394 0.353864 
0.440679 0.189894 0.493524 0.273600 0.363828 
0.440679 0.500000 0.495927 0.271496 0.366514 
0.440679 0.500000 0.488584 0.270546 0.367492 
0.440679 0.500000 0.476887 0.273454 0.367934 
0.440679 0.500000 0.462462 0.278126 0.366582 
0.440679 0.500000 0.447462 0.283956 0.364415 
0.440679 0.500000 0.433425 0.290095 0.361719 
0.440679 0.189810 0.421088 0.295910 0.358889 
0.440679 0.192402 0.473714 0.301077 0.356217 
0.440679 0.194888 0.488207 0.279402 0.353851 
0.440679 0.189901 0.493520 0.273604 0.363824 
0.440679 0.500000 0.495925 0.271497 0.366512 
0.440679 0.500000 0.488580 0.270547 0.367491 
0.440679 0.500000 0.476882 0.273456 0.367933 
0.440679 0.500000 0.462456 0.278129 0.366581 
0.440679 0.500000 0.447456 0.283958 0.364414 
0.440679 0.500000 0.433420 0.290097 0.361718 
0.440679 0.189812 0.421083 0.295912 0.358888 
0.440679 0.192404 0.473712 0.301079 0.356216 
0.440679 0.194889 0.488206 0.279403 0.353850 
0.440679 0.189902 0.493519 0.273604 0.363824 
0.440679 0.500000 0.495925 0.271497 0.366512 
0.440679 0.500000 0.488579 0.270547 0.367491 
0.440679 0.500000 0.476881 0.273456 0.367933 
0.440679 0.500000 0.462455 0.278129 0.366581 
0.440679 0.500000 0.447456 0.283958 0.364414 
0.440679 0.500000 0.433419 0.290097 0.361718 
0.440679 0.189812 0.421083 0.295913 0.358888 
0.440679 0.192404 0.473712 0.301079 0.356216 
0.440679 0.194889 0.488206 0.279403 0.353850 
0.440679 0.189902 0.493519 0.273604 0.363824 
0.440679 0.500000 0.495925 0.271497 0.366512 
0.440679 0.500000 0.488579 0.270547 0.367491 
0.440679 0.500000 0.476881 0.273456 0.367933 
0.440679 0.500000 0.462455 0.278129 0.366581 
0.440679 0.500000 0.447456 0.283958 0.364414 
0.440679 0.500000 0.433419 0.290097 0.361718 
0.440679 0.189812 0.421083 0.295913 0.358888 
0.440679 0.192404 0.473712 0.301079 0.356216 
0.440679 0.194889 0.488206 0.279403 0.353850 
0.440679 0.189902 0.493519 0.273604 0.363824 
0.440679 0.500000 0.495925 0.271497 0.366512 
0.440679 0.500000 0.488579 0.270547 0.367491 
0.440679 0.500000 0.476881 0.273456 0.367933 
0.440679 0.500000 0.462455 0.278129 0.366581 
0.440679 0.500000 0.447456 0.283958 0.364414 
0.440679 0.500000 0.433419 0.290097 0.361718 
0.440679 0.189812 0.421083 0.295913 0.358888 
0.440679 0.192404 0.473712 0.301079 0.356216 
0.440679 0.194889 0.488206 0.279403 0.353850 
0.440679 0.189902 0.493519 0.273604 0.363824 
0.440679 0.500000 0.495925 0.271497 0.366512 
0.440679 0.500000 0.488579 0.270547 0.367491 
0.440679 0.500000 0.476881 0.273456 0.367933 
0.440679 0.500000 0.462455 0.278129 0.366581 
0.440679 0.500000 0.447456 0.283958 0.364414 
0.440679 0.500000 0.433419 0.290097 0.361718 
0.440679 0.189812 0.421083 0.295913 0.358888 
0.440679 0.192404 0.473712 0.301079 0.356216 
0.440679 0.194889 0.488206 0.279403 0.353850 
0.440679 0.189902 0.493519 0.273604 0.363824 
0.440679 0.500000 0.495925 0.271497 0.366512 
0.440679 0.500000 0.488579 0.270547 0.367491 
0.440679 0.500000 0.476881 0.273456 0.367933 
0.440679 0.500000 0.462455 0.278129 0.366581 
0.440679 0.500000 0.447456 0.283958 0.364414 
0.440679 0.500000 0.433419 0.290097 0.361718 
0.440679 0.189812 0.421083 0.295913 0.358888 
0.440679 0.192404 0.473712 0.301079 0.356216 
0.440679 0.194889 0.488206 0.279403 0.353850 
0.440679 0.189902 0.493519 0.273604 0.363824 
0.440679 0.500000 0.495925 0.271497 0.366512 
0.440679 0.500000 0.488579 0.270547 0.367491 
0.440679 0.500000 0.476881 0.273456 0.367933 
0.440679 0.268941 0.268941 0.500000 0.500000 
0.440679 0.292886 0.364064 0.368680 0.500000 
0.440679 0.254440 0.430288 0.325606 0.323582 
0.440679 0.225460 0.470344 0.297219 0.342717 
0.440679 0.206152 0.488249 0.280761 0.355617 
0.440679 0.194428 0.495210 0.273587 0.363195 
0.440679 0.500000 0.497865 0.270829 0.366520 
0.440679 0.500000 0.495744 0.269782 0.367802 
0.440679 0.500000 0.492645 0.270618 0.368289 
0.440679 0.500000 0.488626 0.271843 0.367900 
0.440679 0.500000 0.483892 0.273437 0.367330 
0.440679 0.500000 0.478719 0.275322 0.366590 
0.440679 0.500000 0.473380 0.277391 0.365715 
0.440679 0.500000 0.468104 0.279537 0.364755 
0.440679 0.500000 0.463058 0.281667 0.363762 
0.440679 0.500000 0.458346 0.283714 0.362776 
0.440679 0.500000 0.454028 0.285632 0.361831 
0.440679 0.188900 0.450124 0.287398 0.360945 
0.440679 0.189729 0.485413 0.289000 0.360131 
0.440679 0.190496 0.494735 0.274716 0.359393 
0.440679 0.500000 0.497745 0.271017 0.365996 
0.440679 0.500000 0.495553 0.269829 0.367715 
0.440679 0.500000 0.492384 0.270694 0.368267 
0.440679 0.500000 0.488305 0.271947 0.367865 
0.440679 0.500000 0.483530 0.273565 0.367282 
0.440679 0.500000 0.478336 0.275467 0.366531 
0.440679 0.500000 0.472995 0.277545 0.365648 
0.440679 0.500000 0.467731 0.279692 0.364684 
0.440679 0.500000 0.462705 0.281818 0.363690 
0.440679 0.500000 0.458021 0.283857 0.362707 
0.440679 0.500000 0.453732 0.285765 0.361765 
0.440679 0.188962 0.449858 0.287519 0.360884 
0.440679 0.189786 0.485337 0.289109 0.360075 
0.440679 0.190549 0.494710 0.274746 0.359343 
0.440679 0.500000 0.497736 0.271027 0.365982 
0.440679 0.500000 0.495538 0.269833 0.367710 
0.440679 0.500000 0.492364 0.270700 0.368265 
0.440679 0.500000 0.488280 0.271955 0.367862 
0.440679 0.500000 0.483502 0.273575 0.367279 
0.440679 0.500000 0.478306 0.275478 0.366526 
0.440679 0.500000 0.472965 0.277557 0.365643 
0.440679 0.500000 0.467702 0.279704 0.364679 
0.440679 0.500000 0.462678 0.281830 0.363684 
0.440679 0.500000 0.457995 0.283868 0.362701 
0.440679 0.500000 0.453709 0.285775 0.361759 
0.440679 0.188967 0.449838 0.287528 0.360879 
0.440679 0.189791 0.485331 0.289117 0.360071 
0.440679 0.190553 0.494708 0.274749 0.359339 
0.440679 0.500000 0.497735 0.271028 0.365981 
0.440679 0.500000 0.495537 0.269833 0.367710 
0.440679 0.500000 0.492362 0.270700 0.368265 
0.440679 0.500000 0.488278 0.271955 0.367862 
0.440679 0.500000 0.483499 0.273576 0.367278 
0.440679 0.500000 0.478304 0.275479 0.366526 
0.440679 0.500000 0.472962 0.277558 0.365642 
0.440679 0.500000 0.467699 0.279705 0.364678 
0.440679 0.500000 0.462676 0.281831 0.363684 
0.440679 0.500000 0.457994 0.283869 0.362701 
0.440679 0.500000 0.453707 0.285776 0.361759 
0.440679 0.188967 0.449836 0.287529 0.360879 
0.440679 0.189791 0.485330 0.289118 0.360070 
0.440679 0.190553 0.494708 0.274749 0.359339 
0.440679 0.500000 0.497735 0.271028 0.365981 
0.440679 0.500000 0.495537 0.269833 0.367710 
0.440679 0.500000 0.492362 0.270700 0.368265 
0.440679 0.500000 0.488278 0.271955 0.367862 
0.440679 0.500000 0.483499 0.273576 0.367278 
0.440679 0.500000 0.478303 0.275479 0.366526 
0.440679 0.500000 0.472962 0.277558 0.365642 
0.440679 0.500000 0.467699 0.279705 0.364678 
0.440679 0.500000 0.462675 0.281831 0.363684 
0.440679 0.500000 0.457993 0.283869 0.362701 
0.440679 0.500000 0.453707 0.285776 0.361759 
0.440679 0.188967 0.449836 0.287529 0.360879 
0.440679 0.189791 0.485330 0.289118 0.360070 
0.440679 0.190553 0.494708 0.274749 0.359339 
0.440679 0.500000 0.497735 0.271028 0.365981 
0.440679 0.500000 0.495537 0.269833 0.367710 
0.440679 0.500000 0.492362 0.270700 0.368265 
0.440679 0.500000 0.488278 0.271955 0.367862 
0.440679 0.500000 0.483499 0.273576 0.367278 
0.440679 0.500000 0.478303 0.275479 0.366526 
0.440679 0.500000 0.472962 0.277558 0.365642 
0.440679 0.500000 0.467699 0.279705 0.364678 
0.440679 0.500000 0.462675 0.281831 0.363684 
0.440679 0.500000 0.457993 0.283869 0.362701 
0.440679 0.500000 0.453707 0.285776 0.361759 
0.440679 0.188967 0.449836 0.287529 0.360879 
0.440679 0.189791 0.485330 0.289118 0.360070 
0.440679 0.190553 0.494708 0.274749 0.359339 
0.440679 0.500000 0.497735 0.271028 0.365981 
0.440679 0.500000 0.495537 0.269833 0.367710 
0.440679 0.500000 0.492362 0.270700 0.368265 
0.440679 0.500000 0.488278 0.271955 0.367862 
0.440679 0.500000 0.483499 0.273576 0.367278 
0.440679 0.500000 0.478303 0.275479 0.366526 
0.440679 0.500000 0.472962 0.277558 0.365642 
0.440679 0.500000 0.467699 0.279705 0.364678 
0.440679 0.500000 0.462675 0.281831 0.363684 
0.440679 0.500000 0.457993 0.283869 0.362701 
0.440679 0.268941 0.268941 0.500000 0.500000 
0.440679 0.292886 0.364064 0.368680 0.500000 
0.440679 0.254440 0.423689 0.325606 0.323582 
0.440679 0.225459 0.463206 0.299983 0.342717 
0.440679 0.207009 0.483328 0.283653 0.354351 
0.440679 0.195568 0.492275 0.275547 0.361859 
0.440679 0.189101 0.496156 0.271990 0.365610 
0.440679 0.500000 0.497900 0.270456 0.367262 
0.440679 0.500000 0.494890 0.269768 0.367976 
0.440679 0.500000 0.489661 0.270956 0.368295 
0.440679 0.500000 0.481947 0.273026 0.367743 
0.440679 0.500000 0.471986 0.276099 0.366781 
0.440679 0.500000 0.460410 0.280099 0.365355 
0.440679 0.500000 0.448014 0.284791 0.363502 
0.440679 0.500000 0.435534 0.289867 0.361333 
0.440679 0.189975 0.423530 0.295032 0.358994 
0.440679 0.192231 0.474285 0.300050 0.356620 
0.440679 0.194534 0.489728 0.279172 0.354321 
0.440679 0.189704 0.495174 0.273000 0.363931 
0.440679 0.500000 0.497467 0.270843 0.366793 
0.440679 0.500000 0.494067 0.269939 0.367795 
0.440679 0.500000 0.488362 0.271281 0.368216 
0.440679 0.500000 0.480180 0.273542 0.367592 
0.440679 0.500000 0.469848 0.276806 0.366541 
0.440679 0.500000 0.458052 0.280962 0.365027 
0.440679 0.500000 0.445586 0.285753 0.363103 
0.440679 0.188267 0.433160 0.290868 0.360890 
0.440679 0.190404 0.477535 0.296021 0.358533 
0.440679 0.192678 0.490946 0.277866 0.356167 
0.440679 0.188642 0.495697 0.272516 0.364535 
0.440679 0.500000 0.497706 0.270637 0.367018 
0.440679 0.500000 0.494517 0.269845 0.367891 
0.440679 0.500000 0.489068 0.271103 0.368260 
0.440679 0.500000 0.481134 0.273262 0.367675 
0.440679 0.500000 0.470997 0.276424 0.366671 
0.440679 0.500000 0.459315 0.280498 0.365204 
0.440679 0.500000 0.446883 0.285237 0.363317 
0.440679 0.500000 0.434425 0.290333 0.361127 
0.440679 0.190174 0.422485 0.295494 0.358779 
0.440679 0.192438 0.473924 0.300489 0.356408 
0.440679 0.194740 0.489591 0.279318 0.354120 
0.440679 0.189822 0.495116 0.273054 0.363863 
0.440679 0.500000 0.497440 0.270866 0.366768 
0.440679 0.500000 0.494017 0.269949 0.367785 
0.440679 0.500000 0.488285 0.271301 0.368211 
0.440679 0.500000 0.480076 0.273573 0.367583 
0.440679 0.500000 0.469724 0.276848 0.366527 
0.440679 0.500000 0.457916 0.281012 0.365007 
0.440679 0.500000 0.445447 0.285808 0.363079 
0.440679 0.188289 0.433025 0.290925 0.360864 
0.440679 0.190429 0.477490 0.296077 0.358507 
0.440679 0.192703 0.490930 0.277884 0.356141 
0.440679 0.188656 0.495689 0.272523 0.364527 
0.440679 0.500000 0.497702 0.270640 0.367015 
0.440679 0.500000 0.494511 0.269846 0.367890 
0.440679 0.500000 0.489058 0.271105 0.368259 
0.440679 0.500000 0.481120 0.273266 0.367673 
0.440679 0.500000 0.470981 0.276430 0.366669 
0.440679 0.500000 0.459297 0.280504 0.365201 
0.440679 0.500000 0.446864 0.285245 0.363314 
0.440679 0.500000 0.434407 0.290341 0.361124 
0.440679 0.190177 0.422468 0.295501 0.358776 
0.440679 0.192442 0.473918 0.300496 0.356405 
0.440679 0.194743 0.489589 0.279320 0.354117 
0.440679 0.189824 0.495115 0.273055 0.363862 
0.440679 0.500000 0.497439 0.270867 0.366767 
0.440679 0.500000 0.494016 0.269949 0.367784 
0.440679 0.500000 0.488284 0.271301 0.368211 
0.440679 0.500000 0.480075 0.273573 0.367583 
0.440679 0.500000 0.469722 0.276848 0.366527 
0.440679 0.500000 0.457914 0.281013 0.365007 
0.440679 0.500000 0.445445 0.285809 0.363079 
0.440679 0.188290 0.433023 0.290926 0.360864 
0.440679 0.190429 0.477490 0.296078 0.358506 
0.440679 0.192704 0.490930 0.277885 0.356140 
0.440679 0.188656 0.495689 0.272523 0.364527 
0.440679 0.500000 0.497702 0.270640 0.367015 
0.440679 0.500000 0.494511 0.269846 0.367890 
0.440679 0.500000 0.489058 0.271105 0.368259 
0.440679 0.500000 0.481120 0.273266 0.367673 
0.440679 0.500000 0.470980 0.276430 0.366669 
0.440679 0.500000 0.459296 0.280504 0.365201 
0.440679 0.500000 0.446864 0.285245 0.363314 
0.440679 0.500000 0.434407 0.290341 0.361124 
0.440679 0.190177 0.422468 0.295501 0.358776 
0.440679 0.192442 0.473918 0.300496 0.356405 
0.440679 0.194744 0.489589 0.279320 0.354117 
0.440679 0.189824 0.495115 0.273055 0.363862 
0.440679 0.500000 0.497439 0.270867 0.366767 
0.440679 0.500000 0.494016 0.269949 0.367784 
0.440679 0.500000 0.488284 0.271301 0.368211 
0.440679 0.500000 0.480075 0.273573 0.367583 
0.440679 0.500000 0.469722 0.276848 0.366527 
0.440679 0.500000 0.457914 0.281013 0.365007 
0.440679 0.500000 0.445445 0.285809 0.363079 
0.440679 0.188290 0.433023 0.290926 0.360864 
0.440679 0.190429 0.477490 0.296078 0.358506 
0.440679 0.192704 0.490929 0.277885 0.356140 
0.440679 0.188656 0.495689 0.272523 0.364527 
0.440679 0.500000 0.497702 0.270640 0.367015 
0.440679 0.268941 0.268941 0.500000 0.500000 
0.440679 0.292886 0.364064 0.368680 0.500000 
0.440679 0.254440 0.420209 0.325606 0.323582 
0.440679 0.225459 0.459075 0.301447 0.342717 
0.440679 0.207463 0.480210 0.285335 0.353682 
0.440679 0.196218 0.490234 0.276794 0.361082 
0.440679 0.189685 0.494866 0.272799 0.365032 
0.440679 0.500000 0.497066 0.270965 0.366886 
0.440679 0.500000 0.492648 0.270097 0.367739 
0.440679 0.500000 0.484816 0.271842 0.368143 
0.440679 0.500000 0.473174 0.274954 0.367331 
0.440679 0.500000 0.458214 0.279620 0.365886 
0.440679 0.500000 0.441113 0.285686 0.363723 
0.440679 0.500000 0.423272 0.292717 0.360920 
0.440679 0.190791 0.405897 0.300158 0.357683 
0.440679 0.193968 0.465958 0.307508 0.354271 
0.440679 0.197325 0.485717 0.282536 0.350916 
0.440679 0.191687 0.492949 0.274595 0.362375 
0.440679 0.500000 0.496162 0.271723 0.366052 
0.440679 0.500000 0.490903 0.270453 0.367386 
0.440679 0.500000 0.482046 0.272534 0.367977 
0.440679 0.500000 0.469425 0.276060 0.367010 
0.440679 0.500000 0.453753 0.281133 0.365373 
0.440679 0.500000 0.436317 0.287510 0.363023 
0.440679 0.188714 0.418497 0.294706 0.360079 
0.440679 0.191623 0.470633 0.302168 0.356770 
0.440679 0.194868 0.487576 0.280645 0.353352 
0.440679 0.190234 0.493800 0.273855 0.363249 
0.440679 0.500000 0.496572 0.271386 0.366396 
0.440679 0.500000 0.491682 0.270292 0.367543 
0.440679 0.500000 0.483266 0.272225 0.368052 
0.440679 0.500000 0.471058 0.275572 0.367153 
0.440679 0.500000 0.455680 0.280473 0.365599 
0.440679 0.500000 0.438375 0.286722 0.363329 
0.440679 0.188402 0.420535 0.293852 0.360443 
0.440679 0.191263 0.471368 0.301309 0.357162 
0.440679 0.194482 0.487866 0.280348 0.353745 
0.440679 0.190006 0.493932 0.273740 0.363386 
0.440679 0.500000 0.496636 0.271334 0.366449 
0.440679 0.500000 0.491805 0.270266 0.367567 
0.440679 0.500000 0.483461 0.272176 0.368064 
0.440679 0.500000 0.471322 0.275494 0.367176 
0.440679 0.500000 0.455994 0.280366 0.365635 
0.440679 0.500000 0.438712 0.286593 0.363378 
0.440679 0.188351 0.420871 0.293712 0.360502 
0.440679 0.191205 0.471488 0.301168 0.357226 
0.440679 0.194419 0.487913 0.280299 0.353809 
0.440679 0.189969 0.493954 0.273721 0.363409 
0.440679 0.500000 0.496646 0.271325 0.366458 
0.440679 0.500000 0.491825 0.270262 0.367571 
0.440679 0.500000 0.483493 0.272168 0.368066 
0.440679 0.500000 0.471366 0.275482 0.367179 
0.440679 0.500000 0.456045 0.280349 0.365641 
0.440679 0.500000 0.438767 0.286572 0.363386 
0.440679 0.188343 0.420926 0.293689 0.360512 
0.440679 0.191195 0.471508 0.301145 0.357237 
0.440679 0.194409 0.487921 0.280291 0.353820 
0.440679 0.189963 0.493958 0.273718 0.363413 
0.440679 0.500000 0.496648 0.271324 0.366460 
0.440679 0.500000 0.491828 0.270262 0.367572 
0.440679 0.500000 0.483498 0.272167 0.368066 
0.440679 0.500000 0.471373 0.275479 0.367180 
0.440679 0.500000 0.456054 0.280346 0.365642 
0.440679 0.500000 0.438776 0.286569 0.363387 
0.440679 0.188342 0.420935 0.293685 0.360513 
0.440679 0.191193 0.471511 0.301141 0.357238 
0.440679 0.194407 0.487922 0.280290 0.353822 
0.440679 0.189962 0.493958 0.273717 0.363413 
0.440679 0.500000 0.496648 0.271324 0.366460 
0.440679 0.500000 0.491829 0.270262 0.367572 
0.440679 0.500000 0.483499 0.272167 0.368066 
0.440679 0.500000 0.471374 0.275479 0.367180 
0.440679 0.500000 0.456055 0.280346 0.365642 
0.440679 0.500000 0.438778 0.286568 0.363388 
0.440679 0.188341 0.420936 0.293684 0.360513 
0.440679 0.191193 0.471512 0.301140 0.357239 
0.440679 0.194407 0.487922 0.280290 0.353822 
0.440679 0.189961 0.493958 0.273717 0.363413 
0.440679 0.500000 0.496648 0.271324 0.366460 
0.440679 0.500000 0.491829 0.270262 0.367572 
0.440679 0.500000 0.483499 0.272167 0.368066 
0.440679 0.500000 0.471374 0.275479 0.367180 
0.440679 0.500000 0.456055 0.280345 0.365642 
0.440679 0.500000 0.438778 0.286568 0.363388 
0.440679 0.188341 0.420937 0.293684 0.360513 
0.440679 0.191193 0.471512 0.301140 0.357239 
0.440679 0.194407 0.487922 0.280290 0.353822 
0.440679 0.189961 0.493958 0.273717 0.363413 
0.440679 0.500000 0.496648 0.271324 0.366460 
0.440679 0.500000 0.491829 0.270262 0.367572 
0.440679 0.500000 0.483499 0.272167 0.368066 
0.440679 0.500000 0.471374 0.275479 0.367180 
0.440679 0.500000 0.456055 0.280345 0.365642 
0.440679 0.500000 0.438778 0.286568 0.363388 
0.440679 0.188341 0.420937 0.293684 0.360513 
0.440679 0.191193 0.471512 0.301140 0.357239 
0.440679 0.194407 0.487922 0.280290 0.353822 
0.440679 0.189961 0.493958 0.273717 0.363413 
0.440679 0.500000 0.496648 0.271324 0.366460 
0.440679 0.500000 0.491829 0.270262 0.367572 
