0.500000 0.500000 0.268941 0.500000 0.500000 
0.500000 0.500000 0.268941 0.368680 0.500000 
0.500000 0.428364 0.268941 0.368680 0.323582 
0.500000 0.451192 0.268941 0.368680 0.323582 
0.500000 0.460019 0.268941 0.368680 0.323582 
0.500000 0.463869 0.268941 0.368680 0.323582 
0.500000 0.465664 0.268941 0.368680 0.323582 
0.500000 0.466531 0.268941 0.368680 0.323582 
0.500000 0.466957 0.268941 0.368680 0.323582 
0.500000 0.467168 0.268941 0.368680 0.323582 
0.500000 0.467273 0.268941 0.368680 0.323582 
0.500000 0.467325 0.268941 0.368680 0.323582 
0.500000 0.467351 0.268941 0.368680 0.323582 
0.500000 0.467364 0.268941 0.368680 0.323582 
0.500000 0.467371 0.268941 0.368680 0.323582 
0.500000 0.467374 0.268941 0.368680 0.323582 
0.500000 0.467376 0.268941 0.368680 0.323582 
0.500000 0.467377 0.268941 0.368680 0.323582 
0.500000 0.467377 0.268941 0.368680 0.323582 
0.500000 0.467377 0.268941 0.368680 0.323582 
0.500000 0.467377 0.268941 0.368680 0.323582 
0.500000 0.467377 0.268941 0.368680 0.323582 
0.500000 0.467377 0.268941 0.368680 0.323582 
0.500000 0.467377 0.268941 0.368680 0.323582 
0.500000 0.467377 0.268941 0.368680 0.323582 
0.500000 0.467377 0.268941 0.368680 0.323582 
0.500000 0.467377 0.268941 0.368680 0.323582 
0.500000 0.467377 0.268941 0.368680 0.323582 
0.500000 0.467377 0.268941 0.368680 0.323582 
0.500000 0.467377 0.268941 0.368680 0.323582 
0.500000 0.467377 0.268941 0.368680 0.323582 
0.500000 0.467377 0.268941 0.368680 0.323582 
0.500000 0.467377 0.268941 0.368680 0.323582 
0.500000 0.467377 0.268941 0.368680 0.323582 
0.500000 0.467377 0.268941 0.368680 0.323582 
0.500000 0.467377 0.268941 0.368680 0.323582 
0.500000 0.467377 0.268941 0.368680 0.323582 
0.500000 0.467377 0.268941 0.368680 0.323582 
0.500000 0.467377 0.268941 0.368680 0.323582 
0.500000 0.467377 0.268941 0.368680 0.323582 
0.500000 0.467377 0.268941 0.368680 0.323582 
0.500000 0.467377 0.268941 0.368680 0.323582 
0.500000 0.467377 0.268941 0.368680 0.323582 
0.500000 0.467377 0.268941 0.368680 0.323582 
0.500000 0.467377 0.268941 0.368680 0.323582 
0.500000 0.467377 0.268941 0.368680 0.323582 
0.500000 0.467377 0.268941 0.368680 0.323582 
0.500000 0.467377 0.268941 0.368680 0.323582 
0.500000 0.467377 0.268941 0.368680 0.323582 
0.500000 0.467377 0.268941 0.368680 0.323582 
0.500000 0.467377 0.268941 0.368680 0.323582 
0.500000 0.467377 0.268941 0.368680 0.323582 
0.500000 0.467377 0.268941 0.368680 0.323582 
0.500000 0.467377 0.268941 0.368680 0.323582 
0.500000 0.467377 0.268941 0.368680 0.323582 
0.500000 0.467377 0.268941 0.368680 0.323582 
0.500000 0.467377 0.268941 0.368680 0.323582 
0.500000 0.467377 0.268941 0.368680 0.323582 
0.500000 0.467377 0.268941 0.368680 0.323582 
0.500000 0.467377 0.268941 0.368680 0.323582 
0.500000 0.467377 0.268941 0.368680 0.323582 
0.500000 0.467377 0.268941 0.368680 0.323582 
0.500000 0.467377 0.268941 0.368680 0.323582 
0.500000 0.467377 0.268941 0.368680 0.323582 
0.500000 0.467377 0.268941 0.368680 0.323582 
0.500000 0.467377 0.268941 0.368680 0.323582 
0.500000 0.467377 0.268941 0.368680 0.323582 
0.500000 0.467377 0.268941 0.368680 0.323582 
0.500000 0.467377 0.268941 0.368680 0.323582 
0.500000 0.467377 0.268941 0.368680 0.323582 
0.500000 0.467377 0.268941 0.368680 0.323582 
0.500000 0.467377 0.268941 0.368680 0.323582 
0.500000 0.467377 0.268941 0.368680 0.323582 
0.500000 0.467377 0.268941 0.368680 0.323582 
0.500000 0.467377 0.268941 0.368680 0.323582 
0.500000 0.467377 0.268941 0.368680 0.323582 
0.500000 0.467377 0.268941 0.368680 0.323582 
0.500000 0.467377 0.268941 0.368680 0.323582 
0.500000 0.467377 0.268941 0.368680 0.323582 
0.500000 0.467377 0.268941 0.368680 0.323582 
0.500000 0.467377 0.268941 0.368680 0.323582 
0.500000 0.467377 0.268941 0.368680 0.323582 
0.500000 0.467377 0.268941 0.368680 0.323582 
0.500000 0.467377 0.268941 0.368680 0.323582 
0.500000 0.467377 0.268941 0.368680 0.323582 
0.500000 0.467377 0.268941 0.368680 0.323582 
0.500000 0.467377 0.268941 0.368680 0.323582 
0.500000 0.467377 0.268941 0.368680 0.323582 
0.500000 0.467377 0.268941 0.368680 0.323582 
0.500000 0.467377 0.268941 0.368680 0.323582 
0.500000 0.467377 0.268941 0.368680 0.323582 
0.500000 0.467377 0.268941 0.368680 0.323582 
0.500000 0.467377 0.268941 0.368680 0.323582 
0.500000 0.467377 0.268941 0.368680 0.323582 
0.500000 0.467377 0.268941 0.368680 0.323582 
0.500000 0.467377 0.268941 0.368680 0.323582 
0.500000 0.467377 0.268941 0.368680 0.323582 
0.500000 0.467377 0.268941 0.368680 0.323582 
0.500000 0.467377 0.268941 0.368680 0.323582 
0.500000 0.467377 0.268941 0.368680 0.323582 
