0.500000 0.268941 0.500000 0.268941 0.500000 
0.500000 0.368680 0.500000 0.278876 0.500000 
0.500000 0.373218 0.500000 0.271286 0.500000 
0.500000 0.377055 0.500000 0.273358 0.500000 
0.500000 0.376511 0.500000 0.272573 0.500000 
0.500000 0.376807 0.500000 0.272832 0.500000 
0.500000 0.376721 0.500000 0.272742 0.500000 
0.500000 0.376753 0.500000 0.272772 0.500000 
0.500000 0.376742 0.500000 0.272762 0.500000 
0.500000 0.376746 0.500000 0.272765 0.500000 
0.500000 0.376745 0.500000 0.272764 0.500000 
0.500000 0.376745 0.500000 0.272765 0.500000 
0.500000 0.376745 0.500000 0.272764 0.500000 
0.500000 0.376745 0.500000 0.272765 0.500000 
0.500000 0.376745 0.500000 0.272765 0.500000 
0.500000 0.376745 0.500000 0.272765 0.500000 
0.500000 0.376745 0.500000 0.272765 0.500000 
0.500000 0.376745 0.500000 0.272765 0.500000 
0.500000 0.376745 0.500000 0.272765 0.500000 
0.500000 0.376745 0.500000 0.272765 0.500000 
0.500000 0.376745 0.500000 0.272765 0.500000 
0.500000 0.376745 0.500000 0.272765 0.500000 
0.500000 0.376745 0.500000 0.272765 0.500000 
0.500000 0.376745 0.500000 0.272765 0.500000 
0.500000 0.376745 0.500000 0.272765 0.500000 
0.500000 0.376745 0.500000 0.272765 0.500000 
0.500000 0.376745 0.500000 0.272765 0.500000 
0.500000 0.376745 0.500000 0.272765 0.500000 
0.500000 0.376745 0.500000 0.272765 0.500000 
0.500000 0.376745 0.500000 0.272765 0.500000 
0.500000 0.376745 0.500000 0.272765 0.500000 
0.500000 0.376745 0.500000 0.272765 0.500000 
0.500000 0.376745 0.500000 0.272765 0.500000 
0.500000 0.376745 0.500000 0.272765 0.500000 
0.500000 0.376745 0.500000 0.272765 0.500000 
0.500000 0.376745 0.500000 0.272765 0.500000 
0.500000 0.376745 0.500000 0.272765 0.500000 
0.500000 0.376745 0.500000 0.272765 0.500000 
0.500000 0.376745 0.500000 0.272765 0.500000 
0.500000 0.376745 0.500000 0.272765 0.500000 
0.500000 0.376745 0.500000 0.272765 0.500000 
0.500000 0.376745 0.500000 0.272765 0.500000 
0.500000 0.376745 0.500000 0.272765 0.500000 
0.500000 0.376745 0.500000 0.272765 0.500000 
0.500000 0.376745 0.500000 0.272765 0.500000 
0.500000 0.376745 0.500000 0.272765 0.500000 
0.500000 0.376745 0.500000 0.272765 0.500000 
0.500000 0.376745 0.500000 0.272765 0.500000 
0.500000 0.376745 0.500000 0.272765 0.500000 
0.500000 0.376745 0.500000 0.272765 0.500000 
0.500000 0.376745 0.500000 0.272765 0.500000 
0.500000 0.376745 0.500000 0.272765 0.500000 
0.500000 0.376745 0.500000 0.272765 0.500000 
0.500000 0.376745 0.500000 0.272765 0.500000 
0.500000 0.376745 0.500000 0.272765 0.500000 
0.500000 0.376745 0.500000 0.272765 0.500000 
0.500000 0.376745 0.500000 0.272765 0.500000 
0.500000 0.376745 0.500000 0.272765 0.500000 
0.500000 0.376745 0.500000 0.272765 0.500000 
0.500000 0.376745 0.500000 0.272765 0.500000 
0.500000 0.376745 0.500000 0.272765 0.500000 
0.500000 0.376745 0.500000 0.272765 0.500000 
0.500000 0.376745 0.500000 0.272765 0.500000 
0.500000 0.376745 0.500000 0.272765 0.500000 
0.500000 0.376745 0.500000 0.272765 0.500000 
0.500000 0.376745 0.500000 0.272765 0.500000 
0.500000 0.376745 0.500000 0.272765 0.500000 
0.500000 0.376745 0.500000 0.272765 0.500000 
0.500000 0.376745 0.500000 0.272765 0.500000 
0.500000 0.376745 0.500000 0.272765 0.500000 
0.500000 0.376745 0.500000 0.272765 0.500000 
0.500000 0.376745 0.500000 0.272765 0.500000 
0.500000 0.376745 0.500000 0.272765 0.500000 
0.500000 0.376745 0.500000 0.272765 0.500000 
0.500000 0.376745 0.500000 0.272765 0.500000 
0.500000 0.376745 0.500000 0.272765 0.500000 
0.500000 0.376745 0.500000 0.272765 0.500000 
0.500000 0.376745 0.500000 0.272765 0.500000 
0.500000 0.376745 0.500000 0.272765 0.500000 
0.500000 0.376745 0.500000 0.272765 0.500000 
0.500000 0.376745 0.500000 0.272765 0.500000 
0.500000 0.376745 0.500000 0.272765 0.500000 
0.500000 0.376745 0.500000 0.272765 0.500000 
0.500000 0.376745 0.500000 0.272765 0.500000 
0.500000 0.376745 0.500000 0.272765 0.500000 
0.500000 0.376745 0.500000 0.272765 0.500000 
0.500000 0.376745 0.500000 0.272765 0.500000 
0.500000 0.376745 0.500000 0.272765 0.500000 
0.500000 0.376745 0.500000 0.272765 0.500000 
0.500000 0.376745 0.500000 0.272765 0.500000 
0.500000 0.376745 0.500000 0.272765 0.500000 
0.500000 0.376745 0.500000 0.272765 0.500000 
0.500000 0.376745 0.500000 0.272765 0.500000 
0.500000 0.376745 0.500000 0.272765 0.500000 
0.500000 0.376745 0.500000 0.272765 0.500000 
0.500000 0.376745 0.500000 0.272765 0.500000 
0.500000 0.376745 0.500000 0.272765 0.500000 
0.500000 0.376745 0.500000 0.272765 0.500000 
0.500000 0.376745 0.500000 0.272765 0.500000 
0.500000 0.376745 0.500000 0.272765 0.500000 
