0.440679 0.268941 0.268941 0.500000 0.500000 
0.440679 0.268941 0.268941 0.500000 0.500000 
0.440679 0.362982 0.299199 0.368680 0.500000 
0.440679 0.261356 0.296664 0.354710 0.323582 
0.440679 0.342454 0.317959 0.355872 0.329727 
0.440679 0.270344 0.286595 0.346170 0.329214 
0.440679 0.337395 0.328285 0.360501 0.333513 
0.440679 0.271695 0.276671 0.341510 0.327172 
0.440679 0.339112 0.338456 0.365090 0.335587 
0.440679 0.267770 0.266080 0.336951 0.325155 
0.440679 0.345377 0.349956 0.370013 0.337624 
0.440679 0.260014 0.253785 0.331832 0.322998 
0.440679 0.355264 0.363630 0.375764 0.339917 
0.440679 0.249096 0.239204 0.325796 0.320489 
0.440679 0.368338 0.379868 0.382628 0.342631 
0.440679 0.235480 0.222284 0.318704 0.317506 
0.440679 0.384115 0.398453 0.390653 0.345833 
0.440679 0.219860 0.203682 0.310688 0.314039 
0.440679 0.401648 0.418362 0.399544 0.349469 
0.440679 0.203401 0.184833 0.302225 0.310221 
0.440679 0.419388 0.437821 0.408622 0.353326 
0.440679 0.500000 0.167597 0.294082 0.306349 
0.440679 0.435554 0.433531 0.416977 0.357056 
0.440679 0.500000 0.168754 0.295866 0.302810 
0.440679 0.443378 0.431852 0.416415 0.356238 
0.440679 0.500000 0.169594 0.296566 0.303047 
0.440679 0.447650 0.430748 0.416007 0.355917 
0.440679 0.500000 0.170195 0.297027 0.303220 
0.440679 0.450037 0.429965 0.415715 0.355705 
0.440679 0.500000 0.170656 0.297354 0.303343 
0.440679 0.451370 0.429371 0.415491 0.355555 
0.440679 0.500000 0.171032 0.297602 0.303438 
0.440679 0.452093 0.428889 0.415308 0.355442 
0.440679 0.500000 0.171358 0.297804 0.303515 
0.440679 0.452456 0.428476 0.415150 0.355349 
0.440679 0.500000 0.171653 0.297977 0.303582 
0.440679 0.452601 0.428103 0.415007 0.355270 
0.440679 0.500000 0.171929 0.298133 0.303642 
0.440679 0.452616 0.427755 0.414873 0.355199 
0.440679 0.500000 0.172194 0.298278 0.303699 
0.440679 0.452550 0.427423 0.414744 0.355132 
0.440679 0.500000 0.172452 0.298417 0.303753 
0.440679 0.452435 0.427099 0.414619 0.355068 
0.440679 0.500000 0.172707 0.298553 0.303806 
0.440679 0.452290 0.426780 0.414495 0.355006 
0.440679 0.500000 0.172960 0.298687 0.303859 
0.440679 0.452126 0.426464 0.414372 0.354945 
0.440679 0.500000 0.173212 0.298819 0.303911 
0.440679 0.451949 0.426149 0.414250 0.354884 
0.440679 0.500000 0.173464 0.298951 0.303962 
0.440679 0.451765 0.425834 0.414127 0.354824 
0.440679 0.500000 0.173717 0.299083 0.304014 
0.440679 0.451575 0.425518 0.414005 0.354763 
0.440679 0.500000 0.173972 0.299215 0.304066 
0.440679 0.451382 0.425201 0.413881 0.354703 
0.440679 0.500000 0.174228 0.299348 0.304118 
0.440679 0.451185 0.424882 0.413757 0.354642 
0.440679 0.500000 0.174486 0.299482 0.304171 
0.440679 0.450985 0.424561 0.413632 0.354581 
0.440679 0.500000 0.174745 0.299617 0.304224 
0.440679 0.450783 0.424238 0.413506 0.354519 
0.440679 0.500000 0.175008 0.299753 0.304277 
0.440679 0.450578 0.423912 0.413379 0.354457 
0.440679 0.500000 0.175272 0.299890 0.304331 
0.440679 0.450371 0.423582 0.413250 0.354394 
0.440679 0.500000 0.175540 0.300028 0.304386 
0.440679 0.450161 0.423249 0.413120 0.354331 
0.440679 0.500000 0.175811 0.300168 0.304440 
0.440679 0.449948 0.422913 0.412989 0.354267 
0.440679 0.500000 0.176085 0.300309 0.304496 
0.440679 0.449732 0.422572 0.412856 0.354202 
0.440679 0.500000 0.176363 0.300452 0.304552 
0.440679 0.449513 0.422228 0.412722 0.354137 
0.440679 0.500000 0.176645 0.300597 0.304609 
0.440679 0.449291 0.421878 0.412585 0.354070 
0.440679 0.500000 0.176931 0.300744 0.304667 
0.440679 0.449065 0.421523 0.412446 0.354003 
0.440679 0.500000 0.177221 0.300894 0.304726 
0.440679 0.448836 0.421163 0.412306 0.353935 
0.440679 0.500000 0.177516 0.301045 0.304786 
0.440679 0.448602 0.420797 0.412163 0.353866 
0.440679 0.500000 0.177817 0.301199 0.304846 
0.440679 0.448364 0.420425 0.412017 0.353795 
0.440679 0.500000 0.178123 0.301356 0.304908 
0.440679 0.448121 0.420046 0.411869 0.353724 
0.440679 0.500000 0.178435 0.301515 0.304971 
0.440679 0.447873 0.419660 0.411718 0.353651 
0.440679 0.500000 0.178753 0.301678 0.305035 
0.440679 0.447619 0.419267 0.411563 0.353576 
0.440679 0.500000 0.179078 0.301844 0.305100 
0.440679 0.447360 0.418865 0.411406 0.353501 
0.440679 0.500000 0.179410 0.302013 0.305167 
0.440679 0.447095 0.418454 0.411245 0.353423 
0.440679 0.500000 0.179750 0.302186 0.305235 
0.440679 0.446823 0.418035 0.411080 0.353344 
0.440679 0.500000 0.180099 0.302363 0.305305 
0.440679 0.446544 0.417605 0.410912 0.353263 
0.440679 0.500000 0.180456 0.302545 0.305377 
0.440679 0.446257 0.417164 0.410739 0.353180 
0.440679 0.500000 0.180822 0.302731 0.305450 
0.440679 0.445963 0.416713 0.410561 0.353095 
0.440679 0.268941 0.268941 0.500000 0.500000 
0.440679 0.362982 0.299199 0.368680 0.500000 
0.440679 0.404148 0.296664 0.354710 0.323582 
0.440679 0.429665 0.297930 0.355872 0.329727 
0.440679 0.445764 0.293206 0.355291 0.329214 
0.440679 0.456859 0.295629 0.357458 0.329470 
0.440679 0.464048 0.291402 0.356346 0.328513 
0.440679 0.469362 0.294665 0.358288 0.329004 
0.440679 0.472861 0.290471 0.356789 0.328147 
0.440679 0.475671 0.294281 0.358716 0.328809 
0.440679 0.477496 0.289909 0.356965 0.327959 
0.440679 0.479114 0.294164 0.358974 0.328731 
0.440679 0.480104 0.289513 0.357018 0.327845 
0.440679 0.481105 0.294185 0.359157 0.328707 
0.440679 0.481641 0.289194 0.357009 0.327764 
0.440679 0.482303 0.294288 0.359304 0.328712 
0.440679 0.482577 0.288910 0.356962 0.327700 
0.440679 0.483043 0.294444 0.359434 0.328732 
0.440679 0.483157 0.288640 0.356890 0.327642 
0.440679 0.483510 0.294640 0.359559 0.328764 
0.440679 0.483521 0.288369 0.356800 0.327587 
0.440679 0.483809 0.294869 0.359684 0.328804 
0.440679 0.483751 0.288089 0.356695 0.327532 
0.440679 0.484003 0.295126 0.359812 0.328850 
0.440679 0.483896 0.287795 0.356577 0.327476 
0.440679 0.484130 0.295412 0.359948 0.328902 
0.440679 0.483986 0.287483 0.356446 0.327416 
0.440679 0.484215 0.295725 0.360092 0.328960 
0.440679 0.484041 0.287149 0.356302 0.327353 
0.440679 0.484273 0.296066 0.360246 0.329024 
0.440679 0.484074 0.286790 0.356146 0.327285 
0.440679 0.484314 0.296437 0.360411 0.329093 
0.440679 0.484091 0.286403 0.355976 0.327212 
0.440679 0.484344 0.296839 0.360590 0.329168 
0.440679 0.484099 0.285986 0.355791 0.327133 
0.440679 0.484368 0.297275 0.360782 0.329249 
0.440679 0.484100 0.285535 0.355592 0.327049 
0.440679 0.484388 0.297747 0.360990 0.329337 
0.440679 0.484096 0.285049 0.355375 0.326957 
0.440679 0.484406 0.298258 0.361214 0.329433 
0.440679 0.484089 0.284523 0.355141 0.326858 
0.440679 0.484423 0.298812 0.361457 0.329537 
0.440679 0.484079 0.283955 0.354888 0.326752 
0.440679 0.484440 0.299410 0.361719 0.329648 
0.440679 0.484067 0.283342 0.354614 0.326636 
0.440679 0.484457 0.300058 0.362002 0.329770 
0.440679 0.484053 0.282679 0.354317 0.326512 
0.440679 0.484475 0.300758 0.362308 0.329901 
0.440679 0.484038 0.281964 0.353997 0.326377 
0.440679 0.484494 0.301516 0.362639 0.330042 
0.440679 0.484022 0.281191 0.353650 0.326232 
0.440679 0.484515 0.302335 0.362996 0.330196 
0.440679 0.484004 0.280357 0.353276 0.326075 
0.440679 0.484537 0.303221 0.363382 0.330361 
0.440679 0.483984 0.279456 0.352871 0.325905 
0.440679 0.484560 0.304179 0.363799 0.330540 
0.440679 0.483963 0.278484 0.352434 0.325722 
0.440679 0.484586 0.305215 0.364249 0.330734 
0.440679 0.483940 0.277436 0.351961 0.325524 
0.440679 0.484614 0.306334 0.364735 0.330943 
0.440679 0.483916 0.276306 0.351451 0.325311 
0.440679 0.484644 0.307544 0.365259 0.331169 
0.440679 0.483889 0.275087 0.350900 0.325081 
0.440679 0.484676 0.308850 0.365824 0.331413 
0.440679 0.483861 0.273775 0.350305 0.324833 
0.440679 0.484712 0.310260 0.366433 0.331677 
0.440679 0.483831 0.272362 0.349663 0.324566 
0.440679 0.484750 0.311782 0.367089 0.331962 
0.440679 0.483799 0.270842 0.348971 0.324278 
0.440679 0.484792 0.313424 0.367796 0.332269 
0.440679 0.483765 0.269208 0.348225 0.323969 
0.440679 0.484837 0.315195 0.368556 0.332600 
0.440679 0.483729 0.267453 0.347422 0.323636 
0.440679 0.484887 0.317101 0.369373 0.332956 
0.440679 0.483691 0.265570 0.346558 0.323278 
0.440679 0.484940 0.319154 0.370251 0.333340 
0.440679 0.483650 0.263553 0.345629 0.322894 
0.440679 0.484998 0.321361 0.371192 0.333753 
0.440679 0.483607 0.261394 0.344632 0.322483 
0.440679 0.485060 0.323731 0.372201 0.334197 
0.440679 0.483562 0.259087 0.343562 0.322042 
0.440679 0.485128 0.326273 0.373279 0.334673 
0.440679 0.483514 0.256627 0.342416 0.321572 
0.440679 0.485201 0.328995 0.374431 0.335184 
0.440679 0.483465 0.254008 0.341191 0.321069 
0.440679 0.485280 0.331904 0.375659 0.335730 
0.440679 0.483414 0.251228 0.339885 0.320534 
0.440679 0.485366 0.335007 0.376964 0.336313 
0.440679 0.483361 0.248283 0.338494 0.319966 
0.440679 0.485458 0.338308 0.378348 0.336934 
0.440679 0.483306 0.245174 0.337017 0.319364 
0.440679 0.485556 0.341810 0.379811 0.337594 
0.440679 0.483250 0.241903 0.335454 0.318728 
0.440679 0.485662 0.345513 0.381354 0.338294 
0.440679 0.483194 0.238474 0.333805 0.318059 
0.440679 0.485775 0.349415 0.382973 0.339032 
0.440679 0.483138 0.234894 0.332072 0.317357 
0.440679 0.485896 0.353510 0.384666 0.339810 
0.440679 0.483082 0.231175 0.330258 0.316623 
0.440679 0.486024 0.357786 0.386429 0.340624 
0.440679 0.268941 0.268941 0.500000 0.500000 
0.440679 0.362982 0.359370 0.368680 0.500000 
0.440679 0.389002 0.276147 0.327671 0.323582 
0.440679 0.422305 0.354030 0.365333 0.341787 
0.440679 0.431918 0.260093 0.330028 0.325049 
0.440679 0.451611 0.352117 0.372809 0.340727 
0.440679 0.454286 0.249533 0.330874 0.321777 
0.440679 0.466512 0.353700 0.377760 0.340347 
0.440679 0.466015 0.241906 0.330174 0.319620 
0.440679 0.474413 0.357046 0.381353 0.340662 
0.440679 0.472435 0.235649 0.328695 0.318059 
0.440679 0.478869 0.361313 0.384309 0.341326 
0.440679 0.476121 0.230025 0.326815 0.316778 
0.440679 0.481538 0.366118 0.386974 0.342172 
0.440679 0.478321 0.224695 0.324704 0.315626 
0.440679 0.483227 0.371268 0.389506 0.343123 
0.440679 0.479673 0.219506 0.322450 0.314533 
0.440679 0.484352 0.376650 0.391976 0.344140 
0.440679 0.480522 0.214397 0.320103 0.313469 
0.440679 0.485140 0.382183 0.394414 0.345200 
0.440679 0.481063 0.209353 0.317699 0.312420 
0.440679 0.485724 0.387797 0.396826 0.346288 
0.440679 0.481413 0.204388 0.315270 0.311385 
0.440679 0.486179 0.393426 0.399206 0.347388 
0.440679 0.481647 0.199528 0.312845 0.310365 
0.440679 0.486553 0.399007 0.401539 0.348488 
0.440679 0.481808 0.194807 0.310451 0.309367 
0.440679 0.486875 0.404479 0.403810 0.349576 
0.440679 0.481927 0.190262 0.308113 0.308398 
0.440679 0.487161 0.409786 0.406000 0.350640 
0.440679 0.482021 0.185927 0.305854 0.307464 
0.440679 0.487421 0.414880 0.408093 0.351669 
0.440679 0.482102 0.181829 0.303696 0.306574 
0.440679 0.487662 0.419718 0.410074 0.352654 
0.440679 0.482178 0.177992 0.301654 0.305732 
0.440679 0.487886 0.424270 0.411932 0.353587 
0.440679 0.482251 0.174430 0.299739 0.304944 
0.440679 0.488096 0.428513 0.413659 0.354463 
0.440679 0.482325 0.171149 0.297961 0.304212 
0.440679 0.488291 0.432436 0.415252 0.355277 
0.440679 0.482398 0.168148 0.296322 0.303539 
0.440679 0.488473 0.436037 0.416709 0.356028 
0.440679 0.482472 0.165423 0.294823 0.302923 
0.440679 0.488641 0.439320 0.418035 0.356716 
0.440679 0.482546 0.162960 0.293460 0.302363 
0.440679 0.488796 0.442295 0.419234 0.357342 
0.440679 0.482617 0.160745 0.292227 0.301858 
0.440679 0.488938 0.444980 0.420312 0.357908 
0.440679 0.482687 0.158762 0.291118 0.301403 
0.440679 0.489068 0.447392 0.421279 0.358418 
0.440679 0.482754 0.156992 0.290124 0.300996 
0.440679 0.489186 0.449551 0.422143 0.358876 
0.440679 0.482818 0.155416 0.289235 0.300633 
0.440679 0.489293 0.451478 0.422912 0.359285 
0.440679 0.482877 0.154016 0.288443 0.300310 
0.440679 0.489389 0.453195 0.423595 0.359649 
0.440679 0.482933 0.152774 0.287739 0.300022 
0.440679 0.489475 0.454722 0.424202 0.359974 
0.440679 0.482984 0.500000 0.287114 0.299768 
0.440679 0.466804 0.456078 0.500000 0.360262 
0.440679 0.461271 0.500000 0.286559 0.500000 
0.440679 0.437772 0.464308 0.500000 0.360518 
0.440679 0.435002 0.500000 0.283205 0.500000 
0.440679 0.407998 0.470255 0.500000 0.362065 
0.440679 0.409938 0.500000 0.280797 0.500000 
0.440679 0.382705 0.474429 0.500000 0.363179 
0.440679 0.389332 0.500000 0.279115 0.500000 
0.440679 0.363400 0.477343 0.500000 0.363957 
0.440679 0.373771 0.500000 0.277944 0.500000 
0.440679 0.349474 0.479401 0.500000 0.364500 
0.440679 0.362540 0.500000 0.277118 0.500000 
0.440679 0.339698 0.480885 0.500000 0.364882 
0.440679 0.354615 0.500000 0.276524 0.500000 
0.440679 0.332914 0.481977 0.500000 0.365158 
0.440679 0.349076 0.500000 0.276087 0.500000 
0.440679 0.328220 0.482796 0.500000 0.365360 
0.440679 0.345211 0.500000 0.275760 0.500000 
0.440679 0.324964 0.483423 0.500000 0.365512 
0.440679 0.342506 0.500000 0.275510 0.500000 
0.440679 0.322692 0.483909 0.500000 0.365628 
0.440679 0.340602 0.500000 0.275316 0.500000 
0.440679 0.321094 0.484291 0.500000 0.365718 
0.440679 0.339249 0.500000 0.275163 0.500000 
0.440679 0.319960 0.484595 0.500000 0.365789 
0.440679 0.338279 0.500000 0.275042 0.500000 
0.440679 0.319145 0.484838 0.500000 0.365845 
0.440679 0.337574 0.500000 0.274945 0.500000 
0.440679 0.318553 0.485034 0.500000 0.365890 
0.440679 0.337055 0.500000 0.274867 0.500000 
0.440679 0.318116 0.485194 0.500000 0.365926 
0.440679 0.336669 0.500000 0.274803 0.500000 
0.440679 0.317790 0.485324 0.500000 0.365956 
0.440679 0.336378 0.500000 0.274751 0.500000 
0.440679 0.317544 0.485431 0.500000 0.365980 
0.440679 0.336155 0.500000 0.274709 0.500000 
0.440679 0.317355 0.485518 0.500000 0.365999 
0.440679 0.335983 0.500000 0.274674 0.500000 
0.440679 0.317209 0.485590 0.500000 0.366016 
0.440679 0.335848 0.500000 0.274645 0.500000 
0.440679 0.317095 0.485650 0.500000 0.366029 
