0.500000 0.268941 0.268941 0.500000 0.500000 
0.500000 0.309464 0.194364 0.368680 0.500000 
0.500000 0.314048 0.275670 0.404024 0.323582 
0.500000 0.313238 0.230295 0.365553 0.308307 
0.500000 0.307363 0.259452 0.386846 0.324952 
0.500000 0.303978 0.238588 0.373109 0.315681 
0.500000 0.300130 0.249710 0.382919 0.321646 
0.500000 0.298049 0.240704 0.377677 0.317380 
0.500000 0.296121 0.245072 0.381920 0.319656 
0.500000 0.295074 0.241270 0.379860 0.317813 
0.440679 0.294173 0.243006 0.381652 0.318707 
0.500000 0.318124 0.241413 0.380834 0.317929 
0.500000 0.315269 0.251610 0.381585 0.318284 
0.500000 0.310736 0.246159 0.376784 0.317958 
0.500000 0.305965 0.248081 0.379348 0.320044 
0.500000 0.302256 0.244673 0.378443 0.318930 
0.500000 0.299319 0.244872 0.380048 0.319323 
0.500000 0.297262 0.243159 0.379954 0.318626 
0.500000 0.295757 0.243072 0.380761 0.318666 
0.500000 0.294738 0.242274 0.380802 0.318316 
0.440679 0.294016 0.242184 0.381179 0.318298 
0.500000 0.317980 0.241824 0.381221 0.318135 
0.500000 0.315199 0.251261 0.381391 0.318116 
0.500000 0.310673 0.246329 0.376948 0.318042 
0.500000 0.305936 0.247936 0.379268 0.319973 
0.500000 0.302230 0.244743 0.378511 0.318964 
0.500000 0.299306 0.244813 0.380015 0.319293 
0.500000 0.297251 0.243188 0.379982 0.318640 
0.500000 0.295752 0.243047 0.380748 0.318654 
0.500000 0.294734 0.242286 0.380814 0.318322 
0.440679 0.294013 0.242173 0.381173 0.318293 
0.500000 0.317978 0.241828 0.381226 0.318137 
0.500000 0.315198 0.251256 0.381389 0.318114 
0.500000 0.310672 0.246331 0.376950 0.318043 
0.500000 0.305935 0.247934 0.379267 0.319972 
0.500000 0.302229 0.244744 0.378512 0.318965 
0.500000 0.299306 0.244812 0.380014 0.319293 
0.500000 0.297251 0.243188 0.379982 0.318640 
0.500000 0.295752 0.243047 0.380748 0.318654 
0.500000 0.294733 0.242286 0.380814 0.318322 
0.440679 0.294013 0.242173 0.381173 0.318293 
0.500000 0.317978 0.241828 0.381226 0.318137 
0.500000 0.315198 0.251256 0.381389 0.318114 
0.500000 0.310672 0.246331 0.376950 0.318043 
0.500000 0.305935 0.247934 0.379267 0.319972 
0.500000 0.302229 0.244744 0.378512 0.318965 
0.500000 0.299306 0.244812 0.380014 0.319293 
0.500000 0.297251 0.243188 0.379982 0.318640 
0.500000 0.295752 0.243047 0.380748 0.318654 
0.500000 0.294733 0.242286 0.380814 0.318322 
0.440679 0.294013 0.242173 0.381173 0.318293 
0.500000 0.317978 0.241828 0.381226 0.318137 
0.500000 0.315198 0.251256 0.381389 0.318114 
0.500000 0.310672 0.246331 0.376950 0.318043 
0.500000 0.305935 0.247934 0.379267 0.319972 
0.500000 0.302229 0.244744 0.378512 0.318965 
0.500000 0.299306 0.244812 0.380014 0.319293 
0.500000 0.297251 0.243188 0.379982 0.318640 
0.500000 0.295752 0.243047 0.380748 0.318654 
0.500000 0.294733 0.242286 0.380814 0.318322 
0.440679 0.294013 0.242173 0.381173 0.318293 
0.500000 0.317978 0.241828 0.381226 0.318137 
0.500000 0.315198 0.251256 0.381389 0.318114 
0.500000 0.310672 0.246331 0.376950 0.318043 
0.500000 0.305935 0.247934 0.379267 0.319972 
0.500000 0.302229 0.244744 0.378512 0.318965 
0.500000 0.299306 0.244812 0.380014 0.319293 
0.500000 0.297251 0.243188 0.379982 0.318640 
0.500000 0.295752 0.243047 0.380748 0.318654 
0.500000 0.294733 0.242286 0.380814 0.318322 
0.440679 0.294013 0.242173 0.381173 0.318293 
0.500000 0.317978 0.241828 0.381226 0.318137 
0.500000 0.315198 0.251256 0.381389 0.318114 
0.500000 0.310672 0.246331 0.376950 0.318043 
0.500000 0.305935 0.247934 0.379267 0.319972 
0.500000 0.302229 0.244744 0.378512 0.318965 
0.500000 0.299306 0.244812 0.380014 0.319293 
0.500000 0.297251 0.243188 0.379982 0.318640 
0.500000 0.295752 0.243047 0.380748 0.318654 
0.500000 0.294733 0.242286 0.380814 0.318322 
0.440679 0.294013 0.242173 0.381173 0.318293 
0.500000 0.317978 0.241828 0.381226 0.318137 
0.500000 0.315198 0.251256 0.381389 0.318114 
0.500000 0.310672 0.246331 0.376950 0.318043 
0.500000 0.305935 0.247934 0.379267 0.319972 
0.500000 0.302229 0.244744 0.378512 0.318965 
0.500000 0.299306 0.244812 0.380014 0.319293 
0.500000 0.297251 0.243188 0.379982 0.318640 
0.500000 0.295752 0.243047 0.380748 0.318654 
0.500000 0.294733 0.242286 0.380814 0.318322 
0.440679 0.294013 0.242173 0.381173 0.318293 
0.500000 0.317978 0.241828 0.381226 0.318137 
0.500000 0.315198 0.251256 0.381389 0.318114 
0.500000 0.310672 0.246331 0.376950 0.318043 
0.500000 0.305935 0.247934 0.379267 0.319972 
0.500000 0.302229 0.244744 0.378512 0.318965 
0.500000 0.299306 0.244812 0.380014 0.319293 
0.500000 0.297251 0.243188 0.379982 0.318640 
0.500000 0.295752 0.243047 0.380748 0.318654 
0.500000 0.294733 0.242286 0.380814 0.318322 
