0.675038 0.622459 0.622459 0.500000 0.500000 
0.500000 0.682468 0.604812 0.650778 0.500000 
0.500000 0.672622 0.603318 0.646757 0.657186 
0.500000 0.662608 0.603083 0.646415 0.656279 
0.500000 0.652244 0.604422 0.646361 0.656202 
0.500000 0.642029 0.607104 0.646667 0.656190 
0.500000 0.632406 0.610883 0.647280 0.656259 
0.500000 0.623729 0.615481 0.648142 0.656397 
0.500000 0.616224 0.620607 0.649190 0.656592 
0.500000 0.609995 0.625974 0.650356 0.656828 
0.675038 0.605041 0.631327 0.651576 0.657091 
0.500000 0.643728 0.636457 0.652790 0.657366 
0.500000 0.639100 0.635062 0.653952 0.657639 
0.500000 0.634052 0.634812 0.653636 0.657900 
0.500000 0.629202 0.635314 0.653580 0.657829 
0.500000 0.624677 0.636420 0.653693 0.657817 
0.500000 0.620577 0.637978 0.653944 0.657842 
0.500000 0.616970 0.639847 0.654296 0.657899 
0.500000 0.613887 0.641897 0.654719 0.657978 
0.500000 0.611334 0.644020 0.655182 0.658073 
0.675038 0.609293 0.646125 0.655662 0.658177 
0.500000 0.649754 0.648142 0.656137 0.658285 
0.500000 0.646733 0.644127 0.656592 0.658392 
0.500000 0.642841 0.641373 0.655686 0.658494 
0.500000 0.638675 0.639586 0.655064 0.658291 
0.500000 0.634399 0.638670 0.654660 0.658151 
0.500000 0.630171 0.638502 0.654453 0.658060 
0.500000 0.626127 0.638953 0.654415 0.658013 
0.500000 0.622373 0.639894 0.654517 0.658005 
0.500000 0.618986 0.641198 0.654729 0.658028 
0.675038 0.616013 0.642749 0.655024 0.658075 
0.500000 0.654920 0.644442 0.655375 0.658142 
0.500000 0.651118 0.640235 0.655757 0.658221 
0.500000 0.646443 0.637448 0.654807 0.658307 
0.500000 0.641499 0.635758 0.654176 0.658093 
0.500000 0.636475 0.635045 0.653794 0.657951 
0.500000 0.631551 0.635165 0.653633 0.657865 
0.500000 0.626882 0.635964 0.653660 0.657829 
0.500000 0.622587 0.637289 0.653841 0.657835 
0.500000 0.618749 0.638994 0.654140 0.657875 
0.675038 0.615418 0.640945 0.654526 0.657943 
0.500000 0.654155 0.643021 0.654967 0.658030 
0.500000 0.650163 0.639132 0.655436 0.658129 
0.500000 0.645345 0.636652 0.654557 0.658234 
0.500000 0.640315 0.635245 0.653996 0.658037 
0.500000 0.635256 0.634784 0.653678 0.657910 
0.500000 0.630346 0.635119 0.653573 0.657839 
0.500000 0.625729 0.636096 0.653649 0.657815 
0.500000 0.621518 0.637561 0.653870 0.657832 
0.500000 0.617786 0.639369 0.654202 0.657882 
0.675038 0.614575 0.641388 0.654611 0.657957 
0.500000 0.653516 0.643504 0.655067 0.658049 
0.500000 0.649621 0.639635 0.655545 0.658151 
0.500000 0.644902 0.637155 0.654671 0.658259 
0.500000 0.639969 0.635733 0.654110 0.658062 
0.500000 0.635005 0.635244 0.653788 0.657936 
0.500000 0.630182 0.635541 0.653678 0.657864 
0.500000 0.625644 0.636472 0.653745 0.657839 
0.500000 0.621500 0.637887 0.653956 0.657854 
0.500000 0.617824 0.639643 0.654276 0.657901 
0.675038 0.614657 0.641611 0.654673 0.657973 
0.500000 0.653619 0.643679 0.655118 0.658063 
0.500000 0.649747 0.639769 0.655585 0.658163 
0.500000 0.645044 0.637251 0.654701 0.658268 
0.500000 0.640122 0.635794 0.654132 0.658069 
0.500000 0.635161 0.635273 0.653802 0.657941 
0.500000 0.630335 0.635543 0.653684 0.657867 
0.500000 0.625790 0.636452 0.653745 0.657840 
0.500000 0.621635 0.637850 0.653951 0.657854 
0.500000 0.617945 0.639594 0.654267 0.657900 
0.675038 0.614762 0.641554 0.654662 0.657971 
0.500000 0.653698 0.643617 0.655105 0.658060 
0.500000 0.649814 0.639705 0.655571 0.658160 
0.500000 0.645099 0.637187 0.654687 0.658265 
0.500000 0.640164 0.635732 0.654117 0.658066 
0.500000 0.635191 0.635215 0.653788 0.657938 
0.500000 0.630354 0.635490 0.653671 0.657864 
0.500000 0.625799 0.636405 0.653733 0.657837 
0.500000 0.621636 0.637809 0.653940 0.657851 
0.500000 0.617939 0.639560 0.654258 0.657898 
0.675038 0.614751 0.641526 0.654654 0.657969 
0.500000 0.653685 0.643595 0.655098 0.658058 
0.500000 0.649798 0.639688 0.655566 0.658158 
0.500000 0.645080 0.637176 0.654683 0.658264 
0.500000 0.640144 0.635725 0.654115 0.658065 
0.500000 0.635171 0.635212 0.653786 0.657937 
0.500000 0.630335 0.635490 0.653670 0.657863 
0.500000 0.625781 0.636408 0.653733 0.657837 
0.500000 0.621619 0.637814 0.653941 0.657851 
0.500000 0.617924 0.639566 0.654259 0.657898 
0.675038 0.614738 0.641534 0.654655 0.657970 
0.500000 0.653675 0.643603 0.655100 0.658059 
0.500000 0.649789 0.639697 0.655567 0.658159 
0.500000 0.645074 0.637184 0.654685 0.658264 
0.500000 0.640139 0.635733 0.654117 0.658065 
0.500000 0.635167 0.635219 0.653788 0.657938 
0.500000 0.630333 0.635497 0.653672 0.657864 
0.500000 0.625780 0.636414 0.653735 0.657837 
0.500000 0.621619 0.637819 0.653942 0.657852 
0.500000 0.617925 0.639571 0.654260 0.657898 
0.675038 0.622459 0.622459 0.500000 0.500000 
0.500000 0.682468 0.599003 0.650778 0.500000 
0.500000 0.671648 0.589975 0.645428 0.657186 
0.500000 0.659356 0.584369 0.643359 0.655979 
0.500000 0.645775 0.582072 0.642072 0.655512 
0.500000 0.631762 0.582649 0.641544 0.655222 
0.500000 0.618217 0.585687 0.641677 0.655102 
0.500000 0.605905 0.590754 0.642375 0.655132 
0.500000 0.500000 0.597362 0.643538 0.655290 
0.500000 0.500000 0.623144 0.645053 0.655553 
0.675038 0.500000 0.643575 0.650933 0.655895 
0.500000 0.626215 0.659501 0.655561 0.657221 
0.500000 0.626947 0.651194 0.659148 0.658263 
0.500000 0.624870 0.644619 0.657279 0.659069 
0.500000 0.621806 0.639325 0.655797 0.658649 
0.500000 0.618014 0.635383 0.654601 0.658316 
0.500000 0.613783 0.632753 0.653709 0.658047 
0.500000 0.609377 0.631327 0.653113 0.657846 
0.500000 0.605024 0.630951 0.652790 0.657712 
0.500000 0.500000 0.631446 0.652705 0.657639 
0.675038 0.500000 0.650873 0.652817 0.657620 
0.500000 0.640516 0.665019 0.657207 0.657645 
0.500000 0.641398 0.653567 0.660387 0.658633 
0.500000 0.638941 0.644032 0.657814 0.659347 
0.500000 0.635024 0.636176 0.655664 0.658769 
0.500000 0.629977 0.630195 0.653889 0.658286 
0.500000 0.624185 0.626090 0.652534 0.657886 
0.500000 0.618027 0.623739 0.651602 0.657581 
0.500000 0.611849 0.622937 0.651068 0.657371 
0.500000 0.605944 0.623439 0.650886 0.657251 
0.675038 0.500000 0.624974 0.651000 0.657210 
0.500000 0.638363 0.645815 0.651349 0.657236 
0.500000 0.636340 0.636789 0.656067 0.657314 
0.500000 0.631290 0.630492 0.654027 0.658376 
0.500000 0.625481 0.626087 0.652601 0.657917 
0.500000 0.619248 0.623487 0.651602 0.657596 
0.500000 0.612953 0.622493 0.651011 0.657371 
0.500000 0.606900 0.622856 0.650785 0.657238 
0.500000 0.500000 0.624306 0.650868 0.657187 
0.500000 0.500000 0.645294 0.651197 0.657206 
0.675038 0.500000 0.660783 0.655949 0.657280 
0.500000 0.641268 0.672503 0.659436 0.658350 
0.500000 0.643306 0.660374 0.662063 0.659134 
0.500000 0.641918 0.649711 0.659344 0.659724 
0.500000 0.638813 0.640538 0.656945 0.659113 
0.500000 0.634314 0.633196 0.654875 0.658574 
0.500000 0.628804 0.627797 0.653214 0.658108 
0.500000 0.622675 0.624289 0.651990 0.657734 
0.500000 0.616305 0.622511 0.651193 0.657459 
0.500000 0.610034 0.622234 0.650790 0.657279 
0.675038 0.500000 0.623192 0.650727 0.657188 
0.500000 0.641355 0.644437 0.650944 0.657174 
0.500000 0.638989 0.634990 0.655756 0.657223 
0.500000 0.633515 0.628448 0.653620 0.658306 
0.500000 0.627256 0.623927 0.652137 0.657826 
0.500000 0.620567 0.621325 0.651111 0.657492 
0.500000 0.613833 0.620422 0.650520 0.657261 
0.500000 0.607382 0.620949 0.650315 0.657128 
0.500000 0.500000 0.622615 0.650434 0.657081 
0.500000 0.500000 0.643960 0.650813 0.657108 
0.675038 0.500000 0.659765 0.655648 0.657194 
0.500000 0.640781 0.671740 0.659208 0.658282 
0.500000 0.642725 0.659743 0.661893 0.659082 
0.500000 0.641259 0.649253 0.659203 0.659685 
0.500000 0.638109 0.640263 0.656842 0.659081 
0.500000 0.633598 0.633095 0.654813 0.658551 
0.500000 0.628106 0.627849 0.653191 0.658094 
0.500000 0.622022 0.624468 0.652002 0.657729 
0.500000 0.615721 0.622787 0.651234 0.657461 
0.500000 0.609534 0.622577 0.650852 0.657289 
0.675038 0.500000 0.623575 0.650804 0.657202 
0.500000 0.641046 0.644736 0.651031 0.657192 
0.500000 0.638740 0.635313 0.655823 0.657243 
0.500000 0.633331 0.628771 0.653693 0.658322 
0.500000 0.627134 0.624236 0.652211 0.657842 
0.500000 0.620503 0.621609 0.651181 0.657508 
0.500000 0.613820 0.620673 0.650584 0.657277 
0.500000 0.607411 0.621163 0.650372 0.657142 
0.500000 0.500000 0.622789 0.650483 0.657094 
0.500000 0.500000 0.644097 0.650852 0.657119 
0.675038 0.500000 0.659870 0.655679 0.657203 
0.500000 0.640893 0.671819 0.659231 0.658289 
0.500000 0.642843 0.659797 0.661910 0.659088 
0.500000 0.641380 0.649280 0.659215 0.659689 
0.500000 0.638229 0.640263 0.656848 0.659084 
0.500000 0.633712 0.633072 0.654813 0.658552 
0.500000 0.628211 0.627808 0.653186 0.658094 
0.500000 0.622115 0.624413 0.651992 0.657728 
0.500000 0.615799 0.622723 0.651222 0.657459 
0.500000 0.609596 0.622509 0.650838 0.657286 
0.675038 0.500000 0.623505 0.650789 0.657199 
0.500000 0.641077 0.644682 0.651015 0.657188 
0.500000 0.638761 0.635259 0.655811 0.657239 
0.500000 0.633342 0.628721 0.653681 0.658319 
0.500000 0.627137 0.624192 0.652199 0.657840 
0.500000 0.620498 0.621571 0.651171 0.657506 
0.500000 0.613809 0.620642 0.650576 0.657274 
0.500000 0.607395 0.621139 0.650365 0.657140 
0.500000 0.500000 0.622771 0.650477 0.657093 
0.500000 0.500000 0.644084 0.650849 0.657118 
