0.500000 0.500000 0.268941 0.500000 0.500000 
0.500000 0.500000 0.268941 0.368680 0.500000 
0.500000 0.500000 0.268941 0.368680 0.323582 
0.500000 0.500000 0.268941 0.368680 0.323582 
0.500000 0.500000 0.268941 0.368680 0.323582 
0.500000 0.500000 0.268941 0.368680 0.323582 
0.500000 0.500000 0.268941 0.368680 0.323582 
0.500000 0.500000 0.268941 0.368680 0.323582 
0.500000 0.500000 0.268941 0.368680 0.323582 
0.500000 0.500000 0.268941 0.368680 0.323582 
0.500000 0.500000 0.268941 0.368680 0.323582 
0.500000 0.500000 0.268941 0.368680 0.323582 
0.500000 0.500000 0.268941 0.368680 0.323582 
0.500000 0.500000 0.268941 0.368680 0.323582 
0.500000 0.500000 0.268941 0.368680 0.323582 
0.500000 0.500000 0.268941 0.368680 0.323582 
0.500000 0.500000 0.268941 0.368680 0.323582 
0.500000 0.500000 0.268941 0.368680 0.323582 
0.500000 0.500000 0.268941 0.368680 0.323582 
0.500000 0.500000 0.268941 0.368680 0.323582 
0.500000 0.500000 0.268941 0.368680 0.323582 
0.500000 0.500000 0.268941 0.368680 0.323582 
0.500000 0.500000 0.268941 0.368680 0.323582 
0.500000 0.500000 0.268941 0.368680 0.323582 
0.500000 0.500000 0.268941 0.368680 0.323582 
0.500000 0.500000 0.268941 0.368680 0.323582 
0.500000 0.500000 0.268941 0.368680 0.323582 
0.500000 0.500000 0.268941 0.368680 0.323582 
0.500000 0.500000 0.268941 0.368680 0.323582 
0.500000 0.500000 0.268941 0.368680 0.323582 
0.500000 0.500000 0.268941 0.368680 0.323582 
0.500000 0.500000 0.268941 0.368680 0.323582 
0.500000 0.500000 0.268941 0.368680 0.323582 
0.500000 0.500000 0.268941 0.368680 0.323582 
0.500000 0.500000 0.268941 0.368680 0.323582 
0.500000 0.500000 0.268941 0.368680 0.323582 
0.500000 0.500000 0.268941 0.368680 0.323582 
0.500000 0.500000 0.268941 0.368680 0.323582 
0.500000 0.500000 0.268941 0.368680 0.323582 
0.500000 0.500000 0.268941 0.368680 0.323582 
0.500000 0.500000 0.268941 0.368680 0.323582 
0.500000 0.500000 0.268941 0.368680 0.323582 
0.500000 0.500000 0.268941 0.368680 0.323582 
0.500000 0.500000 0.268941 0.368680 0.323582 
0.500000 0.500000 0.268941 0.368680 0.323582 
0.500000 0.500000 0.268941 0.368680 0.323582 
0.500000 0.500000 0.268941 0.368680 0.323582 
0.500000 0.500000 0.268941 0.368680 0.323582 
0.500000 0.500000 0.268941 0.368680 0.323582 
0.500000 0.500000 0.268941 0.368680 0.323582 
0.500000 0.500000 0.268941 0.368680 0.323582 
0.500000 0.500000 0.268941 0.368680 0.323582 
0.500000 0.500000 0.268941 0.368680 0.323582 
0.500000 0.500000 0.268941 0.368680 0.323582 
0.500000 0.500000 0.268941 0.368680 0.323582 
0.500000 0.500000 0.268941 0.368680 0.323582 
0.500000 0.500000 0.268941 0.368680 0.323582 
0.500000 0.500000 0.268941 0.368680 0.323582 
0.500000 0.500000 0.268941 0.368680 0.323582 
0.500000 0.500000 0.268941 0.368680 0.323582 
0.500000 0.500000 0.268941 0.368680 0.323582 
0.500000 0.500000 0.268941 0.368680 0.323582 
0.500000 0.500000 0.268941 0.368680 0.323582 
0.500000 0.500000 0.268941 0.368680 0.323582 
0.500000 0.500000 0.268941 0.368680 0.323582 
0.500000 0.500000 0.268941 0.368680 0.323582 
0.500000 0.500000 0.268941 0.368680 0.323582 
0.500000 0.500000 0.268941 0.368680 0.323582 
0.500000 0.500000 0.268941 0.368680 0.323582 
0.500000 0.500000 0.268941 0.368680 0.323582 
0.500000 0.500000 0.268941 0.368680 0.323582 
0.500000 0.500000 0.268941 0.368680 0.323582 
0.500000 0.500000 0.268941 0.368680 0.323582 
0.500000 0.500000 0.268941 0.368680 0.323582 
0.500000 0.500000 0.268941 0.368680 0.323582 
0.500000 0.500000 0.268941 0.368680 0.323582 
0.500000 0.500000 0.268941 0.368680 0.323582 
0.500000 0.500000 0.268941 0.368680 0.323582 
0.500000 0.500000 0.268941 0.368680 0.323582 
0.500000 0.500000 0.268941 0.368680 0.323582 
0.500000 0.500000 0.268941 0.368680 0.323582 
0.500000 0.500000 0.268941 0.368680 0.323582 
0.500000 0.500000 0.268941 0.368680 0.323582 
0.500000 0.500000 0.268941 0.368680 0.323582 
0.500000 0.500000 0.268941 0.368680 0.323582 
0.500000 0.500000 0.268941 0.368680 0.323582 
0.500000 0.500000 0.268941 0.368680 0.323582 
0.500000 0.500000 0.268941 0.368680 0.323582 
0.500000 0.500000 0.268941 0.368680 0.323582 
0.500000 0.500000 0.268941 0.368680 0.323582 
0.500000 0.500000 0.268941 0.368680 0.323582 
0.500000 0.500000 0.268941 0.368680 0.323582 
0.500000 0.500000 0.268941 0.368680 0.323582 
0.500000 0.500000 0.268941 0.368680 0.323582 
0.500000 0.500000 0.268941 0.368680 0.323582 
0.500000 0.500000 0.268941 0.368680 0.323582 
0.500000 0.500000 0.268941 0.368680 0.323582 
0.500000 0.500000 0.268941 0.368680 0.323582 
0.500000 0.500000 0.268941 0.368680 0.323582 
0.500000 0.500000 0.268941 0.368680 0.323582 
