0.500000 0.440679 0.500000 0.268941 0.500000 0.500000 0.500000 0.500000 0.500000 
0.500000 0.440679 0.500000 0.257399 0.500000 0.500000 0.500000 0.500000 0.500000 
0.500000 0.440679 0.500000 0.254012 0.500000 0.500000 0.500000 0.500000 0.500000 
0.500000 0.440679 0.500000 0.253004 0.500000 0.500000 0.500000 0.500000 0.500000 
0.500000 0.440679 0.351699 0.252702 0.500000 0.500000 0.500000 0.500000 0.500000 
0.500000 0.440679 0.366502 0.301187 0.500000 0.500000 0.331059 0.500000 0.500000 
0.500000 0.440679 0.379161 0.310945 0.500000 0.500000 0.324536 0.500000 0.500000 
0.500000 0.440679 0.389941 0.309424 0.500000 0.500000 0.319011 0.500000 0.500000 
0.500000 0.440679 0.399105 0.305226 0.500000 0.500000 0.314345 0.500000 0.500000 
0.500000 0.440679 0.406898 0.300817 0.500000 0.500000 0.310409 0.500000 0.500000 
0.500000 0.440679 0.413536 0.296840 0.500000 0.500000 0.307082 0.500000 0.500000 
0.500000 0.440679 0.419204 0.293405 0.500000 0.500000 0.304265 0.500000 0.500000 
0.500000 0.440679 0.424058 0.290473 0.500000 0.500000 0.301870 0.500000 0.500000 
0.500000 0.440679 0.428228 0.287976 0.500000 0.500000 0.299828 0.500000 0.500000 
0.500000 0.440679 0.431823 0.285844 0.500000 0.500000 0.298080 0.500000 0.500000 
0.500000 0.440679 0.434931 0.284019 0.500000 0.500000 0.296578 0.500000 0.500000 
0.500000 0.440679 0.437628 0.282450 0.500000 0.500000 0.295283 0.500000 0.500000 
0.500000 0.440679 0.439975 0.281096 0.500000 0.500000 0.294162 0.500000 0.500000 
0.500000 0.440679 0.442023 0.279924 0.500000 0.500000 0.293188 0.500000 0.500000 
0.500000 0.440679 0.443816 0.278906 0.500000 0.500000 0.292340 0.500000 0.500000 
0.500000 0.440679 0.445388 0.278018 0.500000 0.500000 0.291599 0.500000 0.500000 
0.500000 0.440679 0.446771 0.277242 0.500000 0.500000 0.290950 0.500000 0.500000 
0.500000 0.440679 0.447990 0.276562 0.500000 0.500000 0.290379 0.500000 0.500000 
0.500000 0.440679 0.449066 0.275965 0.500000 0.500000 0.289877 0.500000 0.500000 
0.500000 0.440679 0.450017 0.275439 0.500000 0.500000 0.289435 0.500000 0.500000 
0.500000 0.440679 0.450860 0.274975 0.500000 0.500000 0.289043 0.500000 0.500000 
0.500000 0.440679 0.451609 0.274564 0.500000 0.500000 0.288697 0.500000 0.500000 
0.500000 0.440679 0.452273 0.274201 0.500000 0.500000 0.288390 0.500000 0.500000 
0.500000 0.440679 0.452865 0.273879 0.500000 0.500000 0.288117 0.500000 0.500000 
0.500000 0.440679 0.453391 0.273592 0.500000 0.500000 0.287874 0.500000 0.500000 
0.500000 0.440679 0.453861 0.273337 0.500000 0.500000 0.287659 0.500000 0.500000 
0.500000 0.440679 0.454280 0.273111 0.500000 0.500000 0.287466 0.500000 0.500000 
0.500000 0.440679 0.454654 0.272909 0.500000 0.500000 0.287295 0.500000 0.500000 
0.500000 0.440679 0.454989 0.272728 0.500000 0.500000 0.287141 0.500000 0.500000 
0.500000 0.440679 0.455288 0.272567 0.500000 0.500000 0.287004 0.500000 0.500000 
0.500000 0.440679 0.455556 0.272423 0.500000 0.500000 0.286882 0.500000 0.500000 
0.500000 0.440679 0.455795 0.272294 0.500000 0.500000 0.286772 0.500000 0.500000 
0.500000 0.440679 0.456010 0.272179 0.500000 0.500000 0.286674 0.500000 0.500000 
0.500000 0.440679 0.456203 0.272076 0.500000 0.500000 0.286587 0.500000 0.500000 
0.500000 0.440679 0.456375 0.271984 0.500000 0.500000 0.286508 0.500000 0.500000 
0.500000 0.440679 0.456530 0.271901 0.500000 0.500000 0.286437 0.500000 0.500000 
0.500000 0.440679 0.456669 0.271827 0.500000 0.500000 0.286374 0.500000 0.500000 
0.500000 0.440679 0.456794 0.271760 0.500000 0.500000 0.286317 0.500000 0.500000 
0.500000 0.440679 0.456906 0.271700 0.500000 0.500000 0.286266 0.500000 0.500000 
0.500000 0.440679 0.457006 0.271647 0.500000 0.500000 0.286221 0.500000 0.500000 
0.500000 0.440679 0.457097 0.271599 0.500000 0.500000 0.286179 0.500000 0.500000 
0.500000 0.440679 0.457178 0.271555 0.500000 0.500000 0.286143 0.500000 0.500000 
0.500000 0.440679 0.457251 0.271517 0.500000 0.500000 0.286109 0.500000 0.500000 
0.500000 0.440679 0.457316 0.271482 0.500000 0.500000 0.286080 0.500000 0.500000 
0.500000 0.440679 0.457375 0.271450 0.500000 0.500000 0.286053 0.500000 0.500000 
0.500000 0.440679 0.457428 0.271422 0.500000 0.500000 0.286029 0.500000 0.500000 
0.500000 0.440679 0.457476 0.271397 0.500000 0.500000 0.286007 0.500000 0.500000 
0.500000 0.440679 0.457518 0.271374 0.500000 0.500000 0.285988 0.500000 0.500000 
0.500000 0.440679 0.457557 0.271354 0.500000 0.500000 0.285970 0.500000 0.500000 
0.500000 0.440679 0.457591 0.271335 0.500000 0.500000 0.285955 0.500000 0.500000 
0.500000 0.440679 0.457623 0.271319 0.500000 0.500000 0.285940 0.500000 0.500000 
0.500000 0.440679 0.457651 0.271304 0.500000 0.500000 0.285928 0.500000 0.500000 
0.500000 0.440679 0.457676 0.271290 0.500000 0.500000 0.285916 0.500000 0.500000 
0.500000 0.440679 0.457698 0.271278 0.500000 0.500000 0.285906 0.500000 0.500000 
0.500000 0.440679 0.457719 0.271268 0.500000 0.500000 0.285897 0.500000 0.500000 
0.500000 0.440679 0.457737 0.271258 0.500000 0.500000 0.285888 0.500000 0.500000 
0.500000 0.440679 0.457754 0.271249 0.500000 0.500000 0.285881 0.500000 0.500000 
0.500000 0.440679 0.457768 0.271241 0.500000 0.500000 0.285874 0.500000 0.500000 
0.500000 0.440679 0.457782 0.271234 0.500000 0.500000 0.285868 0.500000 0.500000 
0.500000 0.440679 0.457794 0.271228 0.500000 0.500000 0.285863 0.500000 0.500000 
0.500000 0.440679 0.457805 0.271222 0.500000 0.500000 0.285858 0.500000 0.500000 
0.500000 0.440679 0.457814 0.271217 0.500000 0.500000 0.285853 0.500000 0.500000 
0.500000 0.440679 0.457823 0.271212 0.500000 0.500000 0.285849 0.500000 0.500000 
0.500000 0.440679 0.457831 0.271208 0.500000 0.500000 0.285846 0.500000 0.500000 
0.500000 0.440679 0.457838 0.271204 0.500000 0.500000 0.285843 0.500000 0.500000 
0.500000 0.440679 0.457844 0.271201 0.500000 0.500000 0.285840 0.500000 0.500000 
0.500000 0.440679 0.457850 0.271198 0.500000 0.500000 0.285837 0.500000 0.500000 
0.500000 0.440679 0.457855 0.271195 0.500000 0.500000 0.285835 0.500000 0.500000 
0.500000 0.440679 0.457860 0.271193 0.500000 0.500000 0.285833 0.500000 0.500000 
0.500000 0.440679 0.457864 0.271190 0.500000 0.500000 0.285831 0.500000 0.500000 
0.500000 0.440679 0.457868 0.271188 0.500000 0.500000 0.285829 0.500000 0.500000 
0.500000 0.440679 0.457871 0.271187 0.500000 0.500000 0.285828 0.500000 0.500000 
0.500000 0.440679 0.457874 0.271185 0.500000 0.500000 0.285826 0.500000 0.500000 
0.500000 0.440679 0.457877 0.271184 0.500000 0.500000 0.285825 0.500000 0.500000 
0.500000 0.440679 0.457879 0.271182 0.500000 0.500000 0.285824 0.500000 0.500000 
0.500000 0.440679 0.457882 0.271181 0.500000 0.500000 0.285823 0.500000 0.500000 
0.500000 0.440679 0.457884 0.271180 0.500000 0.500000 0.285822 0.500000 0.500000 
0.500000 0.440679 0.457886 0.271179 0.500000 0.500000 0.285821 0.500000 0.500000 
0.500000 0.440679 0.457887 0.271178 0.500000 0.500000 0.285820 0.500000 0.500000 
0.500000 0.440679 0.457889 0.271177 0.500000 0.500000 0.285820 0.500000 0.500000 
0.500000 0.440679 0.457890 0.271177 0.500000 0.500000 0.285819 0.500000 0.500000 
0.500000 0.440679 0.457891 0.271176 0.500000 0.500000 0.285819 0.500000 0.500000 
0.500000 0.440679 0.457892 0.271176 0.500000 0.500000 0.285818 0.500000 0.500000 
0.500000 0.440679 0.457893 0.271175 0.500000 0.500000 0.285818 0.500000 0.500000 
0.500000 0.440679 0.457894 0.271175 0.500000 0.500000 0.285817 0.500000 0.500000 
0.500000 0.440679 0.457895 0.271174 0.500000 0.500000 0.285817 0.500000 0.500000 
0.500000 0.440679 0.457895 0.271174 0.500000 0.500000 0.285817 0.500000 0.500000 
0.500000 0.440679 0.457896 0.271173 0.500000 0.500000 0.285816 0.500000 0.500000 
0.500000 0.440679 0.457897 0.271173 0.500000 0.500000 0.285816 0.500000 0.500000 
0.500000 0.440679 0.457897 0.271173 0.500000 0.500000 0.285816 0.500000 0.500000 
0.500000 0.440679 0.457898 0.271173 0.500000 0.500000 0.285816 0.500000 0.500000 
0.500000 0.440679 0.457898 0.271172 0.500000 0.500000 0.285815 0.500000 0.500000 
0.500000 0.440679 0.457898 0.271172 0.500000 0.500000 0.285815 0.500000 0.500000 
0.500000 0.440679 0.457899 0.271172 0.500000 0.500000 0.285815 0.500000 0.500000 
0.500000 0.440679 0.457899 0.271172 0.500000 0.500000 0.285815 0.500000 0.500000 
