0.500000 0.440679 0.500000 0.368680 0.349770 0.500000 0.440679 0.440679 0.500000 
0.500000 0.440679 0.500000 0.389497 0.384275 0.292896 0.500000 0.331914 0.500000 
0.500000 0.440679 0.500000 0.408102 0.392582 0.292896 0.500000 0.316793 0.500000 
0.500000 0.440679 0.500000 0.424341 0.390308 0.292896 0.500000 0.313208 0.500000 
0.500000 0.440679 0.500000 0.438238 0.383524 0.292896 0.500000 0.314187 0.500000 
0.500000 0.440679 0.500000 0.449934 0.375046 0.292896 0.500000 0.317118 0.500000 
0.500000 0.440679 0.500000 0.459647 0.366343 0.292896 0.500000 0.320801 0.500000 
0.500000 0.440679 0.500000 0.467627 0.358181 0.292896 0.500000 0.324606 0.500000 
0.500000 0.440679 0.500000 0.474125 0.350917 0.292896 0.500000 0.328195 0.500000 
0.500000 0.440679 0.500000 0.479380 0.344669 0.292896 0.500000 0.331406 0.500000 
0.500000 0.440679 0.500000 0.483607 0.339417 0.292896 0.500000 0.334180 0.500000 
0.500000 0.440679 0.500000 0.486992 0.335073 0.292896 0.500000 0.336522 0.500000 
0.500000 0.440679 0.500000 0.489694 0.331523 0.292896 0.500000 0.338464 0.500000 
0.500000 0.440679 0.500000 0.491844 0.328646 0.292896 0.500000 0.340056 0.500000 
0.500000 0.440679 0.500000 0.493551 0.326330 0.292896 0.500000 0.341348 0.500000 
0.500000 0.440679 0.500000 0.494905 0.324474 0.292896 0.500000 0.342390 0.500000 
0.500000 0.440679 0.500000 0.495977 0.322993 0.292896 0.500000 0.343226 0.500000 
0.500000 0.440679 0.500000 0.496825 0.321814 0.292896 0.500000 0.343894 0.500000 
0.500000 0.440679 0.500000 0.497495 0.320878 0.292896 0.500000 0.344427 0.500000 
0.500000 0.440679 0.500000 0.498024 0.320136 0.292896 0.500000 0.344850 0.500000 
0.500000 0.440679 0.500000 0.498442 0.319548 0.292896 0.500000 0.345185 0.500000 
0.500000 0.440679 0.500000 0.498772 0.319083 0.292896 0.500000 0.345451 0.500000 
0.500000 0.440679 0.500000 0.499032 0.318716 0.292896 0.500000 0.345661 0.500000 
0.500000 0.440679 0.500000 0.499237 0.318426 0.292896 0.500000 0.345827 0.500000 
0.500000 0.440679 0.500000 0.499399 0.318197 0.292896 0.500000 0.345959 0.500000 
0.500000 0.440679 0.500000 0.499526 0.318016 0.292896 0.500000 0.346062 0.500000 
0.500000 0.440679 0.500000 0.499626 0.317874 0.292896 0.500000 0.346144 0.500000 
0.500000 0.440679 0.500000 0.499706 0.317761 0.292896 0.500000 0.346209 0.500000 
0.500000 0.440679 0.500000 0.499768 0.317672 0.292896 0.500000 0.346259 0.500000 
0.500000 0.440679 0.500000 0.499817 0.317603 0.292896 0.500000 0.346300 0.500000 
0.500000 0.440679 0.500000 0.499856 0.317548 0.292896 0.500000 0.346331 0.500000 
0.500000 0.440679 0.500000 0.499887 0.317504 0.292896 0.500000 0.346356 0.500000 
0.500000 0.440679 0.500000 0.499911 0.317470 0.292896 0.500000 0.346376 0.500000 
0.500000 0.440679 0.500000 0.499930 0.317443 0.292896 0.500000 0.346391 0.500000 
0.500000 0.440679 0.500000 0.499944 0.317422 0.292896 0.500000 0.346404 0.500000 
0.500000 0.440679 0.500000 0.499956 0.317405 0.292896 0.500000 0.346413 0.500000 
0.500000 0.440679 0.500000 0.499966 0.317392 0.292896 0.500000 0.346421 0.500000 
0.500000 0.440679 0.500000 0.499973 0.317381 0.292896 0.500000 0.346427 0.500000 
0.500000 0.440679 0.500000 0.499979 0.317373 0.292896 0.500000 0.346431 0.500000 
0.500000 0.440679 0.500000 0.499983 0.317367 0.292896 0.500000 0.346435 0.500000 
0.500000 0.440679 0.500000 0.499987 0.317362 0.292896 0.500000 0.346438 0.500000 
0.500000 0.440679 0.500000 0.499990 0.317358 0.292896 0.500000 0.346440 0.500000 
0.500000 0.440679 0.500000 0.499992 0.317354 0.292896 0.500000 0.346442 0.500000 
0.500000 0.440679 0.500000 0.499994 0.317352 0.292896 0.500000 0.346444 0.500000 
0.500000 0.440679 0.500000 0.499995 0.317350 0.292896 0.500000 0.346445 0.500000 
0.500000 0.440679 0.500000 0.499996 0.317348 0.292896 0.500000 0.346446 0.500000 
0.500000 0.440679 0.500000 0.499997 0.317347 0.292896 0.500000 0.346446 0.500000 
0.500000 0.440679 0.500000 0.499997 0.317346 0.292896 0.500000 0.346447 0.500000 
0.500000 0.440679 0.500000 0.499998 0.317346 0.292896 0.500000 0.346447 0.500000 
0.500000 0.440679 0.500000 0.499998 0.317345 0.292896 0.500000 0.346448 0.500000 
0.500000 0.440679 0.500000 0.499999 0.317344 0.292896 0.500000 0.346448 0.500000 
0.500000 0.440679 0.500000 0.499999 0.317344 0.292896 0.500000 0.346448 0.500000 
0.500000 0.440679 0.500000 0.499999 0.317344 0.292896 0.500000 0.346448 0.500000 
0.500000 0.440679 0.500000 0.499999 0.317344 0.292896 0.500000 0.346448 0.500000 
0.500000 0.440679 0.500000 0.500000 0.317343 0.292896 0.500000 0.346448 0.500000 
0.500000 0.440679 0.500000 0.500000 0.317343 0.292896 0.500000 0.346449 0.500000 
0.500000 0.440679 0.500000 0.500000 0.317343 0.292896 0.500000 0.346449 0.500000 
0.500000 0.440679 0.500000 0.500000 0.317343 0.292896 0.500000 0.346449 0.500000 
0.500000 0.440679 0.500000 0.500000 0.317343 0.292896 0.500000 0.346449 0.500000 
0.500000 0.440679 0.500000 0.500000 0.317343 0.292896 0.500000 0.346449 0.500000 
0.500000 0.440679 0.500000 0.500000 0.317343 0.292896 0.500000 0.346449 0.500000 
0.500000 0.440679 0.500000 0.500000 0.317343 0.292896 0.500000 0.346449 0.500000 
0.500000 0.440679 0.500000 0.500000 0.317343 0.292896 0.500000 0.346449 0.500000 
0.500000 0.440679 0.500000 0.500000 0.317343 0.292896 0.500000 0.346449 0.500000 
0.500000 0.440679 0.500000 0.500000 0.317343 0.292896 0.500000 0.346449 0.500000 
0.500000 0.440679 0.500000 0.500000 0.317343 0.292896 0.500000 0.346449 0.500000 
0.500000 0.440679 0.500000 0.500000 0.317343 0.292896 0.500000 0.346449 0.500000 
0.500000 0.440679 0.500000 0.500000 0.317343 0.292896 0.500000 0.346449 0.500000 
0.500000 0.440679 0.500000 0.500000 0.317343 0.292896 0.500000 0.346449 0.500000 
0.500000 0.440679 0.500000 0.500000 0.317343 0.292896 0.500000 0.346449 0.500000 
0.500000 0.440679 0.500000 0.500000 0.317343 0.292896 0.500000 0.346449 0.500000 
0.500000 0.440679 0.500000 0.500000 0.317343 0.292896 0.500000 0.346449 0.500000 
0.500000 0.440679 0.500000 0.500000 0.317343 0.292896 0.500000 0.346449 0.500000 
0.500000 0.440679 0.500000 0.500000 0.317343 0.292896 0.500000 0.346449 0.500000 
0.500000 0.440679 0.500000 0.500000 0.317343 0.292896 0.500000 0.346449 0.500000 
0.500000 0.440679 0.500000 0.500000 0.317343 0.292896 0.500000 0.346449 0.500000 
0.500000 0.440679 0.500000 0.500000 0.317343 0.292896 0.500000 0.346449 0.500000 
0.500000 0.440679 0.500000 0.500000 0.317343 0.292896 0.500000 0.346449 0.500000 
0.500000 0.440679 0.500000 0.500000 0.317343 0.292896 0.500000 0.346449 0.500000 
0.500000 0.440679 0.500000 0.500000 0.317343 0.292896 0.500000 0.346449 0.500000 
0.500000 0.440679 0.500000 0.500000 0.317343 0.292896 0.500000 0.346449 0.500000 
0.500000 0.440679 0.500000 0.500000 0.317343 0.292896 0.500000 0.346449 0.500000 
0.500000 0.440679 0.500000 0.500000 0.317343 0.292896 0.500000 0.346449 0.500000 
0.500000 0.440679 0.500000 0.500000 0.317343 0.292896 0.500000 0.346449 0.500000 
0.500000 0.440679 0.500000 0.500000 0.317343 0.292896 0.500000 0.346449 0.500000 
0.500000 0.440679 0.500000 0.500000 0.317343 0.292896 0.500000 0.346449 0.500000 
0.500000 0.440679 0.500000 0.500000 0.317343 0.292896 0.500000 0.346449 0.500000 
0.500000 0.440679 0.500000 0.500000 0.317343 0.292896 0.500000 0.346449 0.500000 
0.500000 0.440679 0.500000 0.500000 0.317343 0.292896 0.500000 0.346449 0.500000 
0.500000 0.440679 0.500000 0.500000 0.317343 0.292896 0.500000 0.346449 0.500000 
0.500000 0.440679 0.500000 0.500000 0.317343 0.292896 0.500000 0.346449 0.500000 
0.500000 0.440679 0.500000 0.500000 0.317343 0.292896 0.500000 0.346449 0.500000 
0.500000 0.440679 0.500000 0.500000 0.317343 0.292896 0.500000 0.346449 0.500000 
0.500000 0.440679 0.500000 0.500000 0.317343 0.292896 0.500000 0.346449 0.500000 
0.500000 0.440679 0.500000 0.500000 0.317343 0.292896 0.500000 0.346449 0.500000 
0.500000 0.440679 0.500000 0.500000 0.317343 0.292896 0.500000 0.346449 0.500000 
0.500000 0.440679 0.500000 0.500000 0.317343 0.292896 0.500000 0.346449 0.500000 
0.500000 0.440679 0.500000 0.500000 0.317343 0.292896 0.500000 0.346449 0.500000 
0.500000 0.440679 0.500000 0.500000 0.317343 0.292896 0.500000 0.346449 0.500000 
0.500000 0.440679 0.500000 0.500000 0.317343 0.292896 0.500000 0.346449 0.500000 
