0.500000 0.440679 0.500000 0.268941 0.500000 0.500000 0.500000 0.500000 0.500000 
0.500000 0.440679 0.500000 0.257399 0.500000 0.500000 0.500000 0.500000 0.500000 
0.500000 0.440679 0.500000 0.254012 0.500000 0.500000 0.500000 0.500000 0.500000 
0.500000 0.440679 0.500000 0.253004 0.500000 0.500000 0.500000 0.500000 0.500000 
0.500000 0.440679 0.500000 0.252702 0.395908 0.500000 0.500000 0.500000 0.500000 
0.500000 0.440679 0.500000 0.252611 0.402842 0.500000 0.500000 0.311779 0.500000 
0.500000 0.440679 0.500000 0.252584 0.406870 0.500000 0.500000 0.308811 0.500000 
0.500000 0.440679 0.500000 0.252576 0.409236 0.500000 0.500000 0.307094 0.500000 
0.500000 0.440679 0.500000 0.252573 0.410637 0.500000 0.500000 0.306088 0.500000 
0.500000 0.440679 0.500000 0.252573 0.411471 0.500000 0.500000 0.305493 0.500000 
0.500000 0.440679 0.370857 0.252572 0.411968 0.500000 0.500000 0.305140 0.500000 
0.500000 0.440679 0.373498 0.294341 0.396389 0.500000 0.322629 0.304929 0.500000 
0.500000 0.440679 0.374119 0.306420 0.500000 0.500000 0.321476 0.311573 0.500000 
0.500000 0.440679 0.385651 0.309831 0.500000 0.500000 0.321205 0.500000 0.500000 
0.500000 0.440679 0.395458 0.306833 0.500000 0.500000 0.316198 0.500000 0.500000 
0.500000 0.440679 0.403796 0.302548 0.500000 0.500000 0.311972 0.500000 0.500000 
0.500000 0.440679 0.410892 0.298413 0.500000 0.500000 0.308404 0.500000 0.500000 
0.500000 0.440679 0.416944 0.294768 0.500000 0.500000 0.305385 0.500000 0.500000 
0.500000 0.440679 0.422121 0.291638 0.500000 0.500000 0.302824 0.500000 0.500000 
0.500000 0.440679 0.426562 0.288970 0.500000 0.500000 0.300642 0.500000 0.500000 
0.500000 0.440679 0.430385 0.286694 0.500000 0.500000 0.298778 0.500000 0.500000 
0.500000 0.440679 0.433687 0.284747 0.500000 0.500000 0.297178 0.500000 0.500000 
0.500000 0.440679 0.436548 0.283077 0.500000 0.500000 0.295801 0.500000 0.500000 
0.500000 0.440679 0.439034 0.281637 0.500000 0.500000 0.294611 0.500000 0.500000 
0.500000 0.440679 0.441202 0.280393 0.500000 0.500000 0.293578 0.500000 0.500000 
0.500000 0.440679 0.443096 0.279314 0.500000 0.500000 0.292680 0.500000 0.500000 
0.500000 0.440679 0.444756 0.278374 0.500000 0.500000 0.291896 0.500000 0.500000 
0.500000 0.440679 0.446215 0.277554 0.500000 0.500000 0.291210 0.500000 0.500000 
0.500000 0.440679 0.447499 0.276836 0.500000 0.500000 0.290609 0.500000 0.500000 
0.500000 0.440679 0.448632 0.276205 0.500000 0.500000 0.290079 0.500000 0.500000 
0.500000 0.440679 0.449634 0.275651 0.500000 0.500000 0.289613 0.500000 0.500000 
0.500000 0.440679 0.450521 0.275162 0.500000 0.500000 0.289201 0.500000 0.500000 
0.500000 0.440679 0.451307 0.274730 0.500000 0.500000 0.288837 0.500000 0.500000 
0.500000 0.440679 0.452005 0.274347 0.500000 0.500000 0.288514 0.500000 0.500000 
0.500000 0.440679 0.452626 0.274009 0.500000 0.500000 0.288227 0.500000 0.500000 
0.500000 0.440679 0.453179 0.273708 0.500000 0.500000 0.287972 0.500000 0.500000 
0.500000 0.440679 0.453671 0.273440 0.500000 0.500000 0.287746 0.500000 0.500000 
0.500000 0.440679 0.454111 0.273202 0.500000 0.500000 0.287544 0.500000 0.500000 
0.500000 0.440679 0.454503 0.272990 0.500000 0.500000 0.287364 0.500000 0.500000 
0.500000 0.440679 0.454854 0.272801 0.500000 0.500000 0.287203 0.500000 0.500000 
0.500000 0.440679 0.455167 0.272632 0.500000 0.500000 0.287060 0.500000 0.500000 
0.500000 0.440679 0.455448 0.272481 0.500000 0.500000 0.286931 0.500000 0.500000 
0.500000 0.440679 0.455699 0.272346 0.500000 0.500000 0.286817 0.500000 0.500000 
0.500000 0.440679 0.455923 0.272226 0.500000 0.500000 0.286714 0.500000 0.500000 
0.500000 0.440679 0.456125 0.272118 0.500000 0.500000 0.286622 0.500000 0.500000 
0.500000 0.440679 0.456306 0.272021 0.500000 0.500000 0.286540 0.500000 0.500000 
0.500000 0.440679 0.456468 0.271934 0.500000 0.500000 0.286466 0.500000 0.500000 
0.500000 0.440679 0.456613 0.271857 0.500000 0.500000 0.286400 0.500000 0.500000 
0.500000 0.440679 0.456743 0.271787 0.500000 0.500000 0.286340 0.500000 0.500000 
0.500000 0.440679 0.456860 0.271725 0.500000 0.500000 0.286287 0.500000 0.500000 
0.500000 0.440679 0.456966 0.271668 0.500000 0.500000 0.286239 0.500000 0.500000 
0.500000 0.440679 0.457060 0.271618 0.500000 0.500000 0.286196 0.500000 0.500000 
0.500000 0.440679 0.457145 0.271573 0.500000 0.500000 0.286157 0.500000 0.500000 
0.500000 0.440679 0.457221 0.271532 0.500000 0.500000 0.286123 0.500000 0.500000 
0.500000 0.440679 0.457290 0.271496 0.500000 0.500000 0.286092 0.500000 0.500000 
0.500000 0.440679 0.457351 0.271463 0.500000 0.500000 0.286064 0.500000 0.500000 
0.500000 0.440679 0.457407 0.271434 0.500000 0.500000 0.286039 0.500000 0.500000 
0.500000 0.440679 0.457456 0.271407 0.500000 0.500000 0.286016 0.500000 0.500000 
0.500000 0.440679 0.457501 0.271383 0.500000 0.500000 0.285996 0.500000 0.500000 
0.500000 0.440679 0.457541 0.271362 0.500000 0.500000 0.285977 0.500000 0.500000 
0.500000 0.440679 0.457577 0.271343 0.386289 0.500000 0.285961 0.500000 0.500000 
0.500000 0.440679 0.451936 0.271325 0.386321 0.500000 0.285946 0.315922 0.500000 
0.500000 0.440679 0.446307 0.273123 0.500000 0.500000 0.288255 0.315908 0.500000 
0.500000 0.440679 0.447581 0.275474 0.500000 0.500000 0.290571 0.500000 0.500000 
0.500000 0.440679 0.448704 0.275771 0.500000 0.500000 0.290046 0.500000 0.500000 
0.500000 0.440679 0.449697 0.275497 0.500000 0.500000 0.289583 0.500000 0.500000 
0.500000 0.440679 0.450577 0.275095 0.500000 0.500000 0.289175 0.500000 0.500000 
0.500000 0.440679 0.451357 0.274692 0.500000 0.500000 0.288813 0.500000 0.500000 
0.500000 0.440679 0.452050 0.274320 0.500000 0.500000 0.288493 0.500000 0.500000 
0.500000 0.440679 0.452666 0.273986 0.500000 0.500000 0.288209 0.500000 0.500000 
0.500000 0.440679 0.453214 0.273688 0.500000 0.500000 0.287956 0.500000 0.500000 
0.500000 0.440679 0.453703 0.273423 0.500000 0.500000 0.287731 0.500000 0.500000 
0.500000 0.440679 0.454139 0.273187 0.500000 0.500000 0.287531 0.500000 0.500000 
0.500000 0.440679 0.454528 0.272977 0.500000 0.500000 0.287352 0.500000 0.500000 
0.500000 0.440679 0.454876 0.272789 0.500000 0.500000 0.287193 0.500000 0.500000 
0.500000 0.440679 0.455187 0.272621 0.500000 0.500000 0.287051 0.500000 0.500000 
0.500000 0.440679 0.455465 0.272472 0.500000 0.500000 0.286923 0.500000 0.500000 
0.500000 0.440679 0.455715 0.272338 0.500000 0.500000 0.286809 0.500000 0.500000 
0.500000 0.440679 0.455938 0.272218 0.500000 0.500000 0.286707 0.500000 0.500000 
0.500000 0.440679 0.456138 0.272111 0.500000 0.500000 0.286616 0.500000 0.500000 
0.500000 0.440679 0.456317 0.272015 0.500000 0.500000 0.286534 0.500000 0.500000 
0.500000 0.440679 0.456478 0.271929 0.500000 0.500000 0.286461 0.500000 0.500000 
0.500000 0.440679 0.456622 0.271852 0.500000 0.500000 0.286395 0.500000 0.500000 
0.500000 0.440679 0.456752 0.271783 0.500000 0.500000 0.286336 0.500000 0.500000 
0.500000 0.440679 0.456868 0.271721 0.500000 0.500000 0.286283 0.500000 0.500000 
0.500000 0.440679 0.456972 0.271665 0.500000 0.500000 0.286236 0.500000 0.500000 
0.500000 0.440679 0.457066 0.271615 0.500000 0.500000 0.286193 0.500000 0.500000 
0.500000 0.440679 0.457150 0.271570 0.500000 0.500000 0.286155 0.500000 0.500000 
0.500000 0.440679 0.457226 0.271530 0.500000 0.500000 0.286121 0.500000 0.500000 
0.500000 0.440679 0.457294 0.271493 0.500000 0.500000 0.286090 0.500000 0.500000 
0.500000 0.440679 0.457355 0.271461 0.500000 0.500000 0.286062 0.500000 0.500000 
0.500000 0.440679 0.457410 0.271432 0.500000 0.500000 0.286037 0.500000 0.500000 
0.500000 0.440679 0.457459 0.271405 0.500000 0.500000 0.286015 0.500000 0.500000 
0.500000 0.440679 0.457504 0.271382 0.500000 0.500000 0.285994 0.500000 0.500000 
0.500000 0.440679 0.457544 0.271361 0.500000 0.500000 0.285976 0.500000 0.500000 
0.500000 0.440679 0.457580 0.271341 0.386291 0.500000 0.285960 0.500000 0.500000 
0.500000 0.440679 0.451939 0.271324 0.386323 0.500000 0.285945 0.315921 0.500000 
0.500000 0.440679 0.446310 0.273121 0.500000 0.500000 0.288254 0.315907 0.500000 
0.500000 0.440679 0.447583 0.275473 0.500000 0.500000 0.290570 0.500000 0.500000 
0.500000 0.440679 0.448706 0.275770 0.500000 0.500000 0.290045 0.500000 0.500000 
