0.500000 0.268941 0.268941 0.500000 0.500000 
0.500000 0.259233 0.208107 0.368680 0.500000 
0.500000 0.262866 0.196665 0.397423 0.323582 
0.500000 0.261934 0.183443 0.402916 0.311129 
0.500000 0.259613 0.173192 0.409294 0.308779 
0.500000 0.256118 0.164781 0.414260 0.306064 
0.500000 0.251869 0.157848 0.418347 0.303958 
0.500000 0.247163 0.500000 0.421725 0.302232 
0.500000 0.258179 0.500000 0.500000 0.300809 
0.500000 0.259241 0.500000 0.500000 0.500000 
0.440679 0.260199 0.500000 0.500000 0.500000 
0.500000 0.284667 0.500000 0.500000 0.500000 
0.500000 0.283075 0.500000 0.500000 0.500000 
0.500000 0.281646 0.500000 0.500000 0.500000 
0.500000 0.280362 0.500000 0.500000 0.500000 
0.500000 0.279209 0.500000 0.500000 0.500000 
0.500000 0.278173 0.500000 0.500000 0.500000 
0.500000 0.277242 0.500000 0.500000 0.500000 
0.500000 0.276406 0.500000 0.500000 0.500000 
0.500000 0.275654 0.500000 0.500000 0.500000 
0.440679 0.274979 0.500000 0.500000 0.500000 
0.500000 0.298513 0.500000 0.500000 0.500000 
0.500000 0.295510 0.500000 0.500000 0.500000 
0.500000 0.292812 0.500000 0.500000 0.500000 
0.500000 0.290389 0.500000 0.500000 0.500000 
0.500000 0.288214 0.500000 0.500000 0.500000 
0.500000 0.286260 0.500000 0.500000 0.500000 
0.500000 0.284506 0.500000 0.500000 0.500000 
0.500000 0.282931 0.500000 0.500000 0.500000 
0.500000 0.281516 0.500000 0.500000 0.500000 
0.440679 0.280246 0.500000 0.500000 0.500000 
0.500000 0.303372 0.500000 0.500000 0.500000 
0.500000 0.299877 0.500000 0.500000 0.500000 
0.500000 0.296735 0.500000 0.500000 0.500000 
0.500000 0.293912 0.500000 0.500000 0.500000 
0.500000 0.291377 0.500000 0.500000 0.500000 
0.500000 0.289101 0.500000 0.500000 0.500000 
0.500000 0.287057 0.500000 0.500000 0.500000 
0.500000 0.285221 0.500000 0.500000 0.500000 
0.500000 0.283573 0.500000 0.500000 0.500000 
0.440679 0.282093 0.500000 0.500000 0.500000 
0.500000 0.305068 0.500000 0.500000 0.500000 
0.500000 0.301401 0.500000 0.500000 0.500000 
0.500000 0.298105 0.500000 0.500000 0.500000 
0.500000 0.295143 0.500000 0.500000 0.500000 
0.500000 0.292483 0.500000 0.500000 0.500000 
0.500000 0.290094 0.500000 0.500000 0.500000 
0.500000 0.287948 0.500000 0.500000 0.500000 
0.500000 0.286022 0.500000 0.500000 0.500000 
0.500000 0.284292 0.500000 0.500000 0.500000 
0.440679 0.282738 0.500000 0.500000 0.500000 
0.500000 0.305660 0.500000 0.500000 0.500000 
0.500000 0.301933 0.500000 0.500000 0.500000 
0.500000 0.298583 0.500000 0.500000 0.500000 
0.500000 0.295573 0.500000 0.500000 0.500000 
0.500000 0.292868 0.500000 0.500000 0.500000 
0.500000 0.290440 0.500000 0.500000 0.500000 
0.500000 0.288259 0.500000 0.500000 0.500000 
0.500000 0.286301 0.500000 0.500000 0.500000 
0.500000 0.284543 0.500000 0.500000 0.500000 
0.440679 0.282964 0.500000 0.500000 0.500000 
0.500000 0.305866 0.500000 0.500000 0.500000 
0.500000 0.302119 0.500000 0.500000 0.500000 
0.500000 0.298750 0.500000 0.500000 0.500000 
0.500000 0.295722 0.500000 0.500000 0.500000 
0.500000 0.293003 0.500000 0.500000 0.500000 
0.500000 0.290561 0.500000 0.500000 0.500000 
0.500000 0.288368 0.500000 0.500000 0.500000 
0.500000 0.286398 0.500000 0.500000 0.500000 
0.500000 0.284630 0.500000 0.500000 0.500000 
0.440679 0.283042 0.500000 0.500000 0.500000 
0.500000 0.305938 0.500000 0.500000 0.500000 
0.500000 0.302183 0.500000 0.500000 0.500000 
0.500000 0.298808 0.500000 0.500000 0.500000 
0.500000 0.295775 0.500000 0.500000 0.500000 
0.500000 0.293050 0.500000 0.500000 0.500000 
0.500000 0.290603 0.500000 0.500000 0.500000 
0.500000 0.288405 0.500000 0.500000 0.500000 
0.500000 0.286432 0.500000 0.500000 0.500000 
0.500000 0.284661 0.500000 0.500000 0.500000 
0.440679 0.283070 0.500000 0.500000 0.500000 
0.500000 0.305963 0.500000 0.500000 0.500000 
0.500000 0.302206 0.500000 0.500000 0.500000 
0.500000 0.298828 0.500000 0.500000 0.500000 
0.500000 0.295793 0.500000 0.500000 0.500000 
0.500000 0.293066 0.500000 0.500000 0.500000 
0.500000 0.290617 0.500000 0.500000 0.500000 
0.500000 0.288419 0.500000 0.500000 0.500000 
0.500000 0.286444 0.500000 0.500000 0.500000 
0.500000 0.284671 0.500000 0.500000 0.500000 
0.440679 0.283079 0.500000 0.500000 0.500000 
0.500000 0.305971 0.500000 0.500000 0.500000 
0.500000 0.302214 0.500000 0.500000 0.500000 
0.500000 0.298835 0.500000 0.500000 0.500000 
0.500000 0.295799 0.500000 0.500000 0.500000 
0.500000 0.293072 0.500000 0.500000 0.500000 
0.500000 0.290623 0.500000 0.500000 0.500000 
0.500000 0.288423 0.500000 0.500000 0.500000 
0.500000 0.286448 0.500000 0.500000 0.500000 
0.500000 0.284675 0.500000 0.500000 0.500000 
0.500000 0.268941 0.268941 0.500000 0.500000 
0.500000 0.231942 0.208107 0.368680 0.500000 
0.500000 0.500000 0.190096 0.397423 0.323582 
0.500000 0.500000 0.228439 0.406080 0.311129 
0.500000 0.500000 0.264163 0.387727 0.307430 
0.500000 0.500000 0.301905 0.370908 0.315301 
0.500000 0.500000 0.338308 0.353472 0.322607 
0.500000 0.500000 0.371417 0.337017 0.330274 
0.500000 0.500000 0.399693 0.322385 0.337594 
0.500000 0.500000 0.422514 0.310157 0.344169 
0.440679 0.500000 0.440094 0.300477 0.349710 
0.500000 0.230027 0.453192 0.293139 0.354125 
0.500000 0.250611 0.421577 0.287741 0.357489 
0.500000 0.266318 0.394203 0.300871 0.359973 
0.500000 0.274578 0.368859 0.312511 0.353945 
0.500000 0.276171 0.345095 0.323503 0.348640 
0.500000 0.271971 0.321501 0.333991 0.343664 
0.500000 0.262693 0.296831 0.344568 0.338949 
0.500000 0.248901 0.270270 0.355795 0.334225 
0.500000 0.231263 0.241820 0.368062 0.329247 
0.440679 0.500000 0.212696 0.381393 0.323852 
0.500000 0.500000 0.256966 0.395227 0.318042 
0.500000 0.500000 0.293193 0.374272 0.312071 
0.500000 0.500000 0.330313 0.357465 0.321139 
0.500000 0.500000 0.364293 0.340599 0.328511 
0.500000 0.500000 0.393757 0.325505 0.335994 
0.500000 0.500000 0.417821 0.312703 0.342762 
0.500000 0.500000 0.436536 0.302453 0.348553 
0.500000 0.228923 0.450568 0.294615 0.353222 
0.500000 0.248928 0.417697 0.288817 0.356811 
0.440679 0.263954 0.389512 0.302506 0.359477 
0.500000 0.295444 0.363255 0.314530 0.353198 
0.500000 0.293693 0.346636 0.325961 0.347724 
0.500000 0.287559 0.327993 0.333306 0.342556 
0.500000 0.277721 0.307878 0.341642 0.339256 
0.500000 0.264288 0.285265 0.350747 0.335529 
0.500000 0.247445 0.259870 0.361115 0.331481 
0.500000 0.227673 0.232212 0.372913 0.326902 
0.500000 0.500000 0.204030 0.385937 0.321732 
0.500000 0.500000 0.246680 0.399377 0.316074 
0.440679 0.500000 0.282837 0.379102 0.310292 
0.500000 0.500000 0.320347 0.362235 0.319036 
0.500000 0.500000 0.355321 0.345090 0.326409 
0.500000 0.500000 0.386163 0.329457 0.333993 
0.500000 0.500000 0.411743 0.315976 0.340984 
0.500000 0.500000 0.431885 0.305024 0.347068 
0.500000 0.219504 0.447119 0.296552 0.352048 
0.500000 0.238792 0.410325 0.290236 0.355923 
0.500000 0.252974 0.378530 0.305626 0.358824 
0.500000 0.259087 0.348448 0.319285 0.351774 
0.440679 0.257838 0.319643 0.332501 0.345570 
0.500000 0.273106 0.290702 0.345408 0.339617 
0.500000 0.256652 0.268912 0.358610 0.333852 
0.500000 0.237149 0.242529 0.368694 0.328006 
0.500000 0.500000 0.214764 0.381058 0.323576 
0.500000 0.500000 0.259143 0.394239 0.318187 
0.500000 0.500000 0.295397 0.373253 0.312496 
0.500000 0.500000 0.332406 0.356453 0.321583 
0.500000 0.500000 0.366158 0.339659 0.328957 
0.500000 0.500000 0.395320 0.324687 0.336413 
0.440679 0.500000 0.419062 0.312031 0.343131 
0.500000 0.224877 0.437480 0.301930 0.348858 
0.500000 0.242048 0.398957 0.294223 0.353461 
0.500000 0.253743 0.367364 0.310472 0.356991 
0.500000 0.257315 0.337105 0.324158 0.349567 
0.500000 0.253712 0.307737 0.337555 0.343369 
0.500000 0.243900 0.277942 0.350811 0.337354 
0.500000 0.228957 0.247303 0.364500 0.331453 
0.500000 0.500000 0.216649 0.378809 0.325414 
0.500000 0.500000 0.261749 0.393339 0.319164 
0.440679 0.500000 0.297926 0.372035 0.312882 
0.500000 0.500000 0.334814 0.355293 0.322115 
0.500000 0.500000 0.368293 0.338580 0.329469 
0.500000 0.500000 0.397102 0.323751 0.336895 
0.500000 0.500000 0.420472 0.311267 0.343553 
0.500000 0.217814 0.438550 0.301336 0.349206 
0.500000 0.235280 0.398134 0.293779 0.353733 
0.500000 0.247274 0.364333 0.310824 0.357195 
0.500000 0.250880 0.331918 0.325488 0.349407 
0.500000 0.246963 0.300558 0.339878 0.342770 
0.440679 0.236586 0.269065 0.354088 0.336316 
0.500000 0.241340 0.237311 0.368623 0.330002 
0.500000 0.218047 0.212437 0.383523 0.323607 
0.500000 0.500000 0.186498 0.395351 0.317119 
0.500000 0.500000 0.225037 0.407817 0.312018 
0.500000 0.500000 0.260443 0.389343 0.306691 
0.500000 0.500000 0.298189 0.372645 0.314603 
0.500000 0.500000 0.334811 0.355173 0.321848 
0.500000 0.500000 0.368329 0.338582 0.329523 
0.500000 0.500000 0.397127 0.323735 0.336895 
0.440679 0.500000 0.420492 0.311256 0.343560 
0.500000 0.500000 0.438565 0.301327 0.349210 
0.500000 0.219479 0.452065 0.293773 0.353737 
0.500000 0.239834 0.417203 0.288202 0.357198 
0.500000 0.255317 0.386342 0.302714 0.359760 
0.500000 0.262913 0.357351 0.315899 0.353103 
0.500000 0.263226 0.329840 0.328561 0.347103 
0.500000 0.257147 0.302367 0.340812 0.341387 
0.500000 0.245553 0.273870 0.353261 0.335899 
0.500000 0.229377 0.244109 0.366389 0.330368 
