0.500000 0.500000 0.268941 0.500000 0.500000 
0.500000 0.500000 0.268941 0.368680 0.500000 
0.500000 0.500000 0.268941 0.368680 0.323582 
0.500000 0.431114 0.268941 0.368680 0.323582 
0.500000 0.450683 0.294037 0.368680 0.323582 
0.500000 0.459053 0.264396 0.357077 0.323582 
0.500000 0.467728 0.287924 0.370799 0.328682 
0.500000 0.469889 0.263640 0.359889 0.322655 
0.500000 0.473865 0.284659 0.371152 0.327442 
0.500000 0.474198 0.264301 0.361394 0.322501 
0.500000 0.476406 0.282468 0.370843 0.326779 
0.500000 0.476127 0.265308 0.362406 0.322636 
0.500000 0.477530 0.280828 0.370373 0.326334 
0.500000 0.477053 0.266341 0.363165 0.322841 
0.500000 0.478034 0.279534 0.369891 0.326001 
0.500000 0.477519 0.267296 0.363763 0.323052 
0.500000 0.478255 0.278483 0.369446 0.325738 
0.500000 0.477764 0.268142 0.364250 0.323246 
0.500000 0.478343 0.277616 0.369052 0.325524 
0.500000 0.477901 0.268876 0.364651 0.323419 
0.500000 0.478369 0.276895 0.368711 0.325348 
0.500000 0.477983 0.269506 0.364986 0.323568 
0.500000 0.478368 0.276290 0.368418 0.325201 
0.500000 0.478035 0.270043 0.365266 0.323697 
0.500000 0.478356 0.275781 0.368168 0.325078 
0.500000 0.478071 0.270499 0.365502 0.323806 
0.500000 0.478340 0.275353 0.367955 0.324974 
0.500000 0.478098 0.270887 0.365701 0.323899 
0.500000 0.478324 0.274991 0.367775 0.324887 
0.500000 0.478118 0.271215 0.365868 0.323978 
0.500000 0.478309 0.274686 0.367623 0.324814 
0.500000 0.478135 0.271493 0.366010 0.324045 
0.500000 0.478295 0.274428 0.367493 0.324752 
0.500000 0.478148 0.271728 0.366130 0.324101 
0.500000 0.478284 0.274211 0.367384 0.324699 
0.500000 0.478159 0.271927 0.366231 0.324149 
0.500000 0.478274 0.274027 0.367291 0.324655 
0.500000 0.478168 0.272096 0.366316 0.324190 
0.500000 0.478266 0.273871 0.367213 0.324617 
0.500000 0.478176 0.272238 0.366388 0.324224 
0.500000 0.478258 0.273739 0.367147 0.324586 
0.500000 0.478183 0.272359 0.366450 0.324253 
0.500000 0.478252 0.273628 0.367091 0.324559 
0.500000 0.478188 0.272461 0.366501 0.324278 
0.500000 0.478247 0.273534 0.367043 0.324536 
0.500000 0.478193 0.272547 0.366545 0.324299 
0.500000 0.478243 0.273455 0.367003 0.324517 
0.500000 0.478197 0.272620 0.366582 0.324316 
0.500000 0.478239 0.273388 0.366969 0.324501 
0.500000 0.478200 0.272682 0.366613 0.324331 
0.500000 0.478236 0.273331 0.366941 0.324487 
0.500000 0.478203 0.272734 0.366639 0.324344 
0.500000 0.478233 0.273283 0.366917 0.324476 
0.500000 0.478206 0.272778 0.366662 0.324354 
0.500000 0.478231 0.273242 0.366896 0.324466 
0.500000 0.478208 0.272815 0.366680 0.324363 
0.500000 0.478229 0.273208 0.366879 0.324458 
0.500000 0.478209 0.272847 0.366696 0.324371 
0.500000 0.478228 0.273179 0.366864 0.324451 
0.500000 0.478211 0.272874 0.366710 0.324377 
0.500000 0.478226 0.273154 0.366852 0.324445 
0.500000 0.478212 0.272896 0.366721 0.324383 
0.500000 0.478225 0.273133 0.366841 0.324440 
0.500000 0.478213 0.272915 0.366731 0.324387 
0.500000 0.478224 0.273116 0.366832 0.324436 
0.500000 0.478214 0.272931 0.366739 0.324391 
0.500000 0.478223 0.273101 0.366825 0.324432 
0.500000 0.478215 0.272945 0.366746 0.324394 
0.500000 0.478223 0.273089 0.366818 0.324429 
0.500000 0.478215 0.272957 0.366752 0.324397 
0.500000 0.478222 0.273078 0.366813 0.324426 
0.500000 0.478216 0.272966 0.366757 0.324399 
0.500000 0.478222 0.273069 0.366809 0.324424 
0.500000 0.478216 0.272975 0.366761 0.324401 
0.500000 0.478221 0.273061 0.366805 0.324422 
0.500000 0.478217 0.272982 0.366764 0.324403 
0.500000 0.478221 0.273055 0.366802 0.324421 
0.500000 0.478217 0.272987 0.366767 0.324405 
0.500000 0.478221 0.273049 0.366799 0.324420 
0.500000 0.478217 0.272992 0.366770 0.324406 
0.500000 0.478220 0.273045 0.366796 0.324418 
0.500000 0.478218 0.272997 0.366772 0.324407 
0.500000 0.478220 0.273041 0.366794 0.324417 
0.500000 0.478218 0.273000 0.366774 0.324408 
0.500000 0.478220 0.273038 0.366793 0.324417 
0.500000 0.478218 0.273003 0.366775 0.324408 
0.500000 0.478220 0.273035 0.366791 0.324416 
0.500000 0.478218 0.273006 0.366777 0.324409 
0.500000 0.478220 0.273033 0.366790 0.324415 
0.500000 0.478218 0.273008 0.366778 0.324410 
0.500000 0.478219 0.273031 0.366789 0.324415 
0.500000 0.478218 0.273010 0.366779 0.324410 
0.500000 0.478219 0.273029 0.366788 0.324415 
0.500000 0.478218 0.273011 0.366779 0.324410 
0.500000 0.478219 0.273028 0.366788 0.324414 
0.500000 0.478219 0.273013 0.366780 0.324411 
0.500000 0.478219 0.273026 0.366787 0.324414 
0.500000 0.478219 0.273014 0.366781 0.324411 
0.500000 0.478219 0.273025 0.366787 0.324414 
0.500000 0.478219 0.273015 0.366781 0.324411 
