0.500000 0.440679 0.500000 0.268941 0.500000 0.500000 0.500000 0.500000 0.500000 
0.500000 0.440679 0.500000 0.257399 0.500000 0.500000 0.500000 0.500000 0.500000 
0.500000 0.440679 0.500000 0.250664 0.500000 0.500000 0.500000 0.500000 0.500000 
0.500000 0.440679 0.500000 0.246700 0.500000 0.500000 0.500000 0.500000 0.500000 
0.500000 0.440679 0.500000 0.244351 0.500000 0.500000 0.500000 0.500000 0.500000 
0.500000 0.440679 0.500000 0.242953 0.500000 0.500000 0.500000 0.500000 0.500000 
0.500000 0.440679 0.379161 0.242118 0.500000 0.500000 0.500000 0.500000 0.500000 
0.500000 0.440679 0.389941 0.264725 0.500000 0.500000 0.319011 0.500000 0.500000 
0.500000 0.440679 0.399105 0.276745 0.500000 0.500000 0.314345 0.500000 0.500000 
0.500000 0.440679 0.406898 0.282157 0.500000 0.500000 0.310409 0.500000 0.500000 
0.500000 0.440679 0.413536 0.283788 0.500000 0.500000 0.307082 0.500000 0.500000 
0.500000 0.440679 0.419204 0.283381 0.500000 0.500000 0.304265 0.500000 0.500000 
0.500000 0.440679 0.424058 0.281960 0.500000 0.500000 0.301870 0.500000 0.500000 
0.500000 0.440679 0.428228 0.280108 0.500000 0.500000 0.299828 0.500000 0.500000 
0.500000 0.440679 0.431823 0.278145 0.500000 0.500000 0.298080 0.500000 0.500000 
0.500000 0.440679 0.434931 0.276237 0.500000 0.500000 0.296578 0.500000 0.500000 
0.500000 0.440679 0.437628 0.274466 0.500000 0.500000 0.295283 0.500000 0.500000 
0.500000 0.440679 0.439975 0.272862 0.500000 0.500000 0.294162 0.500000 0.500000 
0.500000 0.440679 0.442023 0.271431 0.500000 0.500000 0.293188 0.500000 0.500000 
0.500000 0.440679 0.443816 0.270165 0.500000 0.500000 0.292340 0.500000 0.500000 
0.500000 0.440679 0.445388 0.269049 0.500000 0.500000 0.291599 0.500000 0.500000 
0.500000 0.440679 0.446771 0.268069 0.500000 0.500000 0.290950 0.500000 0.500000 
0.500000 0.440679 0.447990 0.267208 0.500000 0.500000 0.290379 0.500000 0.500000 
0.500000 0.440679 0.449066 0.266451 0.500000 0.500000 0.289877 0.500000 0.500000 
0.500000 0.440679 0.450017 0.265786 0.500000 0.500000 0.289435 0.500000 0.500000 
0.500000 0.440679 0.450860 0.265200 0.500000 0.500000 0.289043 0.500000 0.500000 
0.500000 0.440679 0.451609 0.264683 0.500000 0.500000 0.288697 0.500000 0.500000 
0.500000 0.440679 0.452273 0.264226 0.500000 0.500000 0.288390 0.500000 0.500000 
0.500000 0.440679 0.452865 0.263822 0.500000 0.500000 0.288117 0.500000 0.500000 
0.500000 0.440679 0.453391 0.263464 0.500000 0.500000 0.287874 0.500000 0.500000 
0.500000 0.440679 0.453861 0.263147 0.500000 0.500000 0.287659 0.500000 0.500000 
0.500000 0.440679 0.454280 0.262865 0.500000 0.500000 0.287466 0.500000 0.500000 
0.500000 0.440679 0.454654 0.262614 0.500000 0.500000 0.287295 0.500000 0.500000 
0.500000 0.440679 0.454989 0.262390 0.500000 0.500000 0.287141 0.500000 0.500000 
0.500000 0.440679 0.455288 0.262191 0.500000 0.500000 0.287004 0.500000 0.500000 
0.500000 0.440679 0.455556 0.262013 0.500000 0.500000 0.286882 0.500000 0.500000 
0.500000 0.440679 0.455795 0.261855 0.500000 0.500000 0.286772 0.500000 0.500000 
0.500000 0.440679 0.456010 0.261713 0.500000 0.500000 0.286674 0.500000 0.500000 
0.500000 0.440679 0.456203 0.261586 0.500000 0.500000 0.286587 0.500000 0.500000 
0.500000 0.440679 0.456375 0.261473 0.500000 0.500000 0.286508 0.500000 0.500000 
0.500000 0.440679 0.456530 0.261371 0.500000 0.500000 0.286437 0.500000 0.500000 
0.500000 0.440679 0.456669 0.261280 0.500000 0.500000 0.286374 0.500000 0.500000 
0.500000 0.440679 0.456794 0.261199 0.500000 0.500000 0.286317 0.500000 0.500000 
0.500000 0.440679 0.456906 0.261125 0.500000 0.500000 0.286266 0.500000 0.500000 
0.500000 0.440679 0.457006 0.261060 0.500000 0.500000 0.286221 0.500000 0.500000 
0.500000 0.440679 0.457097 0.261001 0.500000 0.500000 0.286179 0.500000 0.500000 
0.500000 0.440679 0.457178 0.260948 0.500000 0.500000 0.286143 0.500000 0.500000 
0.500000 0.440679 0.457251 0.260901 0.500000 0.500000 0.286109 0.500000 0.500000 
0.500000 0.440679 0.457316 0.260858 0.500000 0.500000 0.286080 0.500000 0.500000 
0.500000 0.440679 0.457375 0.260820 0.500000 0.500000 0.286053 0.500000 0.500000 
0.500000 0.440679 0.457428 0.260786 0.500000 0.500000 0.286029 0.500000 0.500000 
0.500000 0.440679 0.457476 0.260755 0.500000 0.500000 0.286007 0.500000 0.500000 
0.500000 0.440679 0.457518 0.260727 0.500000 0.500000 0.285988 0.500000 0.500000 
0.500000 0.440679 0.457557 0.260702 0.500000 0.500000 0.285970 0.500000 0.500000 
0.500000 0.440679 0.457591 0.260680 0.500000 0.500000 0.285955 0.500000 0.500000 
0.500000 0.440679 0.457623 0.260659 0.500000 0.500000 0.285940 0.500000 0.500000 
0.500000 0.440679 0.457651 0.260641 0.500000 0.500000 0.285928 0.500000 0.500000 
0.500000 0.440679 0.457676 0.260625 0.500000 0.500000 0.285916 0.500000 0.500000 
0.500000 0.440679 0.457698 0.260610 0.500000 0.500000 0.285906 0.500000 0.500000 
0.500000 0.440679 0.457719 0.260597 0.500000 0.500000 0.285897 0.500000 0.500000 
0.500000 0.440679 0.457737 0.260585 0.500000 0.500000 0.285888 0.500000 0.500000 
0.500000 0.440679 0.457754 0.260575 0.500000 0.500000 0.285881 0.500000 0.500000 
0.500000 0.440679 0.457768 0.260565 0.500000 0.500000 0.285874 0.500000 0.500000 
0.500000 0.440679 0.457782 0.260556 0.500000 0.500000 0.285868 0.500000 0.500000 
0.500000 0.440679 0.457794 0.260549 0.500000 0.500000 0.285863 0.500000 0.500000 
0.500000 0.440679 0.457805 0.260542 0.500000 0.500000 0.285858 0.500000 0.500000 
0.500000 0.440679 0.457814 0.260535 0.500000 0.500000 0.285853 0.500000 0.500000 
0.500000 0.440679 0.457823 0.260530 0.500000 0.500000 0.285849 0.500000 0.500000 
0.500000 0.440679 0.457831 0.260525 0.500000 0.500000 0.285846 0.500000 0.500000 
0.500000 0.440679 0.457838 0.260520 0.500000 0.500000 0.285843 0.500000 0.500000 
0.500000 0.440679 0.457844 0.260516 0.500000 0.500000 0.285840 0.500000 0.500000 
0.500000 0.440679 0.457850 0.260512 0.500000 0.500000 0.285837 0.500000 0.500000 
0.500000 0.440679 0.457855 0.260509 0.500000 0.500000 0.285835 0.500000 0.500000 
0.500000 0.440679 0.457860 0.260506 0.500000 0.500000 0.285833 0.500000 0.500000 
0.500000 0.440679 0.457864 0.260503 0.500000 0.500000 0.285831 0.500000 0.500000 
0.500000 0.440679 0.457868 0.260501 0.500000 0.500000 0.285829 0.500000 0.500000 
0.500000 0.440679 0.457871 0.260499 0.500000 0.500000 0.285828 0.500000 0.500000 
0.500000 0.440679 0.457874 0.260497 0.500000 0.500000 0.285826 0.500000 0.500000 
0.500000 0.440679 0.457877 0.260495 0.500000 0.500000 0.285825 0.500000 0.500000 
0.500000 0.440679 0.457879 0.260493 0.500000 0.500000 0.285824 0.500000 0.500000 
0.500000 0.440679 0.457882 0.260492 0.500000 0.500000 0.285823 0.500000 0.500000 
0.500000 0.440679 0.457884 0.260491 0.500000 0.500000 0.285822 0.500000 0.500000 
0.500000 0.440679 0.457886 0.260489 0.500000 0.500000 0.285821 0.500000 0.500000 
0.500000 0.440679 0.457887 0.260488 0.500000 0.500000 0.285820 0.500000 0.500000 
0.500000 0.440679 0.457889 0.260487 0.500000 0.500000 0.285820 0.500000 0.500000 
0.500000 0.440679 0.457890 0.260487 0.500000 0.500000 0.285819 0.500000 0.500000 
0.500000 0.440679 0.457891 0.260486 0.500000 0.500000 0.285819 0.500000 0.500000 
0.500000 0.440679 0.457892 0.260485 0.500000 0.500000 0.285818 0.500000 0.500000 
0.500000 0.440679 0.457893 0.260485 0.500000 0.500000 0.285818 0.500000 0.500000 
0.500000 0.440679 0.457894 0.260484 0.500000 0.500000 0.285817 0.500000 0.500000 
0.500000 0.440679 0.457895 0.260483 0.500000 0.500000 0.285817 0.500000 0.500000 
0.500000 0.440679 0.457895 0.260483 0.500000 0.500000 0.285817 0.500000 0.500000 
0.500000 0.440679 0.457896 0.260483 0.500000 0.500000 0.285816 0.500000 0.500000 
0.500000 0.440679 0.457897 0.260482 0.500000 0.500000 0.285816 0.500000 0.500000 
0.500000 0.440679 0.457897 0.260482 0.500000 0.500000 0.285816 0.500000 0.500000 
0.500000 0.440679 0.457898 0.260482 0.500000 0.500000 0.285816 0.500000 0.500000 
0.500000 0.440679 0.457898 0.260481 0.500000 0.500000 0.285815 0.500000 0.500000 
0.500000 0.440679 0.457898 0.260481 0.500000 0.500000 0.285815 0.500000 0.500000 
0.500000 0.440679 0.457899 0.260481 0.500000 0.500000 0.285815 0.500000 0.500000 
0.500000 0.440679 0.457899 0.260481 0.500000 0.500000 0.285815 0.500000 0.500000 
