0.500000 0.268941 0.500000 0.268941 0.500000 
0.500000 0.368680 0.500000 0.223581 0.500000 
0.500000 0.412984 0.500000 0.257424 0.500000 
0.500000 0.411425 0.500000 0.255412 0.500000 
0.500000 0.411705 0.500000 0.255709 0.500000 
0.500000 0.411678 0.500000 0.255675 0.500000 
0.500000 0.411683 0.500000 0.255680 0.500000 
0.500000 0.411683 0.500000 0.255679 0.500000 
0.500000 0.411683 0.500000 0.255679 0.500000 
0.500000 0.411683 0.500000 0.255679 0.500000 
0.500000 0.411683 0.500000 0.255679 0.500000 
0.500000 0.411683 0.500000 0.255679 0.500000 
0.500000 0.411683 0.500000 0.255679 0.500000 
0.500000 0.411683 0.500000 0.255679 0.500000 
0.500000 0.411683 0.500000 0.255679 0.500000 
0.500000 0.411683 0.500000 0.255679 0.500000 
0.500000 0.411683 0.500000 0.255679 0.500000 
0.500000 0.411683 0.500000 0.255679 0.500000 
0.500000 0.411683 0.500000 0.255679 0.500000 
0.500000 0.411683 0.500000 0.255679 0.500000 
0.500000 0.411683 0.500000 0.255679 0.500000 
0.500000 0.411683 0.500000 0.255679 0.500000 
0.500000 0.411683 0.500000 0.255679 0.500000 
0.500000 0.411683 0.500000 0.255679 0.500000 
0.500000 0.411683 0.500000 0.255679 0.500000 
0.500000 0.411683 0.500000 0.255679 0.500000 
0.500000 0.411683 0.500000 0.255679 0.500000 
0.500000 0.411683 0.500000 0.255679 0.500000 
0.500000 0.411683 0.500000 0.255679 0.500000 
0.500000 0.411683 0.500000 0.255679 0.500000 
0.500000 0.411683 0.500000 0.255679 0.500000 
0.500000 0.411683 0.500000 0.255679 0.500000 
0.500000 0.411683 0.500000 0.255679 0.500000 
0.500000 0.411683 0.500000 0.255679 0.500000 
0.500000 0.411683 0.500000 0.255679 0.500000 
0.500000 0.411683 0.500000 0.255679 0.500000 
0.500000 0.411683 0.500000 0.255679 0.500000 
0.500000 0.411683 0.500000 0.255679 0.500000 
0.500000 0.411683 0.500000 0.255679 0.500000 
0.500000 0.411683 0.500000 0.255679 0.500000 
0.500000 0.411683 0.500000 0.255679 0.500000 
0.500000 0.411683 0.500000 0.255679 0.500000 
0.500000 0.411683 0.500000 0.255679 0.500000 
0.500000 0.411683 0.500000 0.255679 0.500000 
0.500000 0.411683 0.500000 0.255679 0.500000 
0.500000 0.411683 0.500000 0.255679 0.500000 
0.500000 0.411683 0.500000 0.255679 0.500000 
0.500000 0.411683 0.500000 0.255679 0.500000 
0.500000 0.411683 0.500000 0.255679 0.500000 
0.500000 0.411683 0.500000 0.255679 0.500000 
0.500000 0.411683 0.500000 0.255679 0.500000 
0.500000 0.411683 0.500000 0.255679 0.500000 
0.500000 0.411683 0.500000 0.255679 0.500000 
0.500000 0.411683 0.500000 0.255679 0.500000 
0.500000 0.411683 0.500000 0.255679 0.500000 
0.500000 0.411683 0.500000 0.255679 0.500000 
0.500000 0.411683 0.500000 0.255679 0.500000 
0.500000 0.411683 0.500000 0.255679 0.500000 
0.500000 0.411683 0.500000 0.255679 0.500000 
0.500000 0.411683 0.500000 0.255679 0.500000 
0.500000 0.411683 0.500000 0.255679 0.500000 
0.500000 0.411683 0.500000 0.255679 0.500000 
0.500000 0.411683 0.500000 0.255679 0.500000 
0.500000 0.411683 0.500000 0.255679 0.500000 
0.500000 0.411683 0.500000 0.255679 0.500000 
0.500000 0.411683 0.500000 0.255679 0.500000 
0.500000 0.411683 0.500000 0.255679 0.500000 
0.500000 0.411683 0.500000 0.255679 0.500000 
0.500000 0.411683 0.500000 0.255679 0.500000 
0.500000 0.411683 0.500000 0.255679 0.500000 
0.500000 0.411683 0.500000 0.255679 0.500000 
0.500000 0.411683 0.500000 0.255679 0.500000 
0.500000 0.411683 0.500000 0.255679 0.500000 
0.500000 0.411683 0.500000 0.255679 0.500000 
0.500000 0.411683 0.500000 0.255679 0.500000 
0.500000 0.411683 0.500000 0.255679 0.500000 
0.500000 0.411683 0.500000 0.255679 0.500000 
0.500000 0.411683 0.500000 0.255679 0.500000 
0.500000 0.411683 0.500000 0.255679 0.500000 
0.500000 0.411683 0.500000 0.255679 0.500000 
0.500000 0.411683 0.500000 0.255679 0.500000 
0.500000 0.411683 0.500000 0.255679 0.500000 
0.500000 0.411683 0.500000 0.255679 0.500000 
0.500000 0.411683 0.500000 0.255679 0.500000 
0.500000 0.411683 0.500000 0.255679 0.500000 
0.500000 0.411683 0.500000 0.255679 0.500000 
0.500000 0.411683 0.500000 0.255679 0.500000 
0.500000 0.411683 0.500000 0.255679 0.500000 
0.500000 0.411683 0.500000 0.255679 0.500000 
0.500000 0.411683 0.500000 0.255679 0.500000 
0.500000 0.411683 0.500000 0.255679 0.500000 
0.500000 0.411683 0.500000 0.255679 0.500000 
0.500000 0.411683 0.500000 0.255679 0.500000 
0.500000 0.411683 0.500000 0.255679 0.500000 
0.500000 0.411683 0.500000 0.255679 0.500000 
0.500000 0.411683 0.500000 0.255679 0.500000 
0.500000 0.411683 0.500000 0.255679 0.500000 
0.500000 0.411683 0.500000 0.255679 0.500000 
0.500000 0.411683 0.500000 0.255679 0.500000 
0.500000 0.411683 0.500000 0.255679 0.500000 
