0.440679 0.268941 0.268941 0.500000 0.500000 
0.500000 0.381019 0.201017 0.368680 0.500000 
0.500000 0.437878 0.286536 0.400824 0.323582 
0.500000 0.458098 0.283348 0.360528 0.309673 
0.500000 0.468664 0.306067 0.362000 0.327160 
0.500000 0.474157 0.306684 0.351572 0.326513 
0.500000 0.477807 0.312632 0.351291 0.331115 
0.500000 0.480333 0.313352 0.348585 0.331240 
0.500000 0.482284 0.315209 0.348258 0.332440 
0.500000 0.483827 0.315797 0.347416 0.332585 
0.440679 0.485100 0.316587 0.347149 0.332959 
0.500000 0.489033 0.317034 0.346791 0.333078 
0.500000 0.489634 0.318424 0.346589 0.333237 
0.500000 0.490113 0.318564 0.345959 0.333327 
0.500000 0.490525 0.318963 0.345896 0.333606 
0.500000 0.490884 0.319084 0.345715 0.333635 
0.500000 0.491203 0.319263 0.345661 0.333715 
0.500000 0.491489 0.319372 0.345580 0.333739 
0.500000 0.491746 0.319487 0.345531 0.333775 
0.500000 0.491979 0.319580 0.345478 0.333797 
0.440679 0.492189 0.319668 0.345436 0.333820 
0.500000 0.493977 0.319745 0.345397 0.333839 
0.500000 0.494046 0.320338 0.345362 0.333857 
0.500000 0.494095 0.320316 0.345094 0.333872 
0.500000 0.494137 0.320443 0.345104 0.333991 
0.500000 0.494174 0.320440 0.345046 0.333987 
0.500000 0.494208 0.320476 0.345048 0.334013 
0.500000 0.494240 0.320483 0.345031 0.334012 
0.500000 0.494269 0.320499 0.345028 0.334019 
0.500000 0.494296 0.320508 0.345021 0.334021 
0.440679 0.494321 0.320519 0.345017 0.334024 
0.500000 0.495534 0.320528 0.345012 0.334026 
0.500000 0.495498 0.320926 0.345008 0.334028 
0.500000 0.495457 0.320876 0.344828 0.334030 
0.500000 0.495416 0.320940 0.344851 0.334110 
0.500000 0.495375 0.320911 0.344822 0.334100 
0.500000 0.495337 0.320913 0.344835 0.334112 
0.500000 0.495300 0.320895 0.344834 0.334107 
0.500000 0.495265 0.320885 0.344842 0.334107 
0.500000 0.495232 0.320871 0.344847 0.334103 
0.440679 0.495201 0.320860 0.344853 0.334101 
0.500000 0.496188 0.320848 0.344858 0.334099 
0.500000 0.496120 0.321170 0.344863 0.334096 
0.500000 0.496049 0.321113 0.344718 0.334094 
0.500000 0.495980 0.321155 0.344743 0.334159 
0.500000 0.495913 0.321118 0.344724 0.334147 
0.500000 0.495849 0.321107 0.344741 0.334156 
0.500000 0.495787 0.321081 0.344746 0.334148 
0.500000 0.495728 0.321061 0.344758 0.334146 
0.500000 0.495672 0.321039 0.344767 0.334141 
0.440679 0.495618 0.321019 0.344777 0.334137 
0.500000 0.496501 0.321000 0.344786 0.334132 
0.500000 0.496420 0.321286 0.344795 0.334128 
0.500000 0.496338 0.321228 0.344665 0.334124 
0.500000 0.496257 0.321259 0.344692 0.334182 
0.500000 0.496179 0.321219 0.344677 0.334170 
0.500000 0.496103 0.321203 0.344696 0.334177 
0.500000 0.496031 0.321173 0.344703 0.334169 
0.500000 0.495961 0.321149 0.344716 0.334165 
0.500000 0.495894 0.321123 0.344727 0.334159 
0.440679 0.495830 0.321100 0.344739 0.334154 
0.500000 0.496661 0.321076 0.344750 0.334149 
0.500000 0.496574 0.321346 0.344760 0.334145 
0.500000 0.496487 0.321286 0.344638 0.334140 
0.500000 0.496401 0.321313 0.344665 0.334194 
0.500000 0.496317 0.321271 0.344653 0.334182 
0.500000 0.496236 0.321253 0.344672 0.334187 
0.500000 0.496158 0.321221 0.344680 0.334179 
0.500000 0.496083 0.321195 0.344695 0.334175 
0.500000 0.496011 0.321167 0.344706 0.334169 
0.440679 0.495943 0.321142 0.344719 0.334164 
0.500000 0.496746 0.321117 0.344730 0.334158 
0.500000 0.496656 0.321377 0.344742 0.334153 
0.500000 0.496566 0.321317 0.344624 0.334148 
0.500000 0.496477 0.321342 0.344651 0.334200 
0.500000 0.496391 0.321299 0.344640 0.334188 
0.500000 0.496307 0.321280 0.344659 0.334193 
0.500000 0.496227 0.321247 0.344668 0.334185 
0.500000 0.496149 0.321220 0.344683 0.334181 
0.500000 0.496075 0.321191 0.344695 0.334174 
0.440679 0.496003 0.321165 0.344708 0.334169 
0.500000 0.496791 0.321139 0.344720 0.334163 
0.500000 0.496701 0.321394 0.344732 0.334158 
0.500000 0.496609 0.321334 0.344617 0.334152 
0.500000 0.496519 0.321357 0.344644 0.334204 
0.500000 0.496431 0.321314 0.344633 0.334192 
0.500000 0.496346 0.321294 0.344653 0.334196 
0.500000 0.496264 0.321261 0.344662 0.334188 
0.500000 0.496185 0.321233 0.344677 0.334184 
0.500000 0.496109 0.321204 0.344689 0.334177 
0.440679 0.496036 0.321177 0.344702 0.334171 
0.500000 0.496816 0.321151 0.344714 0.334166 
0.500000 0.496725 0.321403 0.344726 0.334160 
0.500000 0.496632 0.321343 0.344612 0.334155 
0.500000 0.496541 0.321366 0.344639 0.334206 
0.500000 0.496453 0.321323 0.344629 0.334194 
0.500000 0.496367 0.321302 0.344649 0.334198 
0.500000 0.496284 0.321268 0.344658 0.334189 
0.500000 0.496204 0.321241 0.344673 0.334185 
0.500000 0.496128 0.321211 0.344686 0.334178 
0.440679 0.268941 0.268941 0.500000 0.500000 
0.500000 0.381019 0.201017 0.368680 0.500000 
0.500000 0.437878 0.327449 0.400824 0.323582 
0.500000 0.450993 0.251333 0.341887 0.309673 
0.500000 0.466405 0.324022 0.376914 0.335420 
0.500000 0.471572 0.270854 0.343431 0.319988 
0.500000 0.478559 0.317723 0.367790 0.334732 
0.500000 0.481492 0.281950 0.346277 0.323971 
0.500000 0.485231 0.312986 0.362646 0.333465 
0.500000 0.487088 0.288947 0.348424 0.326229 
0.440679 0.489282 0.309696 0.359417 0.332511 
0.500000 0.492504 0.293513 0.349920 0.327650 
0.500000 0.493520 0.308108 0.357317 0.331848 
0.500000 0.494132 0.296690 0.350642 0.328576 
0.500000 0.494808 0.306436 0.355860 0.331527 
0.500000 0.495260 0.298699 0.351404 0.329219 
0.500000 0.495736 0.305289 0.354939 0.331190 
0.500000 0.496077 0.300061 0.351927 0.329626 
0.500000 0.496422 0.304527 0.354316 0.330958 
0.500000 0.496684 0.300994 0.352275 0.329901 
0.440679 0.496942 0.304025 0.353889 0.330804 
0.500000 0.497749 0.301639 0.352504 0.330090 
0.500000 0.497879 0.303895 0.353594 0.330703 
0.500000 0.497984 0.302143 0.352563 0.330220 
0.500000 0.498086 0.303646 0.353364 0.330677 
0.500000 0.498172 0.302454 0.352677 0.330322 
0.500000 0.498255 0.303475 0.353222 0.330626 
0.500000 0.498326 0.302669 0.352755 0.330385 
0.500000 0.498394 0.303364 0.353123 0.330592 
0.500000 0.498453 0.302821 0.352806 0.330429 
0.440679 0.498509 0.303295 0.353054 0.330569 
0.500000 0.498863 0.302928 0.352838 0.330459 
0.500000 0.498887 0.303352 0.353005 0.330555 
0.500000 0.498908 0.303038 0.352811 0.330481 
0.500000 0.498928 0.303312 0.352955 0.330567 
0.500000 0.498946 0.303096 0.352830 0.330503 
0.500000 0.498964 0.303282 0.352928 0.330559 
0.500000 0.498979 0.303136 0.352843 0.330515 
0.500000 0.498995 0.303263 0.352910 0.330553 
0.500000 0.499008 0.303165 0.352852 0.330523 
0.440679 0.499022 0.303252 0.352897 0.330549 
0.500000 0.499238 0.303186 0.352857 0.330529 
0.500000 0.499238 0.303313 0.352887 0.330547 
0.500000 0.499238 0.303225 0.352829 0.330533 
0.500000 0.499238 0.303301 0.352870 0.330559 
0.500000 0.499238 0.303239 0.352835 0.330541 
0.500000 0.499238 0.303290 0.352863 0.330556 
0.500000 0.499238 0.303248 0.352840 0.330544 
0.500000 0.499238 0.303283 0.352859 0.330554 
0.500000 0.499237 0.303254 0.352843 0.330546 
0.440679 0.499237 0.303278 0.352856 0.330553 
0.500000 0.499399 0.303258 0.352845 0.330547 
0.500000 0.499391 0.303327 0.352854 0.330552 
0.500000 0.499384 0.303280 0.352823 0.330548 
0.500000 0.499377 0.303319 0.352844 0.330562 
0.500000 0.499371 0.303284 0.352827 0.330552 
0.500000 0.499365 0.303310 0.352842 0.330560 
0.500000 0.499359 0.303286 0.352831 0.330553 
0.500000 0.499353 0.303303 0.352842 0.330558 
0.500000 0.499347 0.303287 0.352834 0.330553 
0.440679 0.499342 0.303298 0.352841 0.330557 
0.500000 0.499477 0.303286 0.352836 0.330554 
0.500000 0.499467 0.303340 0.352841 0.330556 
0.500000 0.499457 0.303302 0.352817 0.330553 
0.500000 0.499448 0.303331 0.352834 0.330564 
0.500000 0.499438 0.303304 0.352821 0.330557 
0.500000 0.499430 0.303323 0.352833 0.330563 
0.500000 0.499421 0.303303 0.352825 0.330557 
0.500000 0.499413 0.303316 0.352834 0.330561 
0.500000 0.499405 0.303302 0.352828 0.330557 
0.440679 0.499397 0.303310 0.352834 0.330559 
0.500000 0.499519 0.303300 0.352831 0.330557 
0.500000 0.499508 0.303347 0.352835 0.330558 
0.500000 0.499496 0.303314 0.352813 0.330556 
0.500000 0.499486 0.303339 0.352829 0.330566 
0.500000 0.499475 0.303314 0.352817 0.330559 
0.500000 0.499465 0.303330 0.352829 0.330564 
0.500000 0.499455 0.303312 0.352821 0.330559 
0.500000 0.499446 0.303323 0.352829 0.330562 
0.500000 0.499436 0.303310 0.352825 0.330559 
0.440679 0.499428 0.303317 0.352831 0.330561 
0.500000 0.499542 0.303308 0.352828 0.330558 
0.500000 0.499530 0.303352 0.352832 0.330560 
0.500000 0.499518 0.303320 0.352811 0.330558 
0.500000 0.499507 0.303343 0.352826 0.330567 
0.500000 0.499496 0.303319 0.352815 0.330560 
0.500000 0.499485 0.303334 0.352826 0.330565 
0.500000 0.499474 0.303317 0.352819 0.330560 
0.500000 0.499464 0.303327 0.352827 0.330563 
0.500000 0.499455 0.303315 0.352823 0.330560 
0.440679 0.499445 0.303321 0.352828 0.330562 
0.500000 0.499555 0.303312 0.352826 0.330559 
0.500000 0.499543 0.303354 0.352830 0.330560 
0.500000 0.499531 0.303323 0.352810 0.330559 
0.500000 0.499519 0.303346 0.352825 0.330567 
0.500000 0.499508 0.303323 0.352814 0.330561 
0.500000 0.499497 0.303337 0.352825 0.330566 
0.500000 0.499486 0.303320 0.352818 0.330561 
0.500000 0.499475 0.303329 0.352826 0.330564 
0.500000 0.499465 0.303317 0.352822 0.330560 
0.440679 0.268941 0.268941 0.500000 0.500000 
0.500000 0.381019 0.201017 0.368680 0.500000 
0.500000 0.437878 0.233310 0.400824 0.323582 
0.500000 0.466711 0.262269 0.385417 0.309673 
0.500000 0.478687 0.296352 0.371792 0.316299 
0.500000 0.483329 0.326561 0.356015 0.322221 
0.500000 0.484393 0.351746 0.342286 0.329151 
0.500000 0.483159 0.371417 0.331038 0.335241 
0.500000 0.479844 0.386056 0.322385 0.340273 
0.500000 0.474155 0.396315 0.316022 0.344169 
0.440679 0.465528 0.402785 0.311604 0.347047 
0.500000 0.462467 0.405845 0.308835 0.349052 
0.500000 0.448621 0.407779 0.307531 0.350311 
0.500000 0.430879 0.406050 0.306707 0.350906 
0.500000 0.409986 0.400887 0.307443 0.351281 
0.500000 0.388029 0.391943 0.309646 0.350945 
0.500000 0.368105 0.379242 0.313483 0.349942 
0.500000 0.353527 0.363505 0.318975 0.348199 
0.500000 0.346849 0.346466 0.325851 0.345710 
0.500000 0.349169 0.330666 0.333381 0.342606 
0.440679 0.359724 0.318702 0.340440 0.339222 
0.500000 0.395950 0.312339 0.345834 0.336065 
0.500000 0.410935 0.318955 0.348718 0.333662 
0.500000 0.422457 0.326815 0.345719 0.332381 
0.500000 0.429856 0.336509 0.342172 0.333713 
0.500000 0.433532 0.346033 0.337821 0.335293 
0.500000 0.434005 0.354490 0.333574 0.337234 
0.500000 0.431777 0.361231 0.329824 0.339136 
0.500000 0.427294 0.365941 0.326851 0.340819 
0.500000 0.421025 0.368500 0.324782 0.342156 
0.440679 0.413541 0.368924 0.323660 0.343088 
0.500000 0.422149 0.367342 0.323475 0.343594 
0.500000 0.414706 0.369059 0.324168 0.343677 
0.500000 0.406828 0.367586 0.323416 0.343365 
0.500000 0.399132 0.364573 0.324061 0.343704 
0.500000 0.392554 0.360095 0.325382 0.343413 
0.500000 0.387874 0.354753 0.327351 0.342817 
0.500000 0.385629 0.349196 0.329708 0.341931 
0.500000 0.385972 0.344130 0.332169 0.340871 
0.500000 0.388636 0.340184 0.334420 0.339766 
0.440679 0.392997 0.337787 0.336179 0.338757 
0.500000 0.415768 0.337100 0.337250 0.337969 
0.500000 0.419573 0.343780 0.337557 0.337490 
0.500000 0.421400 0.348844 0.334576 0.337353 
0.500000 0.421202 0.353591 0.332325 0.338687 
0.500000 0.419312 0.357217 0.330222 0.339696 
0.500000 0.416065 0.359595 0.328620 0.340640 
0.500000 0.411874 0.360622 0.327571 0.341360 
0.500000 0.407213 0.360338 0.327119 0.341832 
0.500000 0.402599 0.358884 0.327244 0.342035 
0.440679 0.398547 0.356500 0.327885 0.341979 
0.500000 0.413385 0.353513 0.328936 0.341691 
0.500000 0.411025 0.356031 0.330256 0.341218 
0.500000 0.408324 0.356278 0.329143 0.340624 
0.500000 0.405368 0.356005 0.329034 0.341125 
0.500000 0.402554 0.354945 0.329155 0.341174 
0.500000 0.400179 0.353360 0.329623 0.341119 
0.500000 0.398494 0.351456 0.330324 0.340909 
0.500000 0.397643 0.349485 0.331167 0.340594 
0.500000 0.397657 0.347685 0.332041 0.340216 
0.440679 0.398448 0.346258 0.332840 0.339823 
0.500000 0.417167 0.345340 0.333474 0.339465 
0.500000 0.417882 0.350602 0.333882 0.339181 
0.500000 0.417239 0.353793 0.331545 0.338998 
0.500000 0.415258 0.356397 0.330133 0.340046 
0.500000 0.412310 0.357876 0.328982 0.340680 
0.500000 0.408754 0.358282 0.328329 0.341197 
0.500000 0.405007 0.357662 0.328150 0.341491 
0.500000 0.401491 0.356174 0.328424 0.341571 
0.500000 0.398595 0.354048 0.329080 0.341448 
0.440679 0.396621 0.351574 0.330020 0.341153 
0.500000 0.413591 0.349067 0.331115 0.340731 
0.500000 0.412956 0.352600 0.332226 0.340239 
0.500000 0.411610 0.354068 0.330661 0.339740 
0.500000 0.409543 0.355129 0.330011 0.340443 
0.500000 0.407089 0.355364 0.329542 0.340735 
0.500000 0.404534 0.354909 0.329438 0.340946 
0.500000 0.402172 0.353861 0.329639 0.340992 
0.500000 0.400261 0.352394 0.330102 0.340902 
0.500000 0.398988 0.350711 0.330751 0.340694 
0.440679 0.398453 0.349027 0.331497 0.340402 
0.500000 0.416135 0.347542 0.332244 0.340067 
0.500000 0.416047 0.352062 0.332903 0.339732 
0.500000 0.414877 0.354463 0.330899 0.339437 
0.500000 0.412647 0.356304 0.329836 0.340336 
0.500000 0.409725 0.357115 0.329023 0.340813 
0.500000 0.406460 0.356997 0.328665 0.341179 
0.500000 0.403229 0.356033 0.328717 0.341340 
0.500000 0.400394 0.354404 0.329142 0.341316 
0.500000 0.398258 0.352345 0.329862 0.341125 
0.440679 0.397025 0.350127 0.330773 0.340801 
0.500000 0.414492 0.348027 0.331756 0.340392 
0.500000 0.414246 0.352017 0.332688 0.339951 
0.500000 0.413113 0.353949 0.330918 0.339533 
0.500000 0.411088 0.355434 0.330063 0.340327 
0.500000 0.408511 0.356014 0.329407 0.340711 
0.500000 0.405690 0.355803 0.329151 0.341006 
0.500000 0.402954 0.354880 0.329244 0.341121 
0.500000 0.400607 0.353414 0.329652 0.341079 
0.500000 0.398895 0.351616 0.330300 0.340896 
0.440679 0.268941 0.268941 0.500000 0.500000 
0.500000 0.381019 0.201017 0.368680 0.500000 
0.500000 0.437878 0.233310 0.400824 0.323582 
0.500000 0.466711 0.262269 0.385417 0.309673 
0.500000 0.478687 0.296352 0.371792 0.316299 
0.500000 0.483329 0.326561 0.356015 0.322221 
0.500000 0.484393 0.351746 0.342286 0.329151 
0.500000 0.483159 0.371417 0.331038 0.335241 
0.500000 0.479844 0.386056 0.322385 0.340273 
0.500000 0.474155 0.396315 0.316022 0.344169 
0.440679 0.465528 0.402785 0.311604 0.347047 
0.500000 0.462467 0.405845 0.308835 0.349052 
0.500000 0.448621 0.407779 0.307531 0.350311 
0.500000 0.430879 0.406050 0.306707 0.350906 
0.500000 0.409986 0.400887 0.307443 0.351281 
0.500000 0.388029 0.391943 0.309646 0.350945 
0.500000 0.368105 0.379242 0.313483 0.349942 
0.500000 0.353527 0.363505 0.318975 0.348199 
0.500000 0.346849 0.346466 0.325851 0.345710 
0.500000 0.349169 0.330666 0.333381 0.342606 
0.440679 0.359724 0.318702 0.340440 0.339222 
0.500000 0.395950 0.312339 0.345834 0.336065 
0.500000 0.410935 0.318955 0.348718 0.333662 
0.500000 0.422457 0.326815 0.345719 0.332381 
0.500000 0.429856 0.336509 0.342172 0.333713 
0.500000 0.433532 0.346033 0.337821 0.335293 
0.500000 0.434005 0.354490 0.333574 0.337234 
0.500000 0.431777 0.361231 0.329824 0.339136 
0.500000 0.427294 0.365941 0.326851 0.340819 
0.500000 0.421025 0.368500 0.324782 0.342156 
0.440679 0.413541 0.368924 0.323660 0.343088 
0.500000 0.422149 0.367342 0.323475 0.343594 
0.500000 0.414706 0.369059 0.324168 0.343677 
0.500000 0.406828 0.367586 0.323416 0.343365 
0.500000 0.399132 0.364573 0.324061 0.343704 
0.500000 0.392554 0.360095 0.325382 0.343413 
0.500000 0.387874 0.354753 0.327351 0.342817 
0.500000 0.385629 0.349196 0.329708 0.341931 
0.500000 0.385972 0.344130 0.332169 0.340871 
0.500000 0.388636 0.340184 0.334420 0.339766 
0.440679 0.392997 0.337787 0.336179 0.338757 
0.500000 0.415768 0.337100 0.337250 0.337969 
0.500000 0.419573 0.343780 0.337557 0.337490 
0.500000 0.421400 0.348844 0.334576 0.337353 
0.500000 0.421202 0.353591 0.332325 0.338687 
0.500000 0.419312 0.357217 0.330222 0.339696 
0.500000 0.416065 0.359595 0.328620 0.340640 
0.500000 0.411874 0.360622 0.327571 0.341360 
0.500000 0.407213 0.360338 0.327119 0.341832 
0.500000 0.402599 0.358884 0.327244 0.342035 
0.440679 0.398547 0.356500 0.327885 0.341979 
0.500000 0.413385 0.353513 0.328936 0.341691 
0.500000 0.411025 0.356031 0.330256 0.341218 
0.500000 0.408324 0.356278 0.329143 0.340624 
0.500000 0.405368 0.356005 0.329034 0.341125 
0.500000 0.402554 0.354945 0.329155 0.341174 
0.500000 0.400179 0.353360 0.329623 0.341119 
0.500000 0.398494 0.351456 0.330324 0.340909 
0.500000 0.397643 0.349485 0.331167 0.340594 
0.500000 0.397657 0.347685 0.332041 0.340216 
0.440679 0.398448 0.346258 0.332840 0.339823 
0.500000 0.417167 0.345340 0.333474 0.339465 
0.500000 0.417882 0.350602 0.333882 0.339181 
0.500000 0.417239 0.353793 0.331545 0.338998 
0.500000 0.415258 0.356397 0.330133 0.340046 
0.500000 0.412310 0.357876 0.328982 0.340680 
0.500000 0.408754 0.358282 0.328329 0.341197 
0.500000 0.405007 0.357662 0.328150 0.341491 
0.500000 0.401491 0.356174 0.328424 0.341571 
0.500000 0.398595 0.354048 0.329080 0.341448 
0.440679 0.396621 0.351574 0.330020 0.341153 
0.500000 0.413591 0.349067 0.331115 0.340731 
0.500000 0.412956 0.352600 0.332226 0.340239 
0.500000 0.411610 0.354068 0.330661 0.339740 
0.500000 0.409543 0.355129 0.330011 0.340443 
0.500000 0.407089 0.355364 0.329542 0.340735 
0.500000 0.404534 0.354909 0.329438 0.340946 
0.500000 0.402172 0.353861 0.329639 0.340992 
0.500000 0.400261 0.352394 0.330102 0.340902 
0.500000 0.398988 0.350711 0.330751 0.340694 
0.440679 0.398453 0.349027 0.331497 0.340402 
0.500000 0.416135 0.347542 0.332244 0.340067 
0.500000 0.416047 0.352062 0.332903 0.339732 
0.500000 0.414877 0.354463 0.330899 0.339437 
0.500000 0.412647 0.356304 0.329836 0.340336 
0.500000 0.409725 0.357115 0.329023 0.340813 
0.500000 0.406460 0.356997 0.328665 0.341179 
0.500000 0.403229 0.356033 0.328717 0.341340 
0.500000 0.400394 0.354404 0.329142 0.341316 
0.500000 0.398258 0.352345 0.329862 0.341125 
0.440679 0.397025 0.350127 0.330773 0.340801 
0.500000 0.414492 0.348027 0.331756 0.340392 
0.500000 0.414246 0.352017 0.332688 0.339951 
0.500000 0.413113 0.353949 0.330918 0.339533 
0.500000 0.411088 0.355434 0.330063 0.340327 
0.500000 0.408511 0.356014 0.329407 0.340711 
0.500000 0.405690 0.355803 0.329151 0.341006 
0.500000 0.402954 0.354880 0.329244 0.341121 
0.500000 0.400607 0.353414 0.329652 0.341079 
0.500000 0.398895 0.351616 0.330300 0.340896 
0.440679 0.268941 0.268941 0.500000 0.500000 
0.500000 0.381019 0.201017 0.368680 0.500000 
0.500000 0.453303 0.233310 0.400824 0.323582 
0.500000 0.480176 0.267128 0.385417 0.309673 
0.500000 0.489974 0.303857 0.369525 0.316299 
0.500000 0.493859 0.335528 0.352581 0.323212 
0.500000 0.495591 0.361339 0.338260 0.330669 
0.500000 0.496418 0.381362 0.326804 0.337038 
0.500000 0.496810 0.396472 0.318055 0.342177 
0.500000 0.496963 0.407666 0.311537 0.346126 
0.440679 0.496969 0.415866 0.306756 0.349083 
0.500000 0.497535 0.421831 0.303279 0.351259 
0.500000 0.497370 0.426281 0.300764 0.352845 
0.500000 0.497155 0.429465 0.298896 0.353994 
0.500000 0.496896 0.431748 0.297563 0.354849 
0.500000 0.496597 0.433369 0.296609 0.355460 
0.500000 0.496263 0.434504 0.295934 0.355897 
0.500000 0.495898 0.435280 0.295461 0.356207 
0.500000 0.495505 0.435790 0.295138 0.356423 
0.500000 0.495087 0.436103 0.294926 0.356572 
0.440679 0.494648 0.436266 0.294796 0.356669 
0.500000 0.495412 0.436318 0.294728 0.356729 
0.500000 0.494980 0.436500 0.294706 0.356760 
0.500000 0.494529 0.436538 0.294631 0.356770 
0.500000 0.494062 0.436499 0.294615 0.356804 
0.500000 0.493584 0.436398 0.294631 0.356812 
0.500000 0.493096 0.436249 0.294673 0.356804 
0.500000 0.492603 0.436064 0.294735 0.356785 
0.500000 0.492109 0.435851 0.294812 0.356757 
0.500000 0.491616 0.435616 0.294900 0.356721 
0.440679 0.491127 0.435366 0.294998 0.356681 
0.500000 0.492600 0.435105 0.295102 0.356636 
0.500000 0.492134 0.435186 0.295211 0.356588 
0.500000 0.491663 0.435125 0.295177 0.356538 
0.500000 0.491191 0.435013 0.295202 0.356554 
0.500000 0.490722 0.434854 0.295249 0.356542 
0.500000 0.490260 0.434664 0.295315 0.356521 
0.500000 0.489808 0.434450 0.295394 0.356490 
0.500000 0.489368 0.434221 0.295483 0.356454 
0.500000 0.488942 0.433981 0.295579 0.356413 
0.440679 0.488532 0.433736 0.295678 0.356369 
0.500000 0.490608 0.433490 0.295780 0.356324 
0.500000 0.490197 0.433695 0.295883 0.356277 
0.500000 0.489784 0.433718 0.295798 0.356230 
0.500000 0.489373 0.433677 0.295788 0.356269 
0.500000 0.488971 0.433581 0.295805 0.356273 
0.500000 0.488578 0.433445 0.295845 0.356266 
0.500000 0.488199 0.433282 0.295902 0.356247 
0.500000 0.487834 0.433101 0.295970 0.356221 
0.500000 0.487486 0.432908 0.296045 0.356190 
0.440679 0.487156 0.432709 0.296126 0.356155 
0.500000 0.489576 0.432509 0.296208 0.356118 
0.500000 0.489217 0.432814 0.296292 0.356081 
0.500000 0.488854 0.432910 0.296165 0.356042 
0.500000 0.488493 0.432932 0.296125 0.356101 
0.500000 0.488138 0.432889 0.296115 0.356119 
0.500000 0.487794 0.432801 0.296133 0.356123 
0.500000 0.487461 0.432680 0.296170 0.356115 
0.500000 0.487143 0.432536 0.296221 0.356098 
0.500000 0.486840 0.432379 0.296281 0.356075 
0.440679 0.486554 0.432214 0.296346 0.356047 
0.500000 0.489130 0.432045 0.296415 0.356017 
0.500000 0.488800 0.432403 0.296486 0.355986 
0.500000 0.488463 0.432539 0.296336 0.355953 
0.500000 0.488127 0.432595 0.296280 0.356022 
0.500000 0.487796 0.432581 0.296256 0.356048 
0.500000 0.487474 0.432518 0.296262 0.356059 
0.500000 0.487163 0.432419 0.296288 0.356056 
0.500000 0.486866 0.432295 0.296330 0.356044 
0.500000 0.486584 0.432156 0.296381 0.356025 
0.440679 0.486317 0.432007 0.296439 0.356001 
0.500000 0.488956 0.431853 0.296502 0.355975 
0.500000 0.488638 0.432235 0.296566 0.355946 
0.500000 0.488312 0.432388 0.296406 0.355917 
0.500000 0.487986 0.432460 0.296342 0.355990 
0.500000 0.487665 0.432459 0.296313 0.356019 
0.500000 0.487352 0.432406 0.296313 0.356033 
0.500000 0.487050 0.432316 0.296335 0.356033 
0.500000 0.486762 0.432201 0.296372 0.356022 
0.500000 0.486487 0.432069 0.296420 0.356005 
0.440679 0.486228 0.431927 0.296475 0.355983 
0.500000 0.488891 0.431779 0.296535 0.355958 
0.500000 0.488577 0.432170 0.296596 0.355931 
0.500000 0.488256 0.432331 0.296433 0.355903 
0.500000 0.487934 0.432408 0.296366 0.355977 
0.500000 0.487617 0.432412 0.296334 0.356008 
0.500000 0.487307 0.432364 0.296332 0.356023 
0.500000 0.487009 0.432278 0.296353 0.356024 
0.500000 0.486723 0.432166 0.296388 0.356014 
0.500000 0.486452 0.432037 0.296435 0.355998 
0.440679 0.486195 0.431897 0.296489 0.355977 
0.500000 0.488867 0.431752 0.296547 0.355952 
0.500000 0.488555 0.432147 0.296608 0.355925 
0.500000 0.488235 0.432310 0.296443 0.355897 
0.500000 0.487915 0.432389 0.296375 0.355973 
0.500000 0.487599 0.432395 0.296342 0.356004 
0.500000 0.487291 0.432348 0.296340 0.356019 
0.500000 0.486994 0.432264 0.296359 0.356020 
0.500000 0.486709 0.432153 0.296394 0.356011 
0.500000 0.486439 0.432025 0.296440 0.355995 
0.440679 0.268941 0.268941 0.500000 0.500000 
0.500000 0.381019 0.349770 0.368680 0.500000 
0.500000 0.415817 0.398673 0.331914 0.323582 
0.500000 0.429927 0.424197 0.310594 0.339880 
0.500000 0.435940 0.439167 0.299770 0.349512 
0.500000 0.438099 0.448130 0.293523 0.354449 
0.500000 0.438207 0.453778 0.289819 0.357313 
0.500000 0.437106 0.457514 0.287500 0.359016 
0.500000 0.435232 0.460128 0.285972 0.360084 
0.500000 0.432824 0.462076 0.284906 0.360788 
0.440679 0.430020 0.463627 0.284113 0.361280 
0.500000 0.440406 0.464943 0.283482 0.361646 
0.500000 0.436890 0.464710 0.282948 0.361938 
0.500000 0.433425 0.465020 0.283042 0.362184 
0.500000 0.429926 0.465554 0.282917 0.362141 
0.500000 0.426343 0.466248 0.282700 0.362199 
0.500000 0.422638 0.467049 0.282419 0.362299 
0.500000 0.418784 0.467924 0.282094 0.362429 
0.500000 0.414757 0.468851 0.281740 0.362579 
0.500000 0.410543 0.469818 0.281365 0.362743 
0.440679 0.406127 0.470815 0.280974 0.362916 
0.500000 0.418619 0.471835 0.280571 0.363097 
0.500000 0.413559 0.471388 0.280160 0.363283 
0.500000 0.408642 0.471614 0.280340 0.363474 
0.500000 0.403732 0.472157 0.280249 0.363390 
0.500000 0.398741 0.472908 0.280030 0.363432 
0.500000 0.393613 0.473790 0.279727 0.363534 
0.500000 0.388309 0.474752 0.279372 0.363674 
0.500000 0.382806 0.475764 0.278985 0.363838 
0.500000 0.377092 0.476805 0.278578 0.364017 
0.440679 0.371163 0.477862 0.278159 0.364206 
0.500000 0.386176 0.478925 0.277735 0.364400 
0.500000 0.379339 0.478554 0.277309 0.364596 
0.500000 0.372730 0.478842 0.277458 0.364794 
0.500000 0.366187 0.479447 0.277342 0.364725 
0.500000 0.359607 0.480243 0.277100 0.364778 
0.500000 0.352934 0.481143 0.276781 0.364891 
0.500000 0.346143 0.482096 0.276421 0.365038 
0.500000 0.339229 0.483067 0.276040 0.365205 
0.500000 0.332203 0.484036 0.275652 0.365382 
0.440679 0.325085 0.484988 0.275265 0.365562 
0.500000 0.341979 0.485915 0.274885 0.365741 
0.500000 0.333759 0.485643 0.274516 0.365918 
0.500000 0.325930 0.485909 0.274624 0.366089 
0.500000 0.318337 0.486438 0.274518 0.366039 
0.500000 0.310886 0.487107 0.274308 0.366088 
0.500000 0.303539 0.487836 0.274042 0.366186 
0.500000 0.296286 0.488580 0.273751 0.366309 
0.500000 0.289138 0.489312 0.273456 0.366444 
0.500000 0.282117 0.490016 0.273165 0.366581 
0.440679 0.275247 0.490684 0.272885 0.366716 
0.500000 0.292493 0.491311 0.272620 0.366846 
0.500000 0.284506 0.491103 0.272372 0.366969 
0.500000 0.277059 0.491257 0.272454 0.367085 
0.500000 0.270026 0.491593 0.272393 0.367046 
0.500000 0.263327 0.492015 0.272260 0.367075 
0.500000 0.256923 0.492470 0.272093 0.367137 
0.500000 0.250797 0.492923 0.271913 0.367215 
0.500000 0.244946 0.493360 0.271733 0.367298 
0.500000 0.239367 0.493770 0.271561 0.367382 
0.440679 0.234062 0.494151 0.271398 0.367462 
0.500000 0.250182 0.494502 0.271247 0.367537 
0.500000 0.243829 0.494325 0.271109 0.367607 
0.500000 0.237997 0.494374 0.271179 0.367672 
0.500000 0.232590 0.494540 0.271160 0.367639 
0.500000 0.500000 0.494765 0.271094 0.367648 
0.500000 0.500000 0.486952 0.271005 0.367679 
0.500000 0.500000 0.477667 0.274103 0.367720 
0.500000 0.500000 0.468959 0.277813 0.366281 
0.500000 0.500000 0.461726 0.281321 0.364560 
0.440679 0.500000 0.456061 0.284255 0.362936 
0.500000 0.260228 0.451751 0.286566 0.361581 
0.500000 0.268733 0.476231 0.288332 0.360514 
0.500000 0.268280 0.484045 0.278390 0.359701 
0.500000 0.264621 0.488022 0.275262 0.364293 
0.500000 0.259649 0.490209 0.273677 0.365743 
0.500000 0.254176 0.491561 0.272809 0.366478 
0.500000 0.248578 0.492484 0.272273 0.366882 
0.500000 0.243045 0.493168 0.271907 0.367131 
0.500000 0.237674 0.493709 0.271636 0.367301 
0.440679 0.232516 0.494158 0.271422 0.367427 
0.500000 0.248604 0.494543 0.271245 0.367526 
0.500000 0.242354 0.494388 0.271093 0.367609 
0.500000 0.236611 0.494447 0.271154 0.367679 
0.500000 0.500000 0.494616 0.271131 0.367651 
0.500000 0.500000 0.486734 0.271064 0.367662 
0.500000 0.500000 0.477442 0.274190 0.367693 
0.500000 0.500000 0.468763 0.277904 0.366240 
0.500000 0.500000 0.461570 0.281400 0.364518 
0.500000 0.233881 0.455940 0.284318 0.362900 
0.440679 0.241419 0.480056 0.286615 0.361551 
0.500000 0.263256 0.487273 0.276856 0.360492 
0.500000 0.258706 0.489828 0.273975 0.365004 
0.500000 0.253438 0.491387 0.272960 0.366340 
0.500000 0.247956 0.492409 0.272342 0.366812 
0.500000 0.242494 0.493143 0.271937 0.367099 
0.500000 0.237172 0.493710 0.271646 0.367287 
0.500000 0.232052 0.494171 0.271422 0.367422 
0.500000 0.500000 0.494561 0.271240 0.367526 
0.500000 0.500000 0.486647 0.271085 0.367611 
