0.500000 0.500000 0.268941 0.500000 0.500000 
0.500000 0.500000 0.268941 0.368680 0.500000 
0.500000 0.433993 0.268941 0.368680 0.323582 
0.500000 0.455167 0.256108 0.368680 0.323582 
0.500000 0.465492 0.265340 0.374674 0.323582 
0.500000 0.467874 0.263628 0.370358 0.320963 
0.500000 0.469631 0.264777 0.371157 0.322848 
0.500000 0.470244 0.264660 0.370621 0.322498 
0.500000 0.470607 0.264827 0.370676 0.322733 
0.500000 0.470760 0.264831 0.370598 0.322709 
0.500000 0.470841 0.264859 0.370596 0.322743 
0.500000 0.470878 0.264864 0.370583 0.322744 
0.500000 0.470897 0.264869 0.370581 0.322749 
0.500000 0.470906 0.264870 0.370578 0.322750 
0.500000 0.470910 0.264872 0.370577 0.322751 
0.500000 0.470912 0.264872 0.370577 0.322752 
0.500000 0.470913 0.264872 0.370577 0.322752 
0.500000 0.470914 0.264872 0.370577 0.322752 
0.500000 0.470914 0.264872 0.370576 0.322752 
0.500000 0.470914 0.264872 0.370576 0.322752 
0.500000 0.470914 0.264872 0.370576 0.322752 
0.500000 0.470914 0.264872 0.370576 0.322752 
0.500000 0.470914 0.264872 0.370576 0.322752 
0.500000 0.470914 0.264872 0.370576 0.322752 
0.500000 0.470914 0.264872 0.370576 0.322752 
0.500000 0.470914 0.264872 0.370576 0.322752 
0.500000 0.470914 0.264872 0.370576 0.322752 
0.500000 0.470914 0.264872 0.370576 0.322752 
0.500000 0.470914 0.264872 0.370576 0.322752 
0.500000 0.470914 0.264872 0.370576 0.322752 
0.500000 0.470914 0.264872 0.370576 0.322752 
0.500000 0.470914 0.264872 0.370576 0.322752 
0.500000 0.470914 0.264872 0.370576 0.322752 
0.500000 0.470914 0.264872 0.370576 0.322752 
0.500000 0.470914 0.264872 0.370576 0.322752 
0.500000 0.470914 0.264872 0.370576 0.322752 
0.500000 0.470914 0.264872 0.370576 0.322752 
0.500000 0.470914 0.264872 0.370576 0.322752 
0.500000 0.470914 0.264872 0.370576 0.322752 
0.500000 0.470914 0.264872 0.370576 0.322752 
0.500000 0.470914 0.264872 0.370576 0.322752 
0.500000 0.470914 0.264872 0.370576 0.322752 
0.500000 0.470914 0.264872 0.370576 0.322752 
0.500000 0.470914 0.264872 0.370576 0.322752 
0.500000 0.470914 0.264872 0.370576 0.322752 
0.500000 0.470914 0.264872 0.370576 0.322752 
0.500000 0.470914 0.264872 0.370576 0.322752 
0.500000 0.470914 0.264872 0.370576 0.322752 
0.500000 0.470914 0.264872 0.370576 0.322752 
0.500000 0.470914 0.264872 0.370576 0.322752 
0.500000 0.470914 0.264872 0.370576 0.322752 
0.500000 0.470914 0.264872 0.370576 0.322752 
0.500000 0.470914 0.264872 0.370576 0.322752 
0.500000 0.470914 0.264872 0.370576 0.322752 
0.500000 0.470914 0.264872 0.370576 0.322752 
0.500000 0.470914 0.264872 0.370576 0.322752 
0.500000 0.470914 0.264872 0.370576 0.322752 
0.500000 0.470914 0.264872 0.370576 0.322752 
0.500000 0.470914 0.264872 0.370576 0.322752 
0.500000 0.470914 0.264872 0.370576 0.322752 
0.500000 0.470914 0.264872 0.370576 0.322752 
0.500000 0.470914 0.264872 0.370576 0.322752 
0.500000 0.470914 0.264872 0.370576 0.322752 
0.500000 0.470914 0.264872 0.370576 0.322752 
0.500000 0.470914 0.264872 0.370576 0.322752 
0.500000 0.470914 0.264872 0.370576 0.322752 
0.500000 0.470914 0.264872 0.370576 0.322752 
0.500000 0.470914 0.264872 0.370576 0.322752 
0.500000 0.470914 0.264872 0.370576 0.322752 
0.500000 0.470914 0.264872 0.370576 0.322752 
0.500000 0.470914 0.264872 0.370576 0.322752 
0.500000 0.470914 0.264872 0.370576 0.322752 
0.500000 0.470914 0.264872 0.370576 0.322752 
0.500000 0.470914 0.264872 0.370576 0.322752 
0.500000 0.470914 0.264872 0.370576 0.322752 
0.500000 0.470914 0.264872 0.370576 0.322752 
0.500000 0.470914 0.264872 0.370576 0.322752 
0.500000 0.470914 0.264872 0.370576 0.322752 
0.500000 0.470914 0.264872 0.370576 0.322752 
0.500000 0.470914 0.264872 0.370576 0.322752 
0.500000 0.470914 0.264872 0.370576 0.322752 
0.500000 0.470914 0.264872 0.370576 0.322752 
0.500000 0.470914 0.264872 0.370576 0.322752 
0.500000 0.470914 0.264872 0.370576 0.322752 
0.500000 0.470914 0.264872 0.370576 0.322752 
0.500000 0.470914 0.264872 0.370576 0.322752 
0.500000 0.470914 0.264872 0.370576 0.322752 
0.500000 0.470914 0.264872 0.370576 0.322752 
0.500000 0.470914 0.264872 0.370576 0.322752 
0.500000 0.470914 0.264872 0.370576 0.322752 
0.500000 0.470914 0.264872 0.370576 0.322752 
0.500000 0.470914 0.264872 0.370576 0.322752 
0.500000 0.470914 0.264872 0.370576 0.322752 
0.500000 0.470914 0.264872 0.370576 0.322752 
0.500000 0.470914 0.264872 0.370576 0.322752 
0.500000 0.470914 0.264872 0.370576 0.322752 
0.500000 0.470914 0.264872 0.370576 0.322752 
0.500000 0.470914 0.264872 0.370576 0.322752 
0.500000 0.470914 0.264872 0.370576 0.322752 
0.500000 0.470914 0.264872 0.370576 0.322752 
