0.500000 0.268941 0.268941 0.500000 0.500000 
0.500000 0.299199 0.500000 0.368680 0.500000 
0.500000 0.269045 0.500000 0.500000 0.323582 
0.500000 0.269035 0.500000 0.500000 0.500000 
0.500000 0.269026 0.500000 0.500000 0.500000 
0.500000 0.269017 0.500000 0.500000 0.500000 
0.500000 0.269010 0.500000 0.500000 0.500000 
0.500000 0.269003 0.500000 0.500000 0.500000 
0.500000 0.268997 0.500000 0.500000 0.500000 
0.500000 0.268991 0.500000 0.500000 0.500000 
0.440679 0.268986 0.500000 0.500000 0.500000 
0.500000 0.292938 0.500000 0.500000 0.500000 
0.500000 0.290503 0.500000 0.500000 0.500000 
0.500000 0.288315 0.500000 0.500000 0.500000 
0.500000 0.286351 0.500000 0.500000 0.500000 
0.500000 0.284588 0.500000 0.500000 0.500000 
0.500000 0.283004 0.500000 0.500000 0.500000 
0.500000 0.281582 0.500000 0.500000 0.500000 
0.500000 0.280305 0.500000 0.500000 0.500000 
0.500000 0.279158 0.500000 0.500000 0.500000 
0.440679 0.278127 0.500000 0.500000 0.500000 
0.500000 0.301422 0.500000 0.500000 0.500000 
0.500000 0.298124 0.500000 0.500000 0.500000 
0.500000 0.295160 0.500000 0.500000 0.500000 
0.500000 0.292498 0.500000 0.500000 0.500000 
0.500000 0.290107 0.500000 0.500000 0.500000 
0.500000 0.287960 0.500000 0.500000 0.500000 
0.500000 0.286033 0.500000 0.500000 0.500000 
0.500000 0.284302 0.500000 0.500000 0.500000 
0.500000 0.282747 0.500000 0.500000 0.500000 
0.440679 0.281351 0.500000 0.500000 0.500000 
0.500000 0.304388 0.500000 0.500000 0.500000 
0.500000 0.300790 0.500000 0.500000 0.500000 
0.500000 0.297555 0.500000 0.500000 0.500000 
0.500000 0.294649 0.500000 0.500000 0.500000 
0.500000 0.292039 0.500000 0.500000 0.500000 
0.500000 0.289695 0.500000 0.500000 0.500000 
0.500000 0.287590 0.500000 0.500000 0.500000 
0.500000 0.285701 0.500000 0.500000 0.500000 
0.500000 0.284003 0.500000 0.500000 0.500000 
0.440679 0.282479 0.500000 0.500000 0.500000 
0.500000 0.305422 0.500000 0.500000 0.500000 
0.500000 0.301720 0.500000 0.500000 0.500000 
0.500000 0.298391 0.500000 0.500000 0.500000 
0.500000 0.295400 0.500000 0.500000 0.500000 
0.500000 0.292714 0.500000 0.500000 0.500000 
0.500000 0.290301 0.500000 0.500000 0.500000 
0.500000 0.288134 0.500000 0.500000 0.500000 
0.500000 0.286189 0.500000 0.500000 0.500000 
0.500000 0.284442 0.500000 0.500000 0.500000 
0.440679 0.282873 0.500000 0.500000 0.500000 
0.500000 0.305783 0.500000 0.500000 0.500000 
0.500000 0.302044 0.500000 0.500000 0.500000 
0.500000 0.298683 0.500000 0.500000 0.500000 
0.500000 0.295662 0.500000 0.500000 0.500000 
0.500000 0.292949 0.500000 0.500000 0.500000 
0.500000 0.290512 0.500000 0.500000 0.500000 
0.500000 0.288324 0.500000 0.500000 0.500000 
0.500000 0.286359 0.500000 0.500000 0.500000 
0.500000 0.284595 0.500000 0.500000 0.500000 
0.440679 0.283011 0.500000 0.500000 0.500000 
0.500000 0.305909 0.500000 0.500000 0.500000 
0.500000 0.302157 0.500000 0.500000 0.500000 
0.500000 0.298785 0.500000 0.500000 0.500000 
0.500000 0.295754 0.500000 0.500000 0.500000 
0.500000 0.293031 0.500000 0.500000 0.500000 
0.500000 0.290586 0.500000 0.500000 0.500000 
0.500000 0.288390 0.500000 0.500000 0.500000 
0.500000 0.286419 0.500000 0.500000 0.500000 
0.500000 0.284648 0.500000 0.500000 0.500000 
0.440679 0.283059 0.500000 0.500000 0.500000 
0.500000 0.305953 0.500000 0.500000 0.500000 
0.500000 0.302197 0.500000 0.500000 0.500000 
0.500000 0.298820 0.500000 0.500000 0.500000 
0.500000 0.295785 0.500000 0.500000 0.500000 
0.500000 0.293060 0.500000 0.500000 0.500000 
0.500000 0.290612 0.500000 0.500000 0.500000 
0.500000 0.288413 0.500000 0.500000 0.500000 
0.500000 0.286439 0.500000 0.500000 0.500000 
0.500000 0.284667 0.500000 0.500000 0.500000 
0.440679 0.283075 0.500000 0.500000 0.500000 
0.500000 0.305968 0.500000 0.500000 0.500000 
0.500000 0.302211 0.500000 0.500000 0.500000 
0.500000 0.298832 0.500000 0.500000 0.500000 
0.500000 0.295797 0.500000 0.500000 0.500000 
0.500000 0.293070 0.500000 0.500000 0.500000 
0.500000 0.290621 0.500000 0.500000 0.500000 
0.500000 0.288421 0.500000 0.500000 0.500000 
0.500000 0.286447 0.500000 0.500000 0.500000 
0.500000 0.284673 0.500000 0.500000 0.500000 
0.440679 0.283081 0.500000 0.500000 0.500000 
0.500000 0.305973 0.500000 0.500000 0.500000 
0.500000 0.302215 0.500000 0.500000 0.500000 
0.500000 0.298837 0.500000 0.500000 0.500000 
0.500000 0.295800 0.500000 0.500000 0.500000 
0.500000 0.293073 0.500000 0.500000 0.500000 
0.500000 0.290624 0.500000 0.500000 0.500000 
0.500000 0.288424 0.500000 0.500000 0.500000 
0.500000 0.286449 0.500000 0.500000 0.500000 
0.500000 0.284676 0.500000 0.500000 0.500000 
0.500000 0.268941 0.268941 0.500000 0.500000 
0.500000 0.299199 0.194364 0.368680 0.500000 
0.500000 0.312301 0.179838 0.404024 0.323582 
0.500000 0.334500 0.500000 0.411038 0.308307 
0.500000 0.309600 0.500000 0.500000 0.305323 
0.500000 0.305479 0.500000 0.500000 0.500000 
0.500000 0.301771 0.500000 0.500000 0.500000 
0.500000 0.298437 0.500000 0.500000 0.500000 
0.500000 0.295441 0.500000 0.500000 0.500000 
0.500000 0.292751 0.500000 0.500000 0.500000 
0.440679 0.290334 0.500000 0.500000 0.500000 
0.500000 0.312581 0.500000 0.500000 0.500000 
0.500000 0.308162 0.500000 0.500000 0.500000 
0.500000 0.304185 0.500000 0.500000 0.500000 
0.500000 0.300607 0.500000 0.500000 0.500000 
0.500000 0.297391 0.500000 0.500000 0.500000 
0.500000 0.294502 0.500000 0.500000 0.500000 
0.500000 0.291907 0.500000 0.500000 0.500000 
0.500000 0.289576 0.500000 0.500000 0.500000 
0.500000 0.287484 0.500000 0.500000 0.500000 
0.440679 0.285605 0.500000 0.500000 0.500000 
0.500000 0.308280 0.500000 0.500000 0.500000 
0.500000 0.304290 0.500000 0.500000 0.500000 
0.500000 0.300702 0.500000 0.500000 0.500000 
0.500000 0.297476 0.500000 0.500000 0.500000 
0.500000 0.294578 0.500000 0.500000 0.500000 
0.500000 0.291976 0.500000 0.500000 0.500000 
0.500000 0.289638 0.500000 0.500000 0.500000 
0.500000 0.287539 0.500000 0.500000 0.500000 
0.500000 0.285654 0.500000 0.500000 0.500000 
0.440679 0.283962 0.500000 0.500000 0.500000 
0.500000 0.306779 0.500000 0.500000 0.500000 
0.500000 0.302940 0.500000 0.500000 0.500000 
0.500000 0.299488 0.500000 0.500000 0.500000 
0.500000 0.296386 0.500000 0.500000 0.500000 
0.500000 0.293599 0.500000 0.500000 0.500000 
0.500000 0.291096 0.500000 0.500000 0.500000 
0.500000 0.288848 0.500000 0.500000 0.500000 
0.500000 0.286830 0.500000 0.500000 0.500000 
0.500000 0.285018 0.500000 0.500000 0.500000 
0.440679 0.283390 0.500000 0.500000 0.500000 
0.500000 0.306256 0.500000 0.500000 0.500000 
0.500000 0.302470 0.500000 0.500000 0.500000 
0.500000 0.299065 0.500000 0.500000 0.500000 
0.500000 0.296006 0.500000 0.500000 0.500000 
0.500000 0.293258 0.500000 0.500000 0.500000 
0.500000 0.290789 0.500000 0.500000 0.500000 
0.500000 0.288573 0.500000 0.500000 0.500000 
0.500000 0.286583 0.500000 0.500000 0.500000 
0.500000 0.284796 0.500000 0.500000 0.500000 
0.440679 0.283191 0.500000 0.500000 0.500000 
0.500000 0.306074 0.500000 0.500000 0.500000 
0.500000 0.302306 0.500000 0.500000 0.500000 
0.500000 0.298918 0.500000 0.500000 0.500000 
0.500000 0.295873 0.500000 0.500000 0.500000 
0.500000 0.293139 0.500000 0.500000 0.500000 
0.500000 0.290683 0.500000 0.500000 0.500000 
0.500000 0.288477 0.500000 0.500000 0.500000 
0.500000 0.286497 0.500000 0.500000 0.500000 
0.500000 0.284718 0.500000 0.500000 0.500000 
0.440679 0.283121 0.500000 0.500000 0.500000 
0.500000 0.306010 0.500000 0.500000 0.500000 
0.500000 0.302249 0.500000 0.500000 0.500000 
0.500000 0.298866 0.500000 0.500000 0.500000 
0.500000 0.295827 0.500000 0.500000 0.500000 
0.500000 0.293097 0.500000 0.500000 0.500000 
0.500000 0.290645 0.500000 0.500000 0.500000 
0.500000 0.288444 0.500000 0.500000 0.500000 
0.500000 0.286467 0.500000 0.500000 0.500000 
0.500000 0.284691 0.500000 0.500000 0.500000 
0.440679 0.283097 0.500000 0.500000 0.500000 
0.500000 0.305988 0.500000 0.500000 0.500000 
0.500000 0.302229 0.500000 0.500000 0.500000 
0.500000 0.298849 0.500000 0.500000 0.500000 
0.500000 0.295811 0.500000 0.500000 0.500000 
0.500000 0.293083 0.500000 0.500000 0.500000 
0.500000 0.290632 0.500000 0.500000 0.500000 
0.500000 0.288432 0.500000 0.500000 0.500000 
0.500000 0.286456 0.500000 0.500000 0.500000 
0.500000 0.284682 0.500000 0.500000 0.500000 
0.440679 0.283089 0.500000 0.500000 0.500000 
0.500000 0.305980 0.500000 0.500000 0.500000 
0.500000 0.302222 0.500000 0.500000 0.500000 
0.500000 0.298842 0.500000 0.500000 0.500000 
0.500000 0.295806 0.500000 0.500000 0.500000 
0.500000 0.293078 0.500000 0.500000 0.500000 
0.500000 0.290628 0.500000 0.500000 0.500000 
0.500000 0.288428 0.500000 0.500000 0.500000 
0.500000 0.286452 0.500000 0.500000 0.500000 
0.500000 0.284679 0.500000 0.500000 0.500000 
0.440679 0.283086 0.500000 0.500000 0.500000 
0.500000 0.305978 0.500000 0.500000 0.500000 
0.500000 0.302219 0.500000 0.500000 0.500000 
0.500000 0.298840 0.500000 0.500000 0.500000 
0.500000 0.295804 0.500000 0.500000 0.500000 
0.500000 0.293076 0.500000 0.500000 0.500000 
0.500000 0.290626 0.500000 0.500000 0.500000 
0.500000 0.288426 0.500000 0.500000 0.500000 
0.500000 0.286451 0.500000 0.500000 0.500000 
0.500000 0.284677 0.500000 0.500000 0.500000 
0.500000 0.268941 0.268941 0.500000 0.500000 
0.500000 0.329889 0.500000 0.368680 0.500000 
0.500000 0.296234 0.500000 0.500000 0.323582 
0.500000 0.293463 0.500000 0.500000 0.500000 
0.500000 0.290974 0.500000 0.500000 0.500000 
0.500000 0.288738 0.500000 0.500000 0.500000 
0.500000 0.286731 0.500000 0.500000 0.500000 
0.500000 0.284929 0.500000 0.500000 0.500000 
0.500000 0.283311 0.500000 0.500000 0.500000 
0.500000 0.281857 0.500000 0.500000 0.500000 
0.440679 0.280552 0.500000 0.500000 0.500000 
0.500000 0.303654 0.500000 0.500000 0.500000 
0.500000 0.300130 0.500000 0.500000 0.500000 
0.500000 0.296962 0.500000 0.500000 0.500000 
0.500000 0.294117 0.500000 0.500000 0.500000 
0.500000 0.291561 0.500000 0.500000 0.500000 
0.500000 0.289266 0.500000 0.500000 0.500000 
0.500000 0.287205 0.500000 0.500000 0.500000 
0.500000 0.285354 0.500000 0.500000 0.500000 
0.500000 0.283692 0.500000 0.500000 0.500000 
0.440679 0.282200 0.500000 0.500000 0.500000 
0.500000 0.305166 0.500000 0.500000 0.500000 
0.500000 0.301490 0.500000 0.500000 0.500000 
0.500000 0.298184 0.500000 0.500000 0.500000 
0.500000 0.295214 0.500000 0.500000 0.500000 
0.500000 0.292547 0.500000 0.500000 0.500000 
0.500000 0.290151 0.500000 0.500000 0.500000 
0.500000 0.288000 0.500000 0.500000 0.500000 
0.500000 0.286068 0.500000 0.500000 0.500000 
0.500000 0.284333 0.500000 0.500000 0.500000 
0.440679 0.282776 0.500000 0.500000 0.500000 
0.500000 0.305694 0.500000 0.500000 0.500000 
0.500000 0.301964 0.500000 0.500000 0.500000 
0.500000 0.298611 0.500000 0.500000 0.500000 
0.500000 0.295597 0.500000 0.500000 0.500000 
0.500000 0.292891 0.500000 0.500000 0.500000 
0.500000 0.290460 0.500000 0.500000 0.500000 
0.500000 0.288277 0.500000 0.500000 0.500000 
0.500000 0.286317 0.500000 0.500000 0.500000 
0.500000 0.284557 0.500000 0.500000 0.500000 
0.440679 0.282977 0.500000 0.500000 0.500000 
0.500000 0.305878 0.500000 0.500000 0.500000 
0.500000 0.302129 0.500000 0.500000 0.500000 
0.500000 0.298759 0.500000 0.500000 0.500000 
0.500000 0.295731 0.500000 0.500000 0.500000 
0.500000 0.293011 0.500000 0.500000 0.500000 
0.500000 0.290568 0.500000 0.500000 0.500000 
0.500000 0.288374 0.500000 0.500000 0.500000 
0.500000 0.286404 0.500000 0.500000 0.500000 
0.500000 0.284635 0.500000 0.500000 0.500000 
0.440679 0.283047 0.500000 0.500000 0.500000 
0.500000 0.305942 0.500000 0.500000 0.500000 
0.500000 0.302187 0.500000 0.500000 0.500000 
0.500000 0.298811 0.500000 0.500000 0.500000 
0.500000 0.295778 0.500000 0.500000 0.500000 
0.500000 0.293053 0.500000 0.500000 0.500000 
0.500000 0.290605 0.500000 0.500000 0.500000 
0.500000 0.288408 0.500000 0.500000 0.500000 
0.500000 0.286434 0.500000 0.500000 0.500000 
0.500000 0.284662 0.500000 0.500000 0.500000 
0.440679 0.283071 0.500000 0.500000 0.500000 
0.500000 0.305964 0.500000 0.500000 0.500000 
0.500000 0.302207 0.500000 0.500000 0.500000 
0.500000 0.298829 0.500000 0.500000 0.500000 
0.500000 0.295794 0.500000 0.500000 0.500000 
0.500000 0.293067 0.500000 0.500000 0.500000 
0.500000 0.290618 0.500000 0.500000 0.500000 
0.500000 0.288419 0.500000 0.500000 0.500000 
0.500000 0.286445 0.500000 0.500000 0.500000 
0.500000 0.284672 0.500000 0.500000 0.500000 
0.440679 0.283080 0.500000 0.500000 0.500000 
0.500000 0.305972 0.500000 0.500000 0.500000 
0.500000 0.302214 0.500000 0.500000 0.500000 
0.500000 0.298836 0.500000 0.500000 0.500000 
0.500000 0.295800 0.500000 0.500000 0.500000 
0.500000 0.293072 0.500000 0.500000 0.500000 
0.500000 0.290623 0.500000 0.500000 0.500000 
0.500000 0.288423 0.500000 0.500000 0.500000 
0.500000 0.286448 0.500000 0.500000 0.500000 
0.500000 0.284675 0.500000 0.500000 0.500000 
0.440679 0.283083 0.500000 0.500000 0.500000 
0.500000 0.305975 0.500000 0.500000 0.500000 
0.500000 0.302217 0.500000 0.500000 0.500000 
0.500000 0.298838 0.500000 0.500000 0.500000 
0.500000 0.295801 0.500000 0.500000 0.500000 
0.500000 0.293074 0.500000 0.500000 0.500000 
0.500000 0.290624 0.500000 0.500000 0.500000 
0.500000 0.288425 0.500000 0.500000 0.500000 
0.500000 0.286450 0.500000 0.500000 0.500000 
0.500000 0.284676 0.500000 0.500000 0.500000 
0.440679 0.283084 0.500000 0.500000 0.500000 
0.500000 0.305976 0.500000 0.500000 0.500000 
0.500000 0.302217 0.500000 0.500000 0.500000 
0.500000 0.298839 0.500000 0.500000 0.500000 
0.500000 0.295802 0.500000 0.500000 0.500000 
0.500000 0.293075 0.500000 0.500000 0.500000 
0.500000 0.290625 0.500000 0.500000 0.500000 
0.500000 0.288425 0.500000 0.500000 0.500000 
0.500000 0.286450 0.500000 0.500000 0.500000 
0.500000 0.284677 0.500000 0.500000 0.500000 
0.500000 0.268941 0.268941 0.500000 0.500000 
0.500000 0.329889 0.500000 0.368680 0.500000 
0.500000 0.274471 0.500000 0.500000 0.323582 
0.500000 0.273915 0.500000 0.500000 0.500000 
0.500000 0.273416 0.500000 0.500000 0.500000 
0.500000 0.272966 0.500000 0.500000 0.500000 
0.500000 0.272562 0.500000 0.500000 0.500000 
0.500000 0.272199 0.500000 0.500000 0.500000 
0.500000 0.271872 0.500000 0.500000 0.500000 
0.500000 0.271578 0.500000 0.500000 0.500000 
0.440679 0.271314 0.500000 0.500000 0.500000 
0.500000 0.295110 0.500000 0.500000 0.500000 
0.500000 0.292453 0.500000 0.500000 0.500000 
0.500000 0.290066 0.500000 0.500000 0.500000 
0.500000 0.287924 0.500000 0.500000 0.500000 
0.500000 0.286000 0.500000 0.500000 0.500000 
0.500000 0.284272 0.500000 0.500000 0.500000 
0.500000 0.282721 0.500000 0.500000 0.500000 
0.500000 0.281328 0.500000 0.500000 0.500000 
0.500000 0.280076 0.500000 0.500000 0.500000 
0.440679 0.278952 0.500000 0.500000 0.500000 
0.500000 0.302182 0.500000 0.500000 0.500000 
0.500000 0.298807 0.500000 0.500000 0.500000 
0.500000 0.295774 0.500000 0.500000 0.500000 
0.500000 0.293049 0.500000 0.500000 0.500000 
0.500000 0.290602 0.500000 0.500000 0.500000 
0.500000 0.288405 0.500000 0.500000 0.500000 
0.500000 0.286432 0.500000 0.500000 0.500000 
0.500000 0.284660 0.500000 0.500000 0.500000 
0.500000 0.283069 0.500000 0.500000 0.500000 
0.440679 0.281640 0.500000 0.500000 0.500000 
0.500000 0.304653 0.500000 0.500000 0.500000 
0.500000 0.301028 0.500000 0.500000 0.500000 
0.500000 0.297770 0.500000 0.500000 0.500000 
0.500000 0.294842 0.500000 0.500000 0.500000 
0.500000 0.292212 0.500000 0.500000 0.500000 
0.500000 0.289850 0.500000 0.500000 0.500000 
0.500000 0.287730 0.500000 0.500000 0.500000 
0.500000 0.285826 0.500000 0.500000 0.500000 
0.500000 0.284116 0.500000 0.500000 0.500000 
0.440679 0.282580 0.500000 0.500000 0.500000 
0.500000 0.305515 0.500000 0.500000 0.500000 
0.500000 0.301803 0.500000 0.500000 0.500000 
0.500000 0.298466 0.500000 0.500000 0.500000 
0.500000 0.295468 0.500000 0.500000 0.500000 
0.500000 0.292774 0.500000 0.500000 0.500000 
0.500000 0.290355 0.500000 0.500000 0.500000 
0.500000 0.288183 0.500000 0.500000 0.500000 
0.500000 0.286233 0.500000 0.500000 0.500000 
0.500000 0.284481 0.500000 0.500000 0.500000 
0.440679 0.282909 0.500000 0.500000 0.500000 
0.500000 0.305815 0.500000 0.500000 0.500000 
0.500000 0.302073 0.500000 0.500000 0.500000 
0.500000 0.298709 0.500000 0.500000 0.500000 
0.500000 0.295686 0.500000 0.500000 0.500000 
0.500000 0.292970 0.500000 0.500000 0.500000 
0.500000 0.290531 0.500000 0.500000 0.500000 
0.500000 0.288341 0.500000 0.500000 0.500000 
0.500000 0.286374 0.500000 0.500000 0.500000 
0.500000 0.284609 0.500000 0.500000 0.500000 
0.440679 0.283023 0.500000 0.500000 0.500000 
0.500000 0.305920 0.500000 0.500000 0.500000 
0.500000 0.302168 0.500000 0.500000 0.500000 
0.500000 0.298794 0.500000 0.500000 0.500000 
0.500000 0.295762 0.500000 0.500000 0.500000 
0.500000 0.293038 0.500000 0.500000 0.500000 
0.500000 0.290592 0.500000 0.500000 0.500000 
0.500000 0.288396 0.500000 0.500000 0.500000 
0.500000 0.286424 0.500000 0.500000 0.500000 
0.500000 0.284653 0.500000 0.500000 0.500000 
0.440679 0.283063 0.500000 0.500000 0.500000 
0.500000 0.305957 0.500000 0.500000 0.500000 
0.500000 0.302200 0.500000 0.500000 0.500000 
0.500000 0.298823 0.500000 0.500000 0.500000 
0.500000 0.295788 0.500000 0.500000 0.500000 
0.500000 0.293062 0.500000 0.500000 0.500000 
0.500000 0.290614 0.500000 0.500000 0.500000 
0.500000 0.288415 0.500000 0.500000 0.500000 
0.500000 0.286441 0.500000 0.500000 0.500000 
0.500000 0.284669 0.500000 0.500000 0.500000 
0.440679 0.283077 0.500000 0.500000 0.500000 
0.500000 0.305969 0.500000 0.500000 0.500000 
0.500000 0.302212 0.500000 0.500000 0.500000 
0.500000 0.298833 0.500000 0.500000 0.500000 
0.500000 0.295798 0.500000 0.500000 0.500000 
0.500000 0.293070 0.500000 0.500000 0.500000 
0.500000 0.290621 0.500000 0.500000 0.500000 
0.500000 0.288422 0.500000 0.500000 0.500000 
0.500000 0.286447 0.500000 0.500000 0.500000 
0.500000 0.284674 0.500000 0.500000 0.500000 
0.440679 0.283082 0.500000 0.500000 0.500000 
0.500000 0.305974 0.500000 0.500000 0.500000 
0.500000 0.302216 0.500000 0.500000 0.500000 
0.500000 0.298837 0.500000 0.500000 0.500000 
0.500000 0.295801 0.500000 0.500000 0.500000 
0.500000 0.293073 0.500000 0.500000 0.500000 
0.500000 0.290624 0.500000 0.500000 0.500000 
0.500000 0.288424 0.500000 0.500000 0.500000 
0.500000 0.286449 0.500000 0.500000 0.500000 
0.500000 0.284676 0.500000 0.500000 0.500000 
0.500000 0.268941 0.268941 0.500000 0.500000 
0.500000 0.339926 0.500000 0.368680 0.500000 
0.500000 0.283498 0.500000 0.500000 0.323582 
0.500000 0.282025 0.500000 0.500000 0.500000 
0.500000 0.280703 0.500000 0.500000 0.500000 
0.500000 0.279515 0.500000 0.500000 0.500000 
0.500000 0.278448 0.500000 0.500000 0.500000 
0.500000 0.277490 0.500000 0.500000 0.500000 
0.500000 0.276628 0.500000 0.500000 0.500000 
0.500000 0.275854 0.500000 0.500000 0.500000 
0.440679 0.275158 0.500000 0.500000 0.500000 
0.500000 0.298680 0.500000 0.500000 0.500000 
0.500000 0.295659 0.500000 0.500000 0.500000 
0.500000 0.292946 0.500000 0.500000 0.500000 
0.500000 0.290510 0.500000 0.500000 0.500000 
0.500000 0.288322 0.500000 0.500000 0.500000 
0.500000 0.286357 0.500000 0.500000 0.500000 
0.500000 0.284593 0.500000 0.500000 0.500000 
0.500000 0.283009 0.500000 0.500000 0.500000 
0.500000 0.281586 0.500000 0.500000 0.500000 
0.440679 0.280309 0.500000 0.500000 0.500000 
0.500000 0.303430 0.500000 0.500000 0.500000 
0.500000 0.299929 0.500000 0.500000 0.500000 
0.500000 0.296782 0.500000 0.500000 0.500000 
0.500000 0.293955 0.500000 0.500000 0.500000 
0.500000 0.291415 0.500000 0.500000 0.500000 
0.500000 0.289135 0.500000 0.500000 0.500000 
0.500000 0.287087 0.500000 0.500000 0.500000 
0.500000 0.285249 0.500000 0.500000 0.500000 
0.500000 0.283598 0.500000 0.500000 0.500000 
0.440679 0.282115 0.500000 0.500000 0.500000 
0.500000 0.305088 0.500000 0.500000 0.500000 
0.500000 0.301420 0.500000 0.500000 0.500000 
0.500000 0.298121 0.500000 0.500000 0.500000 
0.500000 0.295158 0.500000 0.500000 0.500000 
0.500000 0.292496 0.500000 0.500000 0.500000 
0.500000 0.290105 0.500000 0.500000 0.500000 
0.500000 0.287959 0.500000 0.500000 0.500000 
0.500000 0.286031 0.500000 0.500000 0.500000 
0.500000 0.284300 0.500000 0.500000 0.500000 
0.440679 0.282746 0.500000 0.500000 0.500000 
0.500000 0.305667 0.500000 0.500000 0.500000 
0.500000 0.301940 0.500000 0.500000 0.500000 
0.500000 0.298589 0.500000 0.500000 0.500000 
0.500000 0.295578 0.500000 0.500000 0.500000 
0.500000 0.292873 0.500000 0.500000 0.500000 
0.500000 0.290444 0.500000 0.500000 0.500000 
0.500000 0.288263 0.500000 0.500000 0.500000 
0.500000 0.286304 0.500000 0.500000 0.500000 
0.500000 0.284546 0.500000 0.500000 0.500000 
0.440679 0.282966 0.500000 0.500000 0.500000 
0.500000 0.305868 0.500000 0.500000 0.500000 
0.500000 0.302121 0.500000 0.500000 0.500000 
0.500000 0.298752 0.500000 0.500000 0.500000 
0.500000 0.295724 0.500000 0.500000 0.500000 
0.500000 0.293005 0.500000 0.500000 0.500000 
0.500000 0.290562 0.500000 0.500000 0.500000 
0.500000 0.288369 0.500000 0.500000 0.500000 
0.500000 0.286399 0.500000 0.500000 0.500000 
0.500000 0.284631 0.500000 0.500000 0.500000 
0.440679 0.283043 0.500000 0.500000 0.500000 
0.500000 0.305938 0.500000 0.500000 0.500000 
0.500000 0.302184 0.500000 0.500000 0.500000 
0.500000 0.298809 0.500000 0.500000 0.500000 
0.500000 0.295775 0.500000 0.500000 0.500000 
0.500000 0.293050 0.500000 0.500000 0.500000 
0.500000 0.290603 0.500000 0.500000 0.500000 
0.500000 0.288406 0.500000 0.500000 0.500000 
0.500000 0.286433 0.500000 0.500000 0.500000 
0.500000 0.284661 0.500000 0.500000 0.500000 
0.440679 0.283070 0.500000 0.500000 0.500000 
0.500000 0.305963 0.500000 0.500000 0.500000 
0.500000 0.302206 0.500000 0.500000 0.500000 
0.500000 0.298828 0.500000 0.500000 0.500000 
0.500000 0.295793 0.500000 0.500000 0.500000 
0.500000 0.293066 0.500000 0.500000 0.500000 
0.500000 0.290618 0.500000 0.500000 0.500000 
0.500000 0.288419 0.500000 0.500000 0.500000 
0.500000 0.286444 0.500000 0.500000 0.500000 
0.500000 0.284671 0.500000 0.500000 0.500000 
0.440679 0.283079 0.500000 0.500000 0.500000 
0.500000 0.305972 0.500000 0.500000 0.500000 
0.500000 0.302214 0.500000 0.500000 0.500000 
0.500000 0.298835 0.500000 0.500000 0.500000 
0.500000 0.295799 0.500000 0.500000 0.500000 
0.500000 0.293072 0.500000 0.500000 0.500000 
0.500000 0.290623 0.500000 0.500000 0.500000 
0.500000 0.288423 0.500000 0.500000 0.500000 
0.500000 0.286448 0.500000 0.500000 0.500000 
0.500000 0.284675 0.500000 0.500000 0.500000 
0.440679 0.283082 0.500000 0.500000 0.500000 
0.500000 0.305975 0.500000 0.500000 0.500000 
0.500000 0.302217 0.500000 0.500000 0.500000 
0.500000 0.298838 0.500000 0.500000 0.500000 
0.500000 0.295801 0.500000 0.500000 0.500000 
0.500000 0.293074 0.500000 0.500000 0.500000 
0.500000 0.290624 0.500000 0.500000 0.500000 
0.500000 0.288425 0.500000 0.500000 0.500000 
0.500000 0.286450 0.500000 0.500000 0.500000 
0.500000 0.284676 0.500000 0.500000 0.500000 
0.500000 0.268941 0.268941 0.500000 0.500000 
0.500000 0.339926 0.194364 0.368680 0.500000 
0.500000 0.381264 0.189539 0.404024 0.323582 
0.500000 0.423016 0.187901 0.406349 0.308307 
0.500000 0.450659 0.195677 0.407140 0.307316 
0.500000 0.466707 0.210368 0.403392 0.306979 
0.500000 0.475119 0.231144 0.396341 0.308576 
0.500000 0.478794 0.257183 0.386443 0.311593 
0.500000 0.479091 0.287368 0.374171 0.315855 
0.500000 0.476097 0.319907 0.360145 0.321183 
0.440679 0.468626 0.352230 0.345288 0.327329 
0.500000 0.462877 0.381294 0.330824 0.333905 
0.500000 0.439317 0.406653 0.318085 0.340369 
0.500000 0.398861 0.423498 0.307187 0.346113 
0.500000 0.340238 0.430329 0.300063 0.351062 
0.500000 0.275564 0.424230 0.297202 0.354315 
0.500000 0.223532 0.399333 0.299756 0.355625 
0.500000 0.500000 0.348087 0.310311 0.354455 
0.500000 0.500000 0.397976 0.332661 0.349640 
0.500000 0.500000 0.427494 0.310892 0.339545 
0.440679 0.500000 0.451441 0.298387 0.349376 
0.500000 0.500000 0.468187 0.288459 0.355082 
0.500000 0.500000 0.479290 0.281634 0.359642 
0.500000 0.500000 0.486392 0.277163 0.362792 
0.500000 0.500000 0.490877 0.274326 0.364861 
0.500000 0.500000 0.493723 0.272544 0.366177 
0.500000 0.500000 0.495555 0.271417 0.367005 
0.500000 0.500000 0.496760 0.270693 0.367529 
0.500000 0.500000 0.497571 0.270217 0.367865 
0.500000 0.500000 0.498130 0.269898 0.368086 
0.440679 0.500000 0.498524 0.269678 0.368235 
0.500000 0.500000 0.498809 0.269522 0.368338 
0.500000 0.500000 0.499018 0.269410 0.368410 
0.500000 0.500000 0.499176 0.269328 0.368462 
0.500000 0.500000 0.499296 0.269266 0.368500 
0.500000 0.500000 0.499389 0.269218 0.368529 
0.500000 0.500000 0.499463 0.269182 0.368551 
0.500000 0.500000 0.499521 0.269153 0.368568 
0.500000 0.500000 0.499568 0.269130 0.368582 
0.500000 0.500000 0.499607 0.269111 0.368593 
0.440679 0.500000 0.499639 0.269096 0.368601 
0.500000 0.500000 0.499665 0.269083 0.368608 
0.500000 0.500000 0.499688 0.269073 0.368614 
0.500000 0.500000 0.499706 0.269064 0.368619 
0.500000 0.500000 0.499722 0.269057 0.368623 
0.500000 0.500000 0.499736 0.269051 0.368626 
0.500000 0.500000 0.499747 0.269045 0.368629 
0.500000 0.500000 0.499757 0.269041 0.368632 
0.500000 0.500000 0.499766 0.269037 0.368634 
0.500000 0.500000 0.499774 0.269033 0.368636 
0.440679 0.500000 0.499780 0.269030 0.368637 
0.500000 0.500000 0.499786 0.269028 0.368639 
0.500000 0.500000 0.499791 0.269026 0.368640 
0.500000 0.500000 0.499796 0.269024 0.368641 
0.500000 0.500000 0.499800 0.269022 0.368642 
0.500000 0.500000 0.499803 0.269020 0.368643 
0.500000 0.500000 0.499806 0.269019 0.368644 
0.500000 0.500000 0.499809 0.269018 0.368644 
0.500000 0.500000 0.499811 0.269017 0.368645 
0.500000 0.500000 0.499813 0.269016 0.368645 
0.440679 0.500000 0.499815 0.269015 0.368646 
0.500000 0.500000 0.499817 0.269014 0.368646 
0.500000 0.500000 0.499819 0.269013 0.368646 
0.500000 0.500000 0.499820 0.269013 0.368647 
0.500000 0.500000 0.499821 0.269012 0.368647 
0.500000 0.500000 0.499822 0.269012 0.368647 
0.500000 0.500000 0.499823 0.269011 0.368647 
0.500000 0.500000 0.499824 0.269011 0.368648 
0.500000 0.500000 0.499825 0.269011 0.368648 
0.500000 0.500000 0.499826 0.269010 0.368648 
0.440679 0.500000 0.499826 0.269010 0.368648 
0.500000 0.500000 0.499827 0.269010 0.368648 
0.500000 0.500000 0.499827 0.269010 0.368648 
0.500000 0.500000 0.499828 0.269009 0.368649 
0.500000 0.500000 0.499828 0.269009 0.368649 
0.500000 0.500000 0.499829 0.269009 0.368649 
0.500000 0.500000 0.499829 0.269009 0.368649 
0.500000 0.500000 0.499829 0.269009 0.368649 
0.500000 0.500000 0.499829 0.269009 0.368649 
0.500000 0.500000 0.499830 0.269008 0.368649 
0.440679 0.500000 0.499830 0.269008 0.368649 
0.500000 0.500000 0.499830 0.269008 0.368649 
0.500000 0.500000 0.499830 0.269008 0.368649 
0.500000 0.500000 0.499830 0.269008 0.368649 
0.500000 0.500000 0.499831 0.269008 0.368649 
0.500000 0.500000 0.499831 0.269008 0.368649 
0.500000 0.500000 0.499831 0.269008 0.368649 
0.500000 0.500000 0.499831 0.269008 0.368649 
0.500000 0.500000 0.499831 0.269008 0.368649 
0.500000 0.500000 0.499831 0.269008 0.368649 
0.440679 0.500000 0.499831 0.269008 0.368649 
0.500000 0.500000 0.499831 0.269008 0.368649 
0.500000 0.500000 0.499831 0.269008 0.368649 
0.500000 0.500000 0.499831 0.269008 0.368649 
0.500000 0.500000 0.499831 0.269008 0.368649 
0.500000 0.500000 0.499831 0.269008 0.368649 
0.500000 0.500000 0.499832 0.269008 0.368649 
0.500000 0.500000 0.499832 0.269008 0.368649 
0.500000 0.500000 0.499832 0.269008 0.368649 
0.500000 0.500000 0.499832 0.269008 0.368649 
0.500000 0.268941 0.268941 0.500000 0.500000 
0.500000 0.339926 0.194364 0.368680 0.500000 
0.500000 0.381264 0.189539 0.404024 0.323582 
0.500000 0.423016 0.187901 0.406349 0.308307 
0.500000 0.450659 0.195677 0.407140 0.307316 
0.500000 0.466707 0.210368 0.403392 0.306979 
0.500000 0.475119 0.231144 0.396341 0.308576 
0.500000 0.478794 0.257183 0.386443 0.311593 
0.500000 0.479091 0.287368 0.374171 0.315855 
0.500000 0.476097 0.319907 0.360145 0.321183 
0.440679 0.468626 0.352230 0.345288 0.327329 
0.500000 0.462877 0.381294 0.330824 0.333905 
0.500000 0.439317 0.406653 0.318085 0.340369 
0.500000 0.398861 0.423498 0.307187 0.346113 
0.500000 0.340238 0.430329 0.300063 0.351062 
0.500000 0.275564 0.424230 0.297202 0.354315 
0.500000 0.223532 0.399333 0.299756 0.355625 
0.500000 0.500000 0.348087 0.310311 0.354455 
0.500000 0.500000 0.397976 0.332661 0.349640 
0.500000 0.500000 0.427494 0.310892 0.339545 
0.440679 0.500000 0.451441 0.298387 0.349376 
0.500000 0.500000 0.468187 0.288459 0.355082 
0.500000 0.500000 0.479290 0.281634 0.359642 
0.500000 0.500000 0.486392 0.277163 0.362792 
0.500000 0.500000 0.490877 0.274326 0.364861 
0.500000 0.500000 0.493723 0.272544 0.366177 
0.500000 0.500000 0.495555 0.271417 0.367005 
0.500000 0.500000 0.496760 0.270693 0.367529 
0.500000 0.500000 0.497571 0.270217 0.367865 
0.500000 0.500000 0.498130 0.269898 0.368086 
0.440679 0.500000 0.498524 0.269678 0.368235 
0.500000 0.500000 0.498809 0.269522 0.368338 
0.500000 0.500000 0.499018 0.269410 0.368410 
0.500000 0.500000 0.499176 0.269328 0.368462 
0.500000 0.500000 0.499296 0.269266 0.368500 
0.500000 0.500000 0.499389 0.269218 0.368529 
0.500000 0.500000 0.499463 0.269182 0.368551 
0.500000 0.500000 0.499521 0.269153 0.368568 
0.500000 0.500000 0.499568 0.269130 0.368582 
0.500000 0.500000 0.499607 0.269111 0.368593 
0.440679 0.500000 0.499639 0.269096 0.368601 
0.500000 0.500000 0.499665 0.269083 0.368608 
0.500000 0.500000 0.499688 0.269073 0.368614 
0.500000 0.500000 0.499706 0.269064 0.368619 
0.500000 0.500000 0.499722 0.269057 0.368623 
0.500000 0.500000 0.499736 0.269051 0.368626 
0.500000 0.500000 0.499747 0.269045 0.368629 
0.500000 0.500000 0.499757 0.269041 0.368632 
0.500000 0.500000 0.499766 0.269037 0.368634 
0.500000 0.500000 0.499774 0.269033 0.368636 
0.440679 0.500000 0.499780 0.269030 0.368637 
0.500000 0.500000 0.499786 0.269028 0.368639 
0.500000 0.500000 0.499791 0.269026 0.368640 
0.500000 0.500000 0.499796 0.269024 0.368641 
0.500000 0.500000 0.499800 0.269022 0.368642 
0.500000 0.500000 0.499803 0.269020 0.368643 
0.500000 0.500000 0.499806 0.269019 0.368644 
0.500000 0.500000 0.499809 0.269018 0.368644 
0.500000 0.500000 0.499811 0.269017 0.368645 
0.500000 0.500000 0.499813 0.269016 0.368645 
0.440679 0.500000 0.499815 0.269015 0.368646 
0.500000 0.500000 0.499817 0.269014 0.368646 
0.500000 0.500000 0.499819 0.269013 0.368646 
0.500000 0.500000 0.499820 0.269013 0.368647 
0.500000 0.500000 0.499821 0.269012 0.368647 
0.500000 0.500000 0.499822 0.269012 0.368647 
0.500000 0.500000 0.499823 0.269011 0.368647 
0.500000 0.500000 0.499824 0.269011 0.368648 
0.500000 0.500000 0.499825 0.269011 0.368648 
0.500000 0.500000 0.499826 0.269010 0.368648 
0.440679 0.500000 0.499826 0.269010 0.368648 
0.500000 0.500000 0.499827 0.269010 0.368648 
0.500000 0.500000 0.499827 0.269010 0.368648 
0.500000 0.500000 0.499828 0.269009 0.368649 
0.500000 0.500000 0.499828 0.269009 0.368649 
0.500000 0.500000 0.499829 0.269009 0.368649 
0.500000 0.500000 0.499829 0.269009 0.368649 
0.500000 0.500000 0.499829 0.269009 0.368649 
0.500000 0.500000 0.499829 0.269009 0.368649 
0.500000 0.500000 0.499830 0.269008 0.368649 
0.440679 0.500000 0.499830 0.269008 0.368649 
0.500000 0.500000 0.499830 0.269008 0.368649 
0.500000 0.500000 0.499830 0.269008 0.368649 
0.500000 0.500000 0.499830 0.269008 0.368649 
0.500000 0.500000 0.499831 0.269008 0.368649 
0.500000 0.500000 0.499831 0.269008 0.368649 
0.500000 0.500000 0.499831 0.269008 0.368649 
0.500000 0.500000 0.499831 0.269008 0.368649 
0.500000 0.500000 0.499831 0.269008 0.368649 
0.500000 0.500000 0.499831 0.269008 0.368649 
0.440679 0.500000 0.499831 0.269008 0.368649 
0.500000 0.500000 0.499831 0.269008 0.368649 
0.500000 0.500000 0.499831 0.269008 0.368649 
0.500000 0.500000 0.499831 0.269008 0.368649 
0.500000 0.500000 0.499831 0.269008 0.368649 
0.500000 0.500000 0.499831 0.269008 0.368649 
0.500000 0.500000 0.499832 0.269008 0.368649 
0.500000 0.500000 0.499832 0.269008 0.368649 
0.500000 0.500000 0.499832 0.269008 0.368649 
0.500000 0.500000 0.499832 0.269008 0.368649 
0.500000 0.268941 0.268941 0.500000 0.500000 
0.500000 0.349770 0.194364 0.368680 0.500000 
0.500000 0.400319 0.191966 0.404024 0.323582 
0.500000 0.442521 0.194576 0.405179 0.308307 
0.500000 0.466226 0.207543 0.403921 0.307814 
0.500000 0.478099 0.227928 0.397693 0.308350 
0.500000 0.483492 0.254528 0.387969 0.311013 
0.500000 0.485184 0.286006 0.375415 0.315196 
0.500000 0.484066 0.320483 0.360773 0.320641 
0.500000 0.479633 0.355274 0.345028 0.327053 
0.440679 0.469782 0.387187 0.329478 0.334021 
0.500000 0.459798 0.413281 0.315534 0.340974 
0.500000 0.428010 0.433549 0.304372 0.347268 
0.500000 0.374739 0.444802 0.295858 0.352346 
0.500000 0.305078 0.445994 0.291192 0.356241 
0.500000 0.240194 0.433448 0.290700 0.358384 
0.500000 0.500000 0.399071 0.295901 0.358611 
0.500000 0.500000 0.436149 0.310423 0.356222 
0.500000 0.500000 0.457053 0.294777 0.349589 
0.500000 0.500000 0.472003 0.286160 0.356737 
0.440679 0.500000 0.481748 0.280092 0.360702 
0.500000 0.500000 0.487946 0.276179 0.363505 
0.500000 0.500000 0.491860 0.273708 0.365318 
0.500000 0.500000 0.494352 0.272154 0.366464 
0.500000 0.500000 0.495966 0.271168 0.367186 
0.500000 0.500000 0.497034 0.270531 0.367644 
0.500000 0.500000 0.497758 0.270109 0.367941 
0.500000 0.500000 0.498261 0.269824 0.368137 
0.500000 0.500000 0.498618 0.269626 0.368270 
0.500000 0.500000 0.498878 0.269485 0.368362 
0.440679 0.500000 0.499070 0.269383 0.368427 
0.500000 0.500000 0.499215 0.269307 0.368475 
0.500000 0.500000 0.499326 0.269250 0.368510 
0.500000 0.500000 0.499413 0.269207 0.368536 
0.500000 0.500000 0.499481 0.269172 0.368557 
0.500000 0.500000 0.499536 0.269145 0.368573 
0.500000 0.500000 0.499581 0.269124 0.368585 
0.500000 0.500000 0.499617 0.269106 0.368595 
0.500000 0.500000 0.499647 0.269092 0.368603 
0.500000 0.500000 0.499672 0.269080 0.368610 
0.440679 0.500000 0.499693 0.269070 0.368616 
0.500000 0.500000 0.499711 0.269062 0.368620 
0.500000 0.500000 0.499726 0.269055 0.368624 
0.500000 0.500000 0.499739 0.269049 0.368627 
0.500000 0.500000 0.499750 0.269044 0.368630 
0.500000 0.500000 0.499760 0.269040 0.368632 
0.500000 0.500000 0.499768 0.269036 0.368635 
0.500000 0.500000 0.499776 0.269032 0.368636 
0.500000 0.500000 0.499782 0.269030 0.368638 
0.500000 0.500000 0.499788 0.269027 0.368639 
0.440679 0.500000 0.499793 0.269025 0.368640 
0.500000 0.500000 0.499797 0.269023 0.368641 
0.500000 0.500000 0.499801 0.269021 0.368642 
0.500000 0.500000 0.499804 0.269020 0.368643 
0.500000 0.500000 0.499807 0.269019 0.368644 
0.500000 0.500000 0.499810 0.269017 0.368644 
0.500000 0.500000 0.499812 0.269016 0.368645 
0.500000 0.500000 0.499814 0.269015 0.368645 
0.500000 0.500000 0.499816 0.269015 0.368646 
0.500000 0.500000 0.499818 0.269014 0.368646 
0.440679 0.500000 0.499819 0.269013 0.368647 
0.500000 0.500000 0.499820 0.269013 0.368647 
0.500000 0.500000 0.499822 0.269012 0.368647 
0.500000 0.500000 0.499823 0.269012 0.368647 
0.500000 0.500000 0.499824 0.269011 0.368648 
0.500000 0.500000 0.499824 0.269011 0.368648 
0.500000 0.500000 0.499825 0.269010 0.368648 
0.500000 0.500000 0.499826 0.269010 0.368648 
0.500000 0.500000 0.499826 0.269010 0.368648 
0.500000 0.500000 0.499827 0.269010 0.368648 
0.440679 0.500000 0.499827 0.269009 0.368648 
0.500000 0.500000 0.499828 0.269009 0.368649 
0.500000 0.500000 0.499828 0.269009 0.368649 
0.500000 0.500000 0.499829 0.269009 0.368649 
0.500000 0.500000 0.499829 0.269009 0.368649 
0.500000 0.500000 0.499829 0.269009 0.368649 
0.500000 0.500000 0.499830 0.269009 0.368649 
0.500000 0.500000 0.499830 0.269008 0.368649 
0.500000 0.500000 0.499830 0.269008 0.368649 
0.500000 0.500000 0.499830 0.269008 0.368649 
0.440679 0.500000 0.499830 0.269008 0.368649 
0.500000 0.500000 0.499831 0.269008 0.368649 
0.500000 0.500000 0.499831 0.269008 0.368649 
0.500000 0.500000 0.499831 0.269008 0.368649 
0.500000 0.500000 0.499831 0.269008 0.368649 
0.500000 0.500000 0.499831 0.269008 0.368649 
0.500000 0.500000 0.499831 0.269008 0.368649 
0.500000 0.500000 0.499831 0.269008 0.368649 
0.500000 0.500000 0.499831 0.269008 0.368649 
0.500000 0.500000 0.499831 0.269008 0.368649 
0.440679 0.500000 0.499831 0.269008 0.368649 
0.500000 0.500000 0.499831 0.269008 0.368649 
0.500000 0.500000 0.499831 0.269008 0.368649 
0.500000 0.500000 0.499831 0.269008 0.368649 
0.500000 0.500000 0.499832 0.269008 0.368649 
0.500000 0.500000 0.499832 0.269008 0.368649 
0.500000 0.500000 0.499832 0.269008 0.368649 
0.500000 0.500000 0.499832 0.269008 0.368649 
0.500000 0.500000 0.499832 0.269008 0.368649 
0.500000 0.500000 0.499832 0.269008 0.368649 
0.500000 0.268941 0.268941 0.500000 0.500000 
0.500000 0.349770 0.194364 0.368680 0.500000 
0.500000 0.404424 0.191966 0.404024 0.323582 
0.500000 0.446778 0.195572 0.405179 0.308307 
0.500000 0.469574 0.209696 0.403442 0.307814 
0.500000 0.480618 0.231318 0.396662 0.308555 
0.500000 0.485551 0.259150 0.386361 0.311455 
0.500000 0.487127 0.291762 0.373250 0.315891 
0.500000 0.486240 0.327138 0.358122 0.321584 
0.500000 0.482533 0.362461 0.342027 0.328221 
0.440679 0.474309 0.394530 0.326310 0.335357 
0.500000 0.466260 0.420623 0.312370 0.342399 
0.500000 0.439999 0.440746 0.301272 0.348704 
0.500000 0.394986 0.452772 0.292869 0.353762 
0.500000 0.332066 0.456688 0.287913 0.357613 
0.500000 0.266385 0.450865 0.286309 0.359894 
0.500000 0.215907 0.430181 0.288695 0.360633 
0.500000 0.500000 0.385464 0.297264 0.359533 
0.500000 0.500000 0.427099 0.316278 0.355597 
0.500000 0.500000 0.450304 0.298553 0.346931 
0.440679 0.500000 0.467470 0.288926 0.355006 
0.500000 0.500000 0.478823 0.281924 0.359427 
0.500000 0.500000 0.486096 0.277350 0.362658 
0.500000 0.500000 0.490691 0.274444 0.364775 
0.500000 0.500000 0.493604 0.272618 0.366122 
0.500000 0.500000 0.495478 0.271464 0.366970 
0.500000 0.500000 0.496708 0.270723 0.367507 
0.500000 0.500000 0.497536 0.270238 0.367851 
0.500000 0.500000 0.498105 0.269912 0.368077 
0.500000 0.500000 0.498507 0.269687 0.368229 
0.440679 0.500000 0.498796 0.269529 0.368333 
0.500000 0.500000 0.499009 0.269415 0.368407 
0.500000 0.500000 0.499168 0.269331 0.368460 
0.500000 0.500000 0.499290 0.269269 0.368499 
0.500000 0.500000 0.499385 0.269221 0.368528 
0.500000 0.500000 0.499459 0.269183 0.368550 
0.500000 0.500000 0.499518 0.269154 0.368568 
0.500000 0.500000 0.499566 0.269131 0.368581 
0.500000 0.500000 0.499605 0.269112 0.368592 
0.500000 0.500000 0.499637 0.269097 0.368601 
0.440679 0.500000 0.499664 0.269084 0.368608 
0.500000 0.500000 0.499686 0.269074 0.368614 
0.500000 0.500000 0.499705 0.269065 0.368619 
0.500000 0.500000 0.499721 0.269057 0.368623 
0.500000 0.500000 0.499735 0.269051 0.368626 
0.500000 0.500000 0.499747 0.269046 0.368629 
0.500000 0.500000 0.499757 0.269041 0.368632 
0.500000 0.500000 0.499766 0.269037 0.368634 
0.500000 0.500000 0.499773 0.269034 0.368636 
0.500000 0.500000 0.499780 0.269031 0.368637 
0.440679 0.500000 0.499786 0.269028 0.368639 
0.500000 0.500000 0.499791 0.269026 0.368640 
0.500000 0.500000 0.499795 0.269024 0.368641 
0.500000 0.500000 0.499799 0.269022 0.368642 
0.500000 0.500000 0.499803 0.269020 0.368643 
0.500000 0.500000 0.499806 0.269019 0.368643 
0.500000 0.500000 0.499809 0.269018 0.368644 
0.500000 0.500000 0.499811 0.269017 0.368645 
0.500000 0.500000 0.499813 0.269016 0.368645 
0.500000 0.500000 0.499815 0.269015 0.368646 
0.440679 0.500000 0.499817 0.269014 0.368646 
0.500000 0.500000 0.499819 0.269013 0.368646 
0.500000 0.500000 0.499820 0.269013 0.368647 
0.500000 0.500000 0.499821 0.269012 0.368647 
0.500000 0.500000 0.499822 0.269012 0.368647 
0.500000 0.500000 0.499823 0.269011 0.368647 
0.500000 0.500000 0.499824 0.269011 0.368648 
0.500000 0.500000 0.499825 0.269011 0.368648 
0.500000 0.500000 0.499826 0.269010 0.368648 
0.500000 0.500000 0.499826 0.269010 0.368648 
0.440679 0.500000 0.499827 0.269010 0.368648 
0.500000 0.500000 0.499827 0.269010 0.368648 
0.500000 0.500000 0.499828 0.269009 0.368649 
0.500000 0.500000 0.499828 0.269009 0.368649 
0.500000 0.500000 0.499829 0.269009 0.368649 
0.500000 0.500000 0.499829 0.269009 0.368649 
0.500000 0.500000 0.499829 0.269009 0.368649 
0.500000 0.500000 0.499829 0.269009 0.368649 
0.500000 0.500000 0.499830 0.269008 0.368649 
0.500000 0.500000 0.499830 0.269008 0.368649 
0.440679 0.500000 0.499830 0.269008 0.368649 
0.500000 0.500000 0.499830 0.269008 0.368649 
0.500000 0.500000 0.499830 0.269008 0.368649 
0.500000 0.500000 0.499831 0.269008 0.368649 
0.500000 0.500000 0.499831 0.269008 0.368649 
0.500000 0.500000 0.499831 0.269008 0.368649 
0.500000 0.500000 0.499831 0.269008 0.368649 
0.500000 0.500000 0.499831 0.269008 0.368649 
0.500000 0.500000 0.499831 0.269008 0.368649 
0.500000 0.500000 0.499831 0.269008 0.368649 
0.440679 0.500000 0.499831 0.269008 0.368649 
0.500000 0.500000 0.499831 0.269008 0.368649 
0.500000 0.500000 0.499831 0.269008 0.368649 
0.500000 0.500000 0.499831 0.269008 0.368649 
0.500000 0.500000 0.499831 0.269008 0.368649 
0.500000 0.500000 0.499832 0.269008 0.368649 
0.500000 0.500000 0.499832 0.269008 0.368649 
0.500000 0.500000 0.499832 0.269008 0.368649 
0.500000 0.500000 0.499832 0.269008 0.368649 
0.500000 0.500000 0.499832 0.269008 0.368649 
0.500000 0.268941 0.268941 0.500000 0.500000 
0.500000 0.349770 0.194364 0.368680 0.500000 
0.500000 0.404424 0.191966 0.404024 0.323582 
0.500000 0.446778 0.195572 0.405179 0.308307 
0.500000 0.469574 0.209696 0.403442 0.307814 
0.500000 0.480618 0.231318 0.396662 0.308555 
0.500000 0.485551 0.259150 0.386361 0.311455 
0.500000 0.487127 0.291762 0.373250 0.315891 
0.500000 0.486240 0.327138 0.358122 0.321584 
0.500000 0.482533 0.362461 0.342027 0.328221 
0.440679 0.474309 0.394530 0.326310 0.335357 
0.500000 0.466260 0.420623 0.312370 0.342399 
0.500000 0.439999 0.440746 0.301272 0.348704 
0.500000 0.394986 0.452772 0.292869 0.353762 
0.500000 0.332066 0.456688 0.287913 0.357613 
0.500000 0.266385 0.450865 0.286309 0.359894 
0.500000 0.500000 0.430181 0.288695 0.360633 
0.500000 0.500000 0.456616 0.297264 0.359533 
0.500000 0.500000 0.471482 0.286339 0.355597 
0.500000 0.500000 0.481423 0.280302 0.360619 
0.440679 0.500000 0.487741 0.276309 0.363408 
0.500000 0.500000 0.491730 0.273789 0.365257 
0.500000 0.500000 0.494269 0.272206 0.366426 
0.500000 0.500000 0.495911 0.271201 0.367162 
0.500000 0.500000 0.496998 0.270552 0.367629 
0.500000 0.500000 0.497733 0.270124 0.367931 
0.500000 0.500000 0.498243 0.269834 0.368130 
0.500000 0.500000 0.498606 0.269633 0.368265 
0.500000 0.500000 0.498868 0.269490 0.368358 
0.500000 0.500000 0.499063 0.269387 0.368425 
0.440679 0.500000 0.499209 0.269310 0.368473 
0.500000 0.500000 0.499322 0.269252 0.368509 
0.500000 0.500000 0.499410 0.269208 0.368535 
0.500000 0.500000 0.499479 0.269174 0.368556 
0.500000 0.500000 0.499534 0.269146 0.368572 
0.500000 0.500000 0.499579 0.269125 0.368585 
0.500000 0.500000 0.499616 0.269107 0.368595 
0.500000 0.500000 0.499646 0.269093 0.368603 
0.500000 0.500000 0.499671 0.269081 0.368610 
0.500000 0.500000 0.499693 0.269071 0.368615 
0.440679 0.500000 0.499711 0.269062 0.368620 
0.500000 0.500000 0.499726 0.269055 0.368624 
0.500000 0.500000 0.499739 0.269049 0.368627 
0.500000 0.500000 0.499750 0.269044 0.368630 
0.500000 0.500000 0.499760 0.269040 0.368632 
0.500000 0.500000 0.499768 0.269036 0.368634 
0.500000 0.500000 0.499775 0.269033 0.368636 
0.500000 0.500000 0.499782 0.269030 0.368638 
0.500000 0.500000 0.499787 0.269027 0.368639 
0.500000 0.500000 0.499792 0.269025 0.368640 
0.440679 0.500000 0.499797 0.269023 0.368641 
0.500000 0.500000 0.499800 0.269021 0.368642 
0.500000 0.500000 0.499804 0.269020 0.368643 
0.500000 0.500000 0.499807 0.269019 0.368644 
0.500000 0.500000 0.499809 0.269017 0.368644 
0.500000 0.500000 0.499812 0.269016 0.368645 
0.500000 0.500000 0.499814 0.269015 0.368645 
0.500000 0.500000 0.499816 0.269015 0.368646 
0.500000 0.500000 0.499817 0.269014 0.368646 
0.500000 0.500000 0.499819 0.269013 0.368647 
0.440679 0.500000 0.499820 0.269013 0.368647 
0.500000 0.500000 0.499821 0.269012 0.368647 
0.500000 0.500000 0.499823 0.269012 0.368647 
0.500000 0.500000 0.499824 0.269011 0.368648 
0.500000 0.500000 0.499824 0.269011 0.368648 
0.500000 0.500000 0.499825 0.269010 0.368648 
0.500000 0.500000 0.499826 0.269010 0.368648 
0.500000 0.500000 0.499826 0.269010 0.368648 
0.500000 0.500000 0.499827 0.269010 0.368648 
0.500000 0.500000 0.499827 0.269009 0.368648 
0.440679 0.500000 0.499828 0.269009 0.368649 
0.500000 0.500000 0.499828 0.269009 0.368649 
0.500000 0.500000 0.499829 0.269009 0.368649 
0.500000 0.500000 0.499829 0.269009 0.368649 
0.500000 0.500000 0.499829 0.269009 0.368649 
0.500000 0.500000 0.499830 0.269009 0.368649 
0.500000 0.500000 0.499830 0.269008 0.368649 
0.500000 0.500000 0.499830 0.269008 0.368649 
0.500000 0.500000 0.499830 0.269008 0.368649 
0.500000 0.500000 0.499830 0.269008 0.368649 
0.440679 0.500000 0.499830 0.269008 0.368649 
0.500000 0.500000 0.499831 0.269008 0.368649 
0.500000 0.500000 0.499831 0.269008 0.368649 
0.500000 0.500000 0.499831 0.269008 0.368649 
0.500000 0.500000 0.499831 0.269008 0.368649 
0.500000 0.500000 0.499831 0.269008 0.368649 
0.500000 0.500000 0.499831 0.269008 0.368649 
0.500000 0.500000 0.499831 0.269008 0.368649 
0.500000 0.500000 0.499831 0.269008 0.368649 
0.500000 0.500000 0.499831 0.269008 0.368649 
0.440679 0.500000 0.499831 0.269008 0.368649 
0.500000 0.500000 0.499831 0.269008 0.368649 
0.500000 0.500000 0.499831 0.269008 0.368649 
0.500000 0.500000 0.499832 0.269008 0.368649 
0.500000 0.500000 0.499832 0.269008 0.368649 
0.500000 0.500000 0.499832 0.269008 0.368649 
0.500000 0.500000 0.499832 0.269008 0.368649 
0.500000 0.500000 0.499832 0.269008 0.368649 
0.500000 0.500000 0.499832 0.269008 0.368649 
0.500000 0.500000 0.499832 0.269008 0.368649 
0.500000 0.268941 0.268941 0.500000 0.500000 
0.500000 0.349770 0.194364 0.368680 0.500000 
0.500000 0.404424 0.191966 0.404024 0.323582 
0.500000 0.446778 0.195572 0.405179 0.308307 
0.500000 0.469574 0.209696 0.403442 0.307814 
0.500000 0.480618 0.231318 0.396662 0.308555 
0.500000 0.485551 0.259150 0.386361 0.311455 
0.500000 0.487127 0.291762 0.373250 0.315891 
0.500000 0.486240 0.327138 0.358122 0.321584 
0.500000 0.482533 0.362461 0.342027 0.328221 
0.440679 0.474309 0.394530 0.326310 0.335357 
0.500000 0.466260 0.420623 0.312370 0.342399 
0.500000 0.439999 0.440746 0.301272 0.348704 
0.500000 0.394986 0.452772 0.292869 0.353762 
0.500000 0.332066 0.456688 0.287913 0.357613 
0.500000 0.266385 0.450865 0.286309 0.359894 
0.500000 0.215907 0.430181 0.288695 0.360633 
0.500000 0.500000 0.385464 0.297264 0.359533 
0.500000 0.500000 0.427099 0.316278 0.355597 
0.500000 0.500000 0.450304 0.298553 0.346931 
0.440679 0.500000 0.467470 0.288926 0.355006 
0.500000 0.500000 0.478823 0.281924 0.359427 
0.500000 0.500000 0.486096 0.277350 0.362658 
0.500000 0.500000 0.490691 0.274444 0.364775 
0.500000 0.500000 0.493604 0.272618 0.366122 
0.500000 0.500000 0.495478 0.271464 0.366970 
0.500000 0.500000 0.496708 0.270723 0.367507 
0.500000 0.500000 0.497536 0.270238 0.367851 
0.500000 0.500000 0.498105 0.269912 0.368077 
0.500000 0.500000 0.498507 0.269687 0.368229 
0.440679 0.500000 0.498796 0.269529 0.368333 
0.500000 0.500000 0.499009 0.269415 0.368407 
0.500000 0.500000 0.499168 0.269331 0.368460 
0.500000 0.500000 0.499290 0.269269 0.368499 
0.500000 0.500000 0.499385 0.269221 0.368528 
0.500000 0.500000 0.499459 0.269183 0.368550 
0.500000 0.500000 0.499518 0.269154 0.368568 
0.500000 0.500000 0.499566 0.269131 0.368581 
0.500000 0.500000 0.499605 0.269112 0.368592 
0.500000 0.500000 0.499637 0.269097 0.368601 
0.440679 0.500000 0.499664 0.269084 0.368608 
0.500000 0.500000 0.499686 0.269074 0.368614 
0.500000 0.500000 0.499705 0.269065 0.368619 
0.500000 0.500000 0.499721 0.269057 0.368623 
0.500000 0.500000 0.499735 0.269051 0.368626 
0.500000 0.500000 0.499747 0.269046 0.368629 
0.500000 0.500000 0.499757 0.269041 0.368632 
0.500000 0.500000 0.499766 0.269037 0.368634 
0.500000 0.500000 0.499773 0.269034 0.368636 
0.500000 0.500000 0.499780 0.269031 0.368637 
0.440679 0.500000 0.499786 0.269028 0.368639 
0.500000 0.500000 0.499791 0.269026 0.368640 
0.500000 0.500000 0.499795 0.269024 0.368641 
0.500000 0.500000 0.499799 0.269022 0.368642 
0.500000 0.500000 0.499803 0.269020 0.368643 
0.500000 0.500000 0.499806 0.269019 0.368643 
0.500000 0.500000 0.499809 0.269018 0.368644 
0.500000 0.500000 0.499811 0.269017 0.368645 
0.500000 0.500000 0.499813 0.269016 0.368645 
0.500000 0.500000 0.499815 0.269015 0.368646 
0.440679 0.500000 0.499817 0.269014 0.368646 
0.500000 0.500000 0.499819 0.269013 0.368646 
0.500000 0.500000 0.499820 0.269013 0.368647 
0.500000 0.500000 0.499821 0.269012 0.368647 
0.500000 0.500000 0.499822 0.269012 0.368647 
0.500000 0.500000 0.499823 0.269011 0.368647 
0.500000 0.500000 0.499824 0.269011 0.368648 
0.500000 0.500000 0.499825 0.269011 0.368648 
0.500000 0.500000 0.499826 0.269010 0.368648 
0.500000 0.500000 0.499826 0.269010 0.368648 
0.440679 0.500000 0.499827 0.269010 0.368648 
0.500000 0.500000 0.499827 0.269010 0.368648 
0.500000 0.500000 0.499828 0.269009 0.368649 
0.500000 0.500000 0.499828 0.269009 0.368649 
0.500000 0.500000 0.499829 0.269009 0.368649 
0.500000 0.500000 0.499829 0.269009 0.368649 
0.500000 0.500000 0.499829 0.269009 0.368649 
0.500000 0.500000 0.499829 0.269009 0.368649 
0.500000 0.500000 0.499830 0.269008 0.368649 
0.500000 0.500000 0.499830 0.269008 0.368649 
0.440679 0.500000 0.499830 0.269008 0.368649 
0.500000 0.500000 0.499830 0.269008 0.368649 
0.500000 0.500000 0.499830 0.269008 0.368649 
0.500000 0.500000 0.499831 0.269008 0.368649 
0.500000 0.500000 0.499831 0.269008 0.368649 
0.500000 0.500000 0.499831 0.269008 0.368649 
0.500000 0.500000 0.499831 0.269008 0.368649 
0.500000 0.500000 0.499831 0.269008 0.368649 
0.500000 0.500000 0.499831 0.269008 0.368649 
0.500000 0.500000 0.499831 0.269008 0.368649 
0.440679 0.500000 0.499831 0.269008 0.368649 
0.500000 0.500000 0.499831 0.269008 0.368649 
0.500000 0.500000 0.499831 0.269008 0.368649 
0.500000 0.500000 0.499831 0.269008 0.368649 
0.500000 0.500000 0.499831 0.269008 0.368649 
0.500000 0.500000 0.499832 0.269008 0.368649 
0.500000 0.500000 0.499832 0.269008 0.368649 
0.500000 0.500000 0.499832 0.269008 0.368649 
0.500000 0.500000 0.499832 0.269008 0.368649 
0.500000 0.500000 0.499832 0.269008 0.368649 
0.500000 0.268941 0.268941 0.500000 0.500000 
0.500000 0.349770 0.194364 0.368680 0.500000 
0.500000 0.404424 0.191966 0.404024 0.323582 
0.500000 0.446778 0.195572 0.405179 0.308307 
0.500000 0.469574 0.209696 0.403442 0.307814 
0.500000 0.480618 0.231318 0.396662 0.308555 
0.500000 0.485551 0.259150 0.386361 0.311455 
0.500000 0.487127 0.291762 0.373250 0.315891 
0.500000 0.486240 0.327138 0.358122 0.321584 
0.500000 0.482533 0.362461 0.342027 0.328221 
0.440679 0.474309 0.394530 0.326310 0.335357 
0.500000 0.466260 0.420623 0.312370 0.342399 
0.500000 0.439999 0.440746 0.301272 0.348704 
0.500000 0.394986 0.452772 0.292869 0.353762 
0.500000 0.332066 0.456688 0.287913 0.357613 
0.500000 0.266385 0.450865 0.286309 0.359894 
0.500000 0.215907 0.430181 0.288695 0.360633 
0.500000 0.500000 0.385464 0.297264 0.359533 
0.500000 0.500000 0.427099 0.316278 0.355597 
0.500000 0.500000 0.450304 0.298553 0.346931 
0.440679 0.500000 0.467470 0.288926 0.355006 
0.500000 0.500000 0.478823 0.281924 0.359427 
0.500000 0.500000 0.486096 0.277350 0.362658 
0.500000 0.500000 0.490691 0.274444 0.364775 
0.500000 0.500000 0.493604 0.272618 0.366122 
0.500000 0.500000 0.495478 0.271464 0.366970 
0.500000 0.500000 0.496708 0.270723 0.367507 
0.500000 0.500000 0.497536 0.270238 0.367851 
0.500000 0.500000 0.498105 0.269912 0.368077 
0.500000 0.500000 0.498507 0.269687 0.368229 
0.440679 0.500000 0.498796 0.269529 0.368333 
0.500000 0.500000 0.499009 0.269415 0.368407 
0.500000 0.500000 0.499168 0.269331 0.368460 
0.500000 0.500000 0.499290 0.269269 0.368499 
0.500000 0.500000 0.499385 0.269221 0.368528 
0.500000 0.500000 0.499459 0.269183 0.368550 
0.500000 0.500000 0.499518 0.269154 0.368568 
0.500000 0.500000 0.499566 0.269131 0.368581 
0.500000 0.500000 0.499605 0.269112 0.368592 
0.500000 0.500000 0.499637 0.269097 0.368601 
0.440679 0.500000 0.499664 0.269084 0.368608 
0.500000 0.500000 0.499686 0.269074 0.368614 
0.500000 0.500000 0.499705 0.269065 0.368619 
0.500000 0.500000 0.499721 0.269057 0.368623 
0.500000 0.500000 0.499735 0.269051 0.368626 
0.500000 0.500000 0.499747 0.269046 0.368629 
0.500000 0.500000 0.499757 0.269041 0.368632 
0.500000 0.500000 0.499766 0.269037 0.368634 
0.500000 0.500000 0.499773 0.269034 0.368636 
0.500000 0.500000 0.499780 0.269031 0.368637 
0.440679 0.500000 0.499786 0.269028 0.368639 
0.500000 0.500000 0.499791 0.269026 0.368640 
0.500000 0.500000 0.499795 0.269024 0.368641 
0.500000 0.500000 0.499799 0.269022 0.368642 
0.500000 0.500000 0.499803 0.269020 0.368643 
0.500000 0.500000 0.499806 0.269019 0.368643 
0.500000 0.500000 0.499809 0.269018 0.368644 
0.500000 0.500000 0.499811 0.269017 0.368645 
0.500000 0.500000 0.499813 0.269016 0.368645 
0.500000 0.500000 0.499815 0.269015 0.368646 
0.440679 0.500000 0.499817 0.269014 0.368646 
0.500000 0.500000 0.499819 0.269013 0.368646 
0.500000 0.500000 0.499820 0.269013 0.368647 
0.500000 0.500000 0.499821 0.269012 0.368647 
0.500000 0.500000 0.499822 0.269012 0.368647 
0.500000 0.500000 0.499823 0.269011 0.368647 
0.500000 0.500000 0.499824 0.269011 0.368648 
0.500000 0.500000 0.499825 0.269011 0.368648 
0.500000 0.500000 0.499826 0.269010 0.368648 
0.500000 0.500000 0.499826 0.269010 0.368648 
0.440679 0.500000 0.499827 0.269010 0.368648 
0.500000 0.500000 0.499827 0.269010 0.368648 
0.500000 0.500000 0.499828 0.269009 0.368649 
0.500000 0.500000 0.499828 0.269009 0.368649 
0.500000 0.500000 0.499829 0.269009 0.368649 
0.500000 0.500000 0.499829 0.269009 0.368649 
0.500000 0.500000 0.499829 0.269009 0.368649 
0.500000 0.500000 0.499829 0.269009 0.368649 
0.500000 0.500000 0.499830 0.269008 0.368649 
0.500000 0.500000 0.499830 0.269008 0.368649 
0.440679 0.500000 0.499830 0.269008 0.368649 
0.500000 0.500000 0.499830 0.269008 0.368649 
0.500000 0.500000 0.499830 0.269008 0.368649 
0.500000 0.500000 0.499831 0.269008 0.368649 
0.500000 0.500000 0.499831 0.269008 0.368649 
0.500000 0.500000 0.499831 0.269008 0.368649 
0.500000 0.500000 0.499831 0.269008 0.368649 
0.500000 0.500000 0.499831 0.269008 0.368649 
0.500000 0.500000 0.499831 0.269008 0.368649 
0.500000 0.500000 0.499831 0.269008 0.368649 
0.440679 0.500000 0.499831 0.269008 0.368649 
0.500000 0.500000 0.499831 0.269008 0.368649 
0.500000 0.500000 0.499831 0.269008 0.368649 
0.500000 0.500000 0.499831 0.269008 0.368649 
0.500000 0.500000 0.499831 0.269008 0.368649 
0.500000 0.500000 0.499832 0.269008 0.368649 
0.500000 0.500000 0.499832 0.269008 0.368649 
0.500000 0.500000 0.499832 0.269008 0.368649 
0.500000 0.500000 0.499832 0.269008 0.368649 
0.500000 0.500000 0.499832 0.269008 0.368649 
0.500000 0.268941 0.268941 0.500000 0.500000 
0.500000 0.339926 0.194364 0.368680 0.500000 
0.500000 0.385866 0.201227 0.404024 0.323582 
0.500000 0.425245 0.210681 0.400723 0.308307 
0.500000 0.448449 0.230681 0.396191 0.309716 
0.500000 0.460341 0.255471 0.386663 0.311657 
0.500000 0.464973 0.281728 0.374973 0.315760 
0.500000 0.464580 0.306620 0.362748 0.320833 
0.500000 0.459825 0.328233 0.351321 0.326184 
0.500000 0.450400 0.345289 0.341534 0.331227 
0.440679 0.435584 0.356897 0.333904 0.335577 
0.500000 0.430293 0.362293 0.328761 0.338988 
0.500000 0.406577 0.365936 0.326384 0.341296 
0.500000 0.379031 0.361113 0.324784 0.342366 
0.500000 0.351508 0.348223 0.326903 0.343087 
0.500000 0.329599 0.327407 0.332601 0.342132 
0.500000 0.318101 0.301354 0.341906 0.339572 
0.500000 0.319772 0.275108 0.353725 0.335411 
0.500000 0.334580 0.254144 0.365815 0.330163 
0.500000 0.358929 0.241937 0.375595 0.324837 
0.440679 0.386172 0.239298 0.381338 0.320562 
0.500000 0.425872 0.245118 0.382584 0.318066 
0.500000 0.439120 0.262928 0.379838 0.317525 
0.500000 0.445789 0.281771 0.371484 0.318717 
0.500000 0.446931 0.300728 0.362729 0.322356 
0.500000 0.443408 0.317618 0.354011 0.326192 
0.500000 0.435453 0.331123 0.346324 0.330036 
0.500000 0.423139 0.340230 0.340235 0.333444 
0.500000 0.406900 0.344188 0.336159 0.336156 
0.500000 0.388076 0.342444 0.334394 0.337978 
0.440679 0.369154 0.334787 0.335171 0.338768 
0.500000 0.375520 0.321724 0.338592 0.338420 
0.500000 0.364497 0.313742 0.344468 0.336890 
0.500000 0.358641 0.301622 0.348081 0.334270 
0.500000 0.358308 0.289530 0.353602 0.332664 
0.500000 0.363662 0.279069 0.359149 0.330217 
0.500000 0.373415 0.272003 0.363978 0.327768 
0.500000 0.385410 0.269178 0.367256 0.325643 
0.500000 0.397285 0.270606 0.368570 0.324205 
0.500000 0.407203 0.275617 0.367906 0.323630 
0.440679 0.414147 0.283120 0.365578 0.323921 
0.500000 0.432659 0.291869 0.362105 0.324941 
0.500000 0.431625 0.306273 0.358073 0.326467 
0.500000 0.426948 0.317417 0.351479 0.328242 
0.500000 0.418629 0.325774 0.346415 0.331157 
0.500000 0.407297 0.330283 0.342641 0.333404 
0.500000 0.393950 0.330530 0.340612 0.335084 
0.500000 0.380217 0.326363 0.340502 0.335988 
0.500000 0.368193 0.318154 0.342375 0.336037 
0.500000 0.359995 0.306950 0.346082 0.335202 
0.440679 0.357186 0.294496 0.351170 0.333552 
0.500000 0.381861 0.282914 0.356866 0.331294 
0.500000 0.387393 0.282477 0.362200 0.328775 
0.500000 0.393859 0.282424 0.362402 0.326425 
0.500000 0.399536 0.284786 0.362427 0.326336 
0.500000 0.403858 0.288603 0.361336 0.326325 
0.500000 0.406394 0.293322 0.359576 0.326805 
0.500000 0.407014 0.298231 0.357405 0.327580 
0.500000 0.405791 0.302688 0.355153 0.328537 
0.500000 0.402967 0.306150 0.353115 0.329531 
0.440679 0.398931 0.308222 0.351535 0.330433 
0.500000 0.412249 0.308689 0.350590 0.331132 
0.500000 0.406294 0.314458 0.350378 0.331550 
0.500000 0.399174 0.316296 0.347756 0.331645 
0.500000 0.391218 0.315798 0.346923 0.332808 
0.500000 0.383609 0.312678 0.347149 0.333178 
0.500000 0.377460 0.307448 0.348564 0.333078 
0.500000 0.373762 0.300863 0.350943 0.332449 
0.500000 0.373107 0.293956 0.353949 0.331394 
0.500000 0.375532 0.287814 0.357114 0.330064 
0.440679 0.380481 0.283364 0.359939 0.328665 
0.500000 0.405857 0.281183 0.361992 0.327420 
0.500000 0.410173 0.288621 0.363000 0.326516 
0.500000 0.412385 0.295152 0.359568 0.326073 
0.500000 0.411954 0.301807 0.356565 0.327583 
0.500000 0.409218 0.307384 0.353517 0.328908 
0.500000 0.404536 0.311336 0.350973 0.330254 
0.500000 0.398474 0.313224 0.349174 0.331381 
0.500000 0.391784 0.312866 0.348316 0.332179 
0.500000 0.385368 0.310339 0.348479 0.332559 
0.440679 0.380168 0.306014 0.349627 0.332487 
0.500000 0.396982 0.300540 0.351597 0.331977 
0.500000 0.394477 0.302535 0.354097 0.331105 
0.500000 0.392362 0.302066 0.353184 0.329998 
0.500000 0.390301 0.301247 0.353399 0.330402 
0.500000 0.388713 0.299798 0.353773 0.330307 
0.500000 0.387786 0.298034 0.354436 0.330141 
0.500000 0.387637 0.296203 0.355244 0.329848 
0.500000 0.388251 0.294576 0.356083 0.329491 
0.500000 0.389499 0.293377 0.356829 0.329120 
0.440679 0.391162 0.292756 0.357380 0.328791 
0.500000 0.411161 0.292767 0.357665 0.328548 
0.500000 0.410951 0.300343 0.357660 0.328422 
0.500000 0.408928 0.305582 0.354187 0.328424 
0.500000 0.404887 0.309724 0.351793 0.329958 
0.500000 0.399440 0.311936 0.349907 0.331017 
0.500000 0.393241 0.312071 0.348902 0.331853 
0.500000 0.387120 0.310135 0.348840 0.332300 
0.500000 0.381956 0.306424 0.349720 0.332327 
0.500000 0.378535 0.301492 0.351410 0.331936 
0.500000 0.268941 0.268941 0.500000 0.500000 
0.500000 0.339926 0.194364 0.368680 0.500000 
0.500000 0.385866 0.201227 0.404024 0.323582 
0.500000 0.425245 0.210681 0.400723 0.308307 
0.500000 0.448449 0.230681 0.396191 0.309716 
0.500000 0.460341 0.255471 0.386663 0.311657 
0.500000 0.464973 0.281728 0.374973 0.315760 
0.500000 0.464580 0.306620 0.362748 0.320833 
0.500000 0.459825 0.328233 0.351321 0.326184 
0.500000 0.450400 0.345289 0.341534 0.331227 
0.440679 0.435584 0.356897 0.333904 0.335577 
0.500000 0.430293 0.362293 0.328761 0.338988 
0.500000 0.406577 0.365936 0.326384 0.341296 
0.500000 0.379031 0.361113 0.324784 0.342366 
0.500000 0.351508 0.348223 0.326903 0.343087 
0.500000 0.329599 0.327407 0.332601 0.342132 
0.500000 0.318101 0.301354 0.341906 0.339572 
0.500000 0.319772 0.275108 0.353725 0.335411 
0.500000 0.334580 0.254144 0.365815 0.330163 
0.500000 0.358929 0.241937 0.375595 0.324837 
0.440679 0.386172 0.239298 0.381338 0.320562 
0.500000 0.425872 0.245118 0.382584 0.318066 
0.500000 0.439120 0.262928 0.379838 0.317525 
0.500000 0.445789 0.281771 0.371484 0.318717 
0.500000 0.446931 0.300728 0.362729 0.322356 
0.500000 0.443408 0.317618 0.354011 0.326192 
0.500000 0.435453 0.331123 0.346324 0.330036 
0.500000 0.423139 0.340230 0.340235 0.333444 
0.500000 0.406900 0.344188 0.336159 0.336156 
0.500000 0.388076 0.342444 0.334394 0.337978 
0.440679 0.369154 0.334787 0.335171 0.338768 
0.500000 0.375520 0.321724 0.338592 0.338420 
0.500000 0.364497 0.313742 0.344468 0.336890 
0.500000 0.358641 0.301622 0.348081 0.334270 
0.500000 0.358308 0.289530 0.353602 0.332664 
0.500000 0.363662 0.279069 0.359149 0.330217 
0.500000 0.373415 0.272003 0.363978 0.327768 
0.500000 0.385410 0.269178 0.367256 0.325643 
0.500000 0.397285 0.270606 0.368570 0.324205 
0.500000 0.407203 0.275617 0.367906 0.323630 
0.440679 0.414147 0.283120 0.365578 0.323921 
0.500000 0.432659 0.291869 0.362105 0.324941 
0.500000 0.431625 0.306273 0.358073 0.326467 
0.500000 0.426948 0.317417 0.351479 0.328242 
0.500000 0.418629 0.325774 0.346415 0.331157 
0.500000 0.407297 0.330283 0.342641 0.333404 
0.500000 0.393950 0.330530 0.340612 0.335084 
0.500000 0.380217 0.326363 0.340502 0.335988 
0.500000 0.368193 0.318154 0.342375 0.336037 
0.500000 0.359995 0.306950 0.346082 0.335202 
0.440679 0.357186 0.294496 0.351170 0.333552 
0.500000 0.381861 0.282914 0.356866 0.331294 
0.500000 0.387393 0.282477 0.362200 0.328775 
0.500000 0.393859 0.282424 0.362402 0.326425 
0.500000 0.399536 0.284786 0.362427 0.326336 
0.500000 0.403858 0.288603 0.361336 0.326325 
0.500000 0.406394 0.293322 0.359576 0.326805 
0.500000 0.407014 0.298231 0.357405 0.327580 
0.500000 0.405791 0.302688 0.355153 0.328537 
0.500000 0.402967 0.306150 0.353115 0.329531 
0.440679 0.398931 0.308222 0.351535 0.330433 
0.500000 0.412249 0.308689 0.350590 0.331132 
0.500000 0.406294 0.314458 0.350378 0.331550 
0.500000 0.399174 0.316296 0.347756 0.331645 
0.500000 0.391218 0.315798 0.346923 0.332808 
0.500000 0.383609 0.312678 0.347149 0.333178 
0.500000 0.377460 0.307448 0.348564 0.333078 
0.500000 0.373762 0.300863 0.350943 0.332449 
0.500000 0.373107 0.293956 0.353949 0.331394 
0.500000 0.375532 0.287814 0.357114 0.330064 
0.440679 0.380481 0.283364 0.359939 0.328665 
0.500000 0.405857 0.281183 0.361992 0.327420 
0.500000 0.410173 0.288621 0.363000 0.326516 
0.500000 0.412385 0.295152 0.359568 0.326073 
0.500000 0.411954 0.301807 0.356565 0.327583 
0.500000 0.409218 0.307384 0.353517 0.328908 
0.500000 0.404536 0.311336 0.350973 0.330254 
0.500000 0.398474 0.313224 0.349174 0.331381 
0.500000 0.391784 0.312866 0.348316 0.332179 
0.500000 0.385368 0.310339 0.348479 0.332559 
0.440679 0.380168 0.306014 0.349627 0.332487 
0.500000 0.396982 0.300540 0.351597 0.331977 
0.500000 0.394477 0.302535 0.354097 0.331105 
0.500000 0.392362 0.302066 0.353184 0.329998 
0.500000 0.390301 0.301247 0.353399 0.330402 
0.500000 0.388713 0.299798 0.353773 0.330307 
0.500000 0.387786 0.298034 0.354436 0.330141 
0.500000 0.387637 0.296203 0.355244 0.329848 
0.500000 0.388251 0.294576 0.356083 0.329491 
0.500000 0.389499 0.293377 0.356829 0.329120 
0.440679 0.391162 0.292756 0.357380 0.328791 
0.500000 0.411161 0.292767 0.357665 0.328548 
0.500000 0.410951 0.300343 0.357660 0.328422 
0.500000 0.408928 0.305582 0.354187 0.328424 
0.500000 0.404887 0.309724 0.351793 0.329958 
0.500000 0.399440 0.311936 0.349907 0.331017 
0.500000 0.393241 0.312071 0.348902 0.331853 
0.500000 0.387120 0.310135 0.348840 0.332300 
0.500000 0.381956 0.306424 0.349720 0.332327 
0.500000 0.378535 0.301492 0.351410 0.331936 
0.500000 0.268941 0.268941 0.500000 0.500000 
0.500000 0.339926 0.194364 0.368680 0.500000 
0.500000 0.385866 0.201227 0.404024 0.323582 
0.500000 0.425245 0.210681 0.400723 0.308307 
0.500000 0.448449 0.230681 0.396191 0.309716 
0.500000 0.460341 0.255471 0.386663 0.311657 
0.500000 0.464973 0.281728 0.374973 0.315760 
0.500000 0.464580 0.306620 0.362748 0.320833 
0.500000 0.459825 0.328233 0.351321 0.326184 
0.500000 0.450400 0.345289 0.341534 0.331227 
0.440679 0.435584 0.356897 0.333904 0.335577 
0.500000 0.430293 0.362293 0.328761 0.338988 
0.500000 0.406577 0.365936 0.326384 0.341296 
0.500000 0.379031 0.361113 0.324784 0.342366 
0.500000 0.351508 0.348223 0.326903 0.343087 
0.500000 0.329599 0.327407 0.332601 0.342132 
0.500000 0.318101 0.301354 0.341906 0.339572 
0.500000 0.319772 0.275108 0.353725 0.335411 
0.500000 0.334580 0.254144 0.365815 0.330163 
0.500000 0.358929 0.241937 0.375595 0.324837 
0.440679 0.386172 0.239298 0.381338 0.320562 
0.500000 0.425872 0.245118 0.382584 0.318066 
0.500000 0.439120 0.262928 0.379838 0.317525 
0.500000 0.445789 0.281771 0.371484 0.318717 
0.500000 0.446931 0.300728 0.362729 0.322356 
0.500000 0.443408 0.317618 0.354011 0.326192 
0.500000 0.435453 0.331123 0.346324 0.330036 
0.500000 0.423139 0.340230 0.340235 0.333444 
0.500000 0.406900 0.344188 0.336159 0.336156 
0.500000 0.388076 0.342444 0.334394 0.337978 
0.440679 0.369154 0.334787 0.335171 0.338768 
0.500000 0.375520 0.321724 0.338592 0.338420 
0.500000 0.364497 0.313742 0.344468 0.336890 
0.500000 0.358641 0.301622 0.348081 0.334270 
0.500000 0.358308 0.289530 0.353602 0.332664 
0.500000 0.363662 0.279069 0.359149 0.330217 
0.500000 0.373415 0.272003 0.363978 0.327768 
0.500000 0.385410 0.269178 0.367256 0.325643 
0.500000 0.397285 0.270606 0.368570 0.324205 
0.500000 0.407203 0.275617 0.367906 0.323630 
0.440679 0.414147 0.283120 0.365578 0.323921 
0.500000 0.432659 0.291869 0.362105 0.324941 
0.500000 0.431625 0.306273 0.358073 0.326467 
0.500000 0.426948 0.317417 0.351479 0.328242 
0.500000 0.418629 0.325774 0.346415 0.331157 
0.500000 0.407297 0.330283 0.342641 0.333404 
0.500000 0.393950 0.330530 0.340612 0.335084 
0.500000 0.380217 0.326363 0.340502 0.335988 
0.500000 0.368193 0.318154 0.342375 0.336037 
0.500000 0.359995 0.306950 0.346082 0.335202 
0.440679 0.357186 0.294496 0.351170 0.333552 
0.500000 0.381861 0.282914 0.356866 0.331294 
0.500000 0.387393 0.282477 0.362200 0.328775 
0.500000 0.393859 0.282424 0.362402 0.326425 
0.500000 0.399536 0.284786 0.362427 0.326336 
0.500000 0.403858 0.288603 0.361336 0.326325 
0.500000 0.406394 0.293322 0.359576 0.326805 
0.500000 0.407014 0.298231 0.357405 0.327580 
0.500000 0.405791 0.302688 0.355153 0.328537 
0.500000 0.402967 0.306150 0.353115 0.329531 
0.440679 0.398931 0.308222 0.351535 0.330433 
0.500000 0.412249 0.308689 0.350590 0.331132 
0.500000 0.406294 0.314458 0.350378 0.331550 
0.500000 0.399174 0.316296 0.347756 0.331645 
0.500000 0.391218 0.315798 0.346923 0.332808 
0.500000 0.383609 0.312678 0.347149 0.333178 
0.500000 0.377460 0.307448 0.348564 0.333078 
0.500000 0.373762 0.300863 0.350943 0.332449 
0.500000 0.373107 0.293956 0.353949 0.331394 
0.500000 0.375532 0.287814 0.357114 0.330064 
0.440679 0.380481 0.283364 0.359939 0.328665 
0.500000 0.405857 0.281183 0.361992 0.327420 
0.500000 0.410173 0.288621 0.363000 0.326516 
0.500000 0.412385 0.295152 0.359568 0.326073 
0.500000 0.411954 0.301807 0.356565 0.327583 
0.500000 0.409218 0.307384 0.353517 0.328908 
0.500000 0.404536 0.311336 0.350973 0.330254 
0.500000 0.398474 0.313224 0.349174 0.331381 
0.500000 0.391784 0.312866 0.348316 0.332179 
0.500000 0.385368 0.310339 0.348479 0.332559 
0.440679 0.380168 0.306014 0.349627 0.332487 
0.500000 0.396982 0.300540 0.351597 0.331977 
0.500000 0.394477 0.302535 0.354097 0.331105 
0.500000 0.392362 0.302066 0.353184 0.329998 
0.500000 0.390301 0.301247 0.353399 0.330402 
0.500000 0.388713 0.299798 0.353773 0.330307 
0.500000 0.387786 0.298034 0.354436 0.330141 
0.500000 0.387637 0.296203 0.355244 0.329848 
0.500000 0.388251 0.294576 0.356083 0.329491 
0.500000 0.389499 0.293377 0.356829 0.329120 
0.440679 0.391162 0.292756 0.357380 0.328791 
0.500000 0.411161 0.292767 0.357665 0.328548 
0.500000 0.410951 0.300343 0.357660 0.328422 
0.500000 0.408928 0.305582 0.354187 0.328424 
0.500000 0.404887 0.309724 0.351793 0.329958 
0.500000 0.399440 0.311936 0.349907 0.331017 
0.500000 0.393241 0.312071 0.348902 0.331853 
0.500000 0.387120 0.310135 0.348840 0.332300 
0.500000 0.381956 0.306424 0.349720 0.332327 
0.500000 0.378535 0.301492 0.351410 0.331936 
