0.675038 0.622459 0.622459 0.500000 0.500000 
0.500000 0.682468 0.599003 0.650778 0.500000 
0.500000 0.671648 0.614691 0.645428 0.657186 
0.500000 0.663948 0.618941 0.649010 0.655979 
0.500000 0.656212 0.622254 0.649978 0.656787 
0.500000 0.648925 0.624758 0.650731 0.657005 
0.500000 0.642088 0.626936 0.651300 0.657175 
0.500000 0.635751 0.628894 0.651794 0.657303 
0.500000 0.629934 0.630674 0.652239 0.657415 
0.500000 0.624637 0.632289 0.652642 0.657515 
0.675038 0.619841 0.633747 0.653008 0.657606 
0.500000 0.656711 0.635057 0.653339 0.657688 
0.500000 0.651351 0.628007 0.653635 0.657762 
0.500000 0.644528 0.627759 0.652038 0.657829 
0.500000 0.638141 0.628734 0.651981 0.657469 
0.500000 0.632165 0.630206 0.652202 0.657457 
0.500000 0.626682 0.631744 0.652536 0.657507 
0.500000 0.621696 0.633212 0.652885 0.657582 
0.500000 0.617191 0.634561 0.653217 0.657660 
0.500000 0.613137 0.635781 0.653523 0.657735 
0.675038 0.609499 0.636875 0.653799 0.657804 
0.500000 0.648381 0.637851 0.654047 0.657866 
0.500000 0.643640 0.630449 0.654268 0.657922 
0.500000 0.637362 0.629966 0.652591 0.657972 
0.500000 0.631547 0.630748 0.652482 0.657594 
0.500000 0.626145 0.632039 0.652659 0.657570 
0.500000 0.621221 0.633405 0.652952 0.657609 
0.500000 0.616767 0.634708 0.653261 0.657675 
0.500000 0.612758 0.635902 0.653556 0.657745 
0.500000 0.609159 0.636979 0.653827 0.657811 
0.675038 0.605935 0.637943 0.654070 0.657872 
0.500000 0.645401 0.638803 0.654288 0.657927 
0.500000 0.640900 0.631304 0.654483 0.657976 
0.500000 0.634837 0.630740 0.652785 0.658020 
0.500000 0.629239 0.631452 0.652657 0.657638 
0.500000 0.624049 0.632677 0.652819 0.657609 
0.500000 0.619328 0.633980 0.653096 0.657645 
0.500000 0.615063 0.635223 0.653391 0.657708 
0.500000 0.611228 0.636363 0.653673 0.657774 
0.500000 0.607788 0.637390 0.653931 0.657838 
0.675038 0.500000 0.638309 0.654163 0.657896 
0.500000 0.644360 0.657490 0.654371 0.657948 
0.500000 0.643992 0.635512 0.658696 0.657995 
0.500000 0.637815 0.631937 0.653738 0.658967 
0.500000 0.632161 0.631315 0.652928 0.657852 
0.500000 0.626759 0.632133 0.652788 0.657670 
0.500000 0.621800 0.633332 0.652973 0.657638 
0.500000 0.617297 0.634585 0.653245 0.657680 
0.500000 0.613237 0.635771 0.653528 0.657741 
0.500000 0.609590 0.636855 0.653797 0.657805 
0.675038 0.606321 0.637829 0.654042 0.657866 
0.500000 0.645726 0.638701 0.654263 0.657921 
0.500000 0.641199 0.631211 0.654460 0.657970 
0.500000 0.635112 0.630656 0.652764 0.658015 
0.500000 0.629490 0.631376 0.652638 0.657633 
0.500000 0.624277 0.632608 0.652801 0.657605 
0.500000 0.619533 0.633917 0.653081 0.657641 
0.500000 0.615248 0.635167 0.653377 0.657704 
0.500000 0.611394 0.636313 0.653660 0.657771 
0.500000 0.607937 0.637346 0.653920 0.657835 
0.675038 0.604840 0.638270 0.654153 0.657893 
0.500000 0.644473 0.639094 0.654362 0.657946 
0.500000 0.640048 0.631568 0.654549 0.657993 
0.500000 0.634055 0.630980 0.652845 0.658035 
0.500000 0.628525 0.631670 0.652712 0.657651 
0.500000 0.623402 0.632874 0.652868 0.657621 
0.500000 0.618744 0.634157 0.653141 0.657656 
0.500000 0.614538 0.635382 0.653431 0.657718 
0.500000 0.610757 0.636505 0.653709 0.657783 
0.500000 0.607367 0.637517 0.653963 0.657846 
0.675038 0.500000 0.638422 0.654192 0.657903 
0.500000 0.644038 0.657517 0.654397 0.657954 
0.500000 0.643686 0.635588 0.658702 0.658001 
0.500000 0.637532 0.632015 0.653755 0.658969 
0.500000 0.631901 0.631392 0.652946 0.657856 
0.500000 0.626523 0.632204 0.652805 0.657674 
0.500000 0.621586 0.633396 0.652989 0.657642 
0.500000 0.617104 0.634643 0.653259 0.657684 
0.500000 0.613064 0.635824 0.653542 0.657745 
0.500000 0.609435 0.636901 0.653809 0.657808 
0.675038 0.606182 0.637871 0.654053 0.657868 
0.500000 0.645609 0.638738 0.654272 0.657923 
0.500000 0.641091 0.631245 0.654468 0.657973 
0.500000 0.635013 0.630687 0.652772 0.658017 
0.500000 0.629399 0.631404 0.652645 0.657635 
0.500000 0.624195 0.632633 0.652808 0.657606 
0.500000 0.619459 0.633940 0.653086 0.657643 
0.500000 0.615181 0.635188 0.653382 0.657706 
0.500000 0.611334 0.636331 0.653665 0.657772 
0.500000 0.607884 0.637362 0.653924 0.657836 
0.675038 0.500000 0.638284 0.654157 0.657894 
0.500000 0.644432 0.657485 0.654365 0.657947 
0.500000 0.644061 0.635495 0.658695 0.657994 
0.500000 0.637879 0.631919 0.653734 0.658967 
0.500000 0.632219 0.631298 0.652924 0.657852 
0.500000 0.626813 0.632117 0.652784 0.657669 
0.500000 0.621848 0.633317 0.652969 0.657638 
0.500000 0.617340 0.634572 0.653241 0.657679 
0.500000 0.613276 0.635760 0.653525 0.657741 
0.500000 0.609625 0.636844 0.653794 0.657804 
