0.500000 0.268941 0.268941 0.500000 0.500000 
0.500000 0.309464 0.194364 0.368680 0.500000 
0.500000 0.319557 0.205072 0.404024 0.323582 
0.500000 0.337890 0.205199 0.398878 0.308307 
0.500000 0.352209 0.212006 0.398817 0.310506 
0.500000 0.363081 0.220046 0.395557 0.310532 
0.500000 0.369819 0.228675 0.391719 0.311929 
0.500000 0.372808 0.236544 0.387615 0.313579 
0.500000 0.372651 0.242872 0.383886 0.315349 
0.500000 0.370112 0.247202 0.380897 0.316961 
0.440679 0.366009 0.249427 0.378857 0.318257 
0.500000 0.382660 0.249715 0.377810 0.319143 
0.500000 0.376129 0.256199 0.377675 0.319598 
0.500000 0.368787 0.257154 0.374632 0.319657 
0.500000 0.360829 0.255931 0.374184 0.320982 
0.500000 0.353580 0.252555 0.374757 0.321177 
0.500000 0.347814 0.248068 0.376340 0.320927 
0.500000 0.344032 0.243291 0.378449 0.320237 
0.500000 0.342335 0.238960 0.380699 0.319320 
0.500000 0.342500 0.235564 0.382744 0.318343 
0.440679 0.344074 0.233346 0.384349 0.317456 
0.500000 0.369137 0.232319 0.385399 0.316761 
0.500000 0.369525 0.240088 0.385886 0.316306 
0.500000 0.368450 0.244068 0.382211 0.316096 
0.500000 0.365531 0.246841 0.380333 0.317687 
0.500000 0.361719 0.247784 0.379026 0.318502 
0.500000 0.357630 0.247301 0.378583 0.319069 
0.500000 0.353860 0.245735 0.378810 0.319262 
0.500000 0.350835 0.243542 0.379547 0.319163 
0.500000 0.348799 0.241156 0.380581 0.318843 
0.440679 0.347809 0.238946 0.381706 0.318394 
0.500000 0.370309 0.237167 0.382750 0.317906 
0.500000 0.368778 0.243808 0.383591 0.317453 
0.500000 0.366313 0.246398 0.380456 0.317089 
0.500000 0.362561 0.247803 0.379235 0.318449 
0.500000 0.358463 0.247546 0.378574 0.318978 
0.500000 0.354565 0.246157 0.378695 0.319266 
0.500000 0.351348 0.244038 0.379348 0.319213 
0.500000 0.349092 0.241644 0.380347 0.318929 
0.500000 0.347892 0.239360 0.381476 0.318496 
0.440679 0.347674 0.237470 0.382554 0.318006 
0.500000 0.370753 0.236136 0.383448 0.317538 
0.500000 0.369603 0.243217 0.384079 0.317151 
0.500000 0.367334 0.246240 0.380734 0.316878 
0.500000 0.363612 0.248000 0.379310 0.318328 
0.500000 0.359405 0.247998 0.378481 0.318946 
0.500000 0.355300 0.246749 0.378482 0.319306 
0.500000 0.351822 0.244659 0.379070 0.319306 
0.500000 0.349299 0.242205 0.380054 0.319050 
0.500000 0.347862 0.239799 0.381211 0.318623 
0.440679 0.347465 0.237756 0.382347 0.318121 
0.500000 0.370457 0.236267 0.383312 0.317628 
0.500000 0.369268 0.243223 0.384017 0.317210 
0.500000 0.367008 0.246143 0.380731 0.316905 
0.500000 0.363334 0.247836 0.379355 0.318329 
0.500000 0.359199 0.247803 0.378558 0.318926 
0.500000 0.355178 0.246554 0.378574 0.319273 
0.500000 0.351782 0.244490 0.379162 0.319266 
0.500000 0.349328 0.242079 0.380134 0.319010 
0.500000 0.347942 0.239723 0.381271 0.318588 
0.440679 0.347573 0.237729 0.382383 0.318095 
0.500000 0.370564 0.236280 0.383325 0.317612 
0.500000 0.369366 0.243263 0.384010 0.317204 
0.500000 0.367087 0.246200 0.380712 0.316907 
0.500000 0.363388 0.247899 0.379328 0.318337 
0.500000 0.359228 0.247862 0.378529 0.318938 
0.500000 0.355182 0.246602 0.378546 0.319286 
0.500000 0.351767 0.244524 0.379139 0.319278 
0.500000 0.349299 0.242097 0.380118 0.319020 
0.500000 0.347907 0.239727 0.381262 0.318595 
0.440679 0.347538 0.237721 0.382381 0.318099 
0.500000 0.370535 0.236264 0.383329 0.317613 
0.500000 0.369344 0.243244 0.384018 0.317202 
0.500000 0.367074 0.246180 0.380721 0.316904 
0.500000 0.363383 0.247881 0.379338 0.318333 
0.500000 0.359229 0.247848 0.378537 0.318934 
0.500000 0.355189 0.246594 0.378553 0.319282 
0.500000 0.351777 0.244521 0.379143 0.319275 
0.500000 0.349311 0.242098 0.380119 0.319018 
0.500000 0.347918 0.239731 0.381262 0.318594 
0.440679 0.347547 0.237727 0.382379 0.318099 
0.500000 0.370541 0.236271 0.383326 0.317614 
0.500000 0.369347 0.243250 0.384015 0.317204 
0.500000 0.367074 0.246185 0.380719 0.316905 
0.500000 0.363382 0.247885 0.379335 0.318334 
0.500000 0.359227 0.247850 0.378535 0.318935 
0.500000 0.355185 0.246594 0.378552 0.319283 
0.500000 0.351773 0.244520 0.379143 0.319276 
0.500000 0.349308 0.242096 0.380120 0.319019 
0.500000 0.347915 0.239729 0.381263 0.318594 
0.440679 0.347545 0.237724 0.382380 0.318098 
0.500000 0.370540 0.236269 0.383327 0.317614 
0.500000 0.369347 0.243248 0.384016 0.317203 
0.500000 0.367075 0.246184 0.380719 0.316905 
0.500000 0.363383 0.247885 0.379336 0.318334 
0.500000 0.359228 0.247850 0.378535 0.318935 
0.500000 0.355186 0.246595 0.378552 0.319283 
0.500000 0.351774 0.244521 0.379143 0.319276 
0.500000 0.349308 0.242097 0.380119 0.319019 
0.500000 0.347916 0.239729 0.381262 0.318594 
