0.500000 0.500000 0.268941 0.500000 0.500000 
0.500000 0.500000 0.268941 0.368680 0.500000 
0.500000 0.500000 0.285061 0.368680 0.323582 
0.500000 0.500000 0.270531 0.361209 0.323582 
0.500000 0.500000 0.284570 0.367941 0.326861 
0.500000 0.500000 0.271056 0.361435 0.323905 
0.500000 0.500000 0.284056 0.367697 0.326761 
0.500000 0.500000 0.271539 0.361672 0.324012 
0.500000 0.500000 0.283581 0.367472 0.326657 
0.500000 0.500000 0.271987 0.361892 0.324111 
0.500000 0.500000 0.283140 0.367264 0.326560 
0.500000 0.500000 0.272402 0.362096 0.324202 
0.500000 0.500000 0.282733 0.367071 0.326471 
0.500000 0.500000 0.272787 0.362284 0.324287 
0.500000 0.500000 0.282355 0.366892 0.326388 
0.500000 0.500000 0.273144 0.362458 0.324365 
0.500000 0.500000 0.282006 0.366726 0.326311 
0.500000 0.500000 0.273474 0.362620 0.324438 
0.500000 0.500000 0.281683 0.366573 0.326240 
0.500000 0.500000 0.273781 0.362769 0.324505 
0.500000 0.500000 0.281384 0.366430 0.326175 
0.500000 0.500000 0.274065 0.362907 0.324567 
0.500000 0.500000 0.281107 0.366299 0.326114 
0.500000 0.500000 0.274328 0.363035 0.324625 
0.500000 0.500000 0.280850 0.366176 0.326058 
0.500000 0.500000 0.274572 0.363154 0.324679 
0.500000 0.500000 0.280613 0.366063 0.326005 
0.500000 0.500000 0.274798 0.363264 0.324728 
0.500000 0.500000 0.280393 0.365958 0.325957 
0.500000 0.500000 0.275007 0.363366 0.324774 
0.500000 0.500000 0.280190 0.365861 0.325912 
0.500000 0.500000 0.275201 0.363460 0.324817 
0.500000 0.500000 0.280001 0.365771 0.325871 
0.500000 0.500000 0.275381 0.363547 0.324856 
0.500000 0.500000 0.279827 0.365688 0.325833 
0.500000 0.500000 0.275547 0.363628 0.324893 
0.500000 0.500000 0.279665 0.365611 0.325797 
0.500000 0.500000 0.275701 0.363702 0.324927 
0.500000 0.500000 0.279516 0.365539 0.325764 
0.500000 0.500000 0.275844 0.363772 0.324958 
0.500000 0.500000 0.279377 0.365473 0.325734 
0.500000 0.500000 0.275977 0.363836 0.324987 
0.500000 0.500000 0.279249 0.365411 0.325706 
0.500000 0.500000 0.276099 0.363895 0.325014 
0.500000 0.500000 0.279130 0.365354 0.325680 
0.500000 0.500000 0.276213 0.363950 0.325039 
0.500000 0.500000 0.279020 0.365302 0.325656 
0.500000 0.500000 0.276318 0.364001 0.325062 
0.500000 0.500000 0.278918 0.365253 0.325633 
0.500000 0.500000 0.276416 0.364048 0.325084 
0.500000 0.500000 0.278824 0.365208 0.325613 
0.500000 0.500000 0.276506 0.364092 0.325104 
0.500000 0.500000 0.278737 0.365166 0.325593 
0.500000 0.500000 0.276590 0.364132 0.325122 
0.500000 0.500000 0.278656 0.365127 0.325576 
0.500000 0.500000 0.276668 0.364170 0.325139 
0.500000 0.500000 0.278581 0.365091 0.325559 
0.500000 0.500000 0.276739 0.364204 0.325155 
0.500000 0.500000 0.278512 0.365058 0.325544 
0.500000 0.500000 0.276806 0.364237 0.325169 
0.500000 0.500000 0.278447 0.365027 0.325530 
0.500000 0.500000 0.276868 0.364266 0.325183 
0.500000 0.500000 0.278388 0.364998 0.325517 
0.500000 0.500000 0.276925 0.364294 0.325195 
0.500000 0.500000 0.278333 0.364972 0.325505 
0.500000 0.500000 0.276977 0.364319 0.325207 
0.500000 0.500000 0.278282 0.364947 0.325494 
0.500000 0.500000 0.277026 0.364343 0.325218 
0.500000 0.500000 0.278234 0.364925 0.325483 
0.500000 0.500000 0.277072 0.364365 0.325228 
0.500000 0.500000 0.278191 0.364904 0.325474 
0.500000 0.500000 0.277114 0.364385 0.325237 
0.500000 0.500000 0.278150 0.364884 0.325465 
0.500000 0.500000 0.277153 0.364404 0.325246 
0.500000 0.500000 0.278113 0.364866 0.325456 
0.500000 0.500000 0.277189 0.364421 0.325254 
0.500000 0.500000 0.278078 0.364849 0.325449 
0.500000 0.500000 0.277222 0.364437 0.325261 
0.500000 0.500000 0.278046 0.364834 0.325442 
0.500000 0.500000 0.277253 0.364452 0.325268 
0.500000 0.500000 0.278016 0.364820 0.325435 
0.500000 0.500000 0.277282 0.364466 0.325274 
0.500000 0.500000 0.277988 0.364806 0.325429 
0.500000 0.500000 0.277308 0.364479 0.325280 
0.500000 0.500000 0.277963 0.364794 0.325423 
0.500000 0.500000 0.277333 0.364491 0.325285 
0.500000 0.500000 0.277939 0.364783 0.325418 
0.500000 0.500000 0.277356 0.364502 0.325290 
0.500000 0.500000 0.277917 0.364772 0.325413 
0.500000 0.500000 0.277377 0.364512 0.325295 
0.500000 0.500000 0.277897 0.364762 0.325409 
0.500000 0.500000 0.277396 0.364521 0.325299 
0.500000 0.500000 0.277878 0.364753 0.325405 
0.500000 0.500000 0.277414 0.364530 0.325303 
0.500000 0.500000 0.277860 0.364745 0.325401 
0.500000 0.500000 0.277431 0.364538 0.325307 
0.500000 0.500000 0.277844 0.364737 0.325397 
0.500000 0.500000 0.277447 0.364546 0.325310 
0.500000 0.500000 0.277829 0.364730 0.325394 
0.500000 0.500000 0.277461 0.364553 0.325313 
