0.500000 0.433167 0.392260 0.406720 0.500000 0.500000 0.433167 0.500000 0.500000 
0.500000 0.433167 0.400647 0.432579 0.500000 0.393370 0.403173 0.500000 0.500000 
0.500000 0.433167 0.404781 0.452953 0.395344 0.393370 0.401157 0.500000 0.500000 
0.500000 0.433167 0.394571 0.468076 0.401933 0.393370 0.400164 0.402431 0.500000 
0.500000 0.433167 0.390201 0.479274 0.400469 0.393370 0.402617 0.400848 0.500000 
0.500000 0.433167 0.387830 0.486904 0.396593 0.393370 0.403669 0.401200 0.500000 
0.500000 0.433167 0.386166 0.491866 0.392562 0.393370 0.404240 0.402131 0.500000 
0.500000 0.433167 0.384837 0.495006 0.389164 0.393370 0.404641 0.403101 0.500000 
0.500000 0.433167 0.383751 0.496957 0.386556 0.393370 0.404961 0.403919 0.500000 
0.500000 0.433167 0.382884 0.498156 0.384655 0.393370 0.405223 0.404547 0.500000 
0.500000 0.433167 0.382215 0.498887 0.383314 0.393370 0.405431 0.405005 0.500000 
0.500000 0.433167 0.381713 0.499330 0.382388 0.393370 0.405593 0.405328 0.500000 
0.500000 0.433167 0.381347 0.499597 0.381758 0.393370 0.405714 0.405551 0.500000 
0.500000 0.433167 0.381085 0.499758 0.381334 0.393370 0.405802 0.405703 0.500000 
0.500000 0.433167 0.380901 0.499855 0.381051 0.393370 0.405865 0.405805 0.500000 
0.500000 0.433167 0.380774 0.499913 0.380864 0.393370 0.405910 0.405873 0.500000 
0.500000 0.433167 0.380687 0.499948 0.380741 0.393370 0.405940 0.405918 0.500000 
0.500000 0.433167 0.380628 0.499969 0.380661 0.393370 0.405961 0.405948 0.500000 
0.500000 0.433167 0.380589 0.499981 0.380608 0.393370 0.405975 0.405968 0.500000 
0.500000 0.433167 0.380562 0.499989 0.380574 0.393370 0.405985 0.405980 0.500000 
0.500000 0.433167 0.380545 0.499993 0.380552 0.393370 0.405991 0.405988 0.500000 
0.500000 0.433167 0.380533 0.499996 0.380538 0.393370 0.405995 0.405994 0.500000 
0.500000 0.433167 0.380526 0.499998 0.380528 0.393370 0.405998 0.405997 0.500000 
0.500000 0.433167 0.380521 0.499999 0.380522 0.393370 0.406000 0.405999 0.500000 
0.500000 0.433167 0.380518 0.499999 0.380519 0.393370 0.406001 0.406001 0.500000 
0.500000 0.433167 0.380516 0.499999 0.380516 0.393370 0.406002 0.406002 0.500000 
0.500000 0.433167 0.380514 0.500000 0.380515 0.393370 0.406003 0.406002 0.500000 
0.500000 0.433167 0.380513 0.500000 0.380514 0.393370 0.406003 0.406003 0.500000 
0.500000 0.433167 0.380513 0.500000 0.380513 0.393370 0.406003 0.406003 0.500000 
0.500000 0.433167 0.380513 0.500000 0.380513 0.393370 0.406003 0.406003 0.500000 
0.500000 0.433167 0.380512 0.500000 0.380512 0.393370 0.406003 0.406003 0.500000 
0.500000 0.433167 0.380512 0.500000 0.380512 0.393370 0.406003 0.406003 0.500000 
0.500000 0.433167 0.380512 0.500000 0.380512 0.393370 0.406003 0.406003 0.500000 
0.500000 0.433167 0.380512 0.500000 0.380512 0.393370 0.406003 0.406003 0.500000 
0.500000 0.433167 0.380512 0.500000 0.380512 0.393370 0.406003 0.406003 0.500000 
0.500000 0.433167 0.380512 0.500000 0.380512 0.393370 0.406003 0.406003 0.500000 
0.500000 0.433167 0.380512 0.500000 0.380512 0.393370 0.406003 0.406003 0.500000 
0.500000 0.433167 0.380512 0.500000 0.380512 0.393370 0.406003 0.406003 0.500000 
0.500000 0.433167 0.380512 0.500000 0.380512 0.393370 0.406003 0.406003 0.500000 
0.500000 0.433167 0.380512 0.500000 0.380512 0.393370 0.406003 0.406003 0.500000 
0.500000 0.433167 0.380512 0.500000 0.380512 0.393370 0.406003 0.406003 0.500000 
0.500000 0.433167 0.380512 0.500000 0.380512 0.393370 0.406003 0.406003 0.500000 
0.500000 0.433167 0.380512 0.500000 0.380512 0.393370 0.406003 0.406003 0.500000 
0.500000 0.433167 0.380512 0.500000 0.380512 0.393370 0.406003 0.406003 0.500000 
0.500000 0.433167 0.380512 0.500000 0.380512 0.393370 0.406003 0.406003 0.500000 
0.500000 0.433167 0.380512 0.500000 0.380512 0.393370 0.406003 0.406003 0.500000 
0.500000 0.433167 0.380512 0.500000 0.380512 0.393370 0.406003 0.406003 0.500000 
0.500000 0.433167 0.380512 0.500000 0.380512 0.393370 0.406003 0.406003 0.500000 
0.500000 0.433167 0.380512 0.500000 0.380512 0.393370 0.406003 0.406003 0.500000 
0.500000 0.433167 0.380512 0.500000 0.380512 0.393370 0.406003 0.406003 0.500000 
0.500000 0.433167 0.380512 0.500000 0.380512 0.393370 0.406003 0.406003 0.500000 
0.500000 0.433167 0.380512 0.500000 0.380512 0.393370 0.406003 0.406003 0.500000 
0.500000 0.433167 0.380512 0.500000 0.380512 0.393370 0.406003 0.406003 0.500000 
0.500000 0.433167 0.380512 0.500000 0.380512 0.393370 0.406003 0.406003 0.500000 
0.500000 0.433167 0.380512 0.500000 0.380512 0.393370 0.406003 0.406003 0.500000 
0.500000 0.433167 0.380512 0.500000 0.380512 0.393370 0.406003 0.406003 0.500000 
0.500000 0.433167 0.380512 0.500000 0.380512 0.393370 0.406003 0.406003 0.500000 
0.500000 0.433167 0.380512 0.500000 0.380512 0.393370 0.406003 0.406003 0.500000 
0.500000 0.433167 0.380512 0.500000 0.380512 0.393370 0.406003 0.406003 0.500000 
0.500000 0.433167 0.380512 0.500000 0.380512 0.393370 0.406003 0.406003 0.500000 
0.500000 0.433167 0.380512 0.500000 0.380512 0.393370 0.406003 0.406003 0.500000 
0.500000 0.433167 0.380512 0.500000 0.380512 0.393370 0.406003 0.406003 0.500000 
0.500000 0.433167 0.380512 0.500000 0.380512 0.393370 0.406003 0.406003 0.500000 
0.500000 0.433167 0.380512 0.500000 0.380512 0.393370 0.406003 0.406003 0.500000 
0.500000 0.433167 0.380512 0.500000 0.380512 0.393370 0.406003 0.406003 0.500000 
0.500000 0.433167 0.380512 0.500000 0.380512 0.393370 0.406003 0.406003 0.500000 
0.500000 0.433167 0.380512 0.500000 0.380512 0.393370 0.406003 0.406003 0.500000 
0.500000 0.433167 0.380512 0.500000 0.380512 0.393370 0.406003 0.406003 0.500000 
0.500000 0.433167 0.380512 0.500000 0.380512 0.393370 0.406003 0.406003 0.500000 
0.500000 0.433167 0.380512 0.500000 0.380512 0.393370 0.406003 0.406003 0.500000 
0.500000 0.433167 0.380512 0.500000 0.380512 0.393370 0.406003 0.406003 0.500000 
0.500000 0.433167 0.380512 0.500000 0.380512 0.393370 0.406003 0.406003 0.500000 
0.500000 0.433167 0.380512 0.500000 0.380512 0.393370 0.406003 0.406003 0.500000 
0.500000 0.433167 0.380512 0.500000 0.380512 0.393370 0.406003 0.406003 0.500000 
0.500000 0.433167 0.380512 0.500000 0.380512 0.393370 0.406003 0.406003 0.500000 
0.500000 0.433167 0.380512 0.500000 0.380512 0.393370 0.406003 0.406003 0.500000 
0.500000 0.433167 0.380512 0.500000 0.380512 0.393370 0.406003 0.406003 0.500000 
0.500000 0.433167 0.380512 0.500000 0.380512 0.393370 0.406003 0.406003 0.500000 
0.500000 0.433167 0.380512 0.500000 0.380512 0.393370 0.406003 0.406003 0.500000 
0.500000 0.433167 0.380512 0.500000 0.380512 0.393370 0.406003 0.406003 0.500000 
0.500000 0.433167 0.380512 0.500000 0.380512 0.393370 0.406003 0.406003 0.500000 
0.500000 0.433167 0.380512 0.500000 0.380512 0.393370 0.406003 0.406003 0.500000 
0.500000 0.433167 0.380512 0.500000 0.380512 0.393370 0.406003 0.406003 0.500000 
0.500000 0.433167 0.380512 0.500000 0.380512 0.393370 0.406003 0.406003 0.500000 
0.500000 0.433167 0.380512 0.500000 0.380512 0.393370 0.406003 0.406003 0.500000 
0.500000 0.433167 0.380512 0.500000 0.380512 0.393370 0.406003 0.406003 0.500000 
0.500000 0.433167 0.380512 0.500000 0.380512 0.393370 0.406003 0.406003 0.500000 
0.500000 0.433167 0.380512 0.500000 0.380512 0.393370 0.406003 0.406003 0.500000 
0.500000 0.433167 0.380512 0.500000 0.380512 0.393370 0.406003 0.406003 0.500000 
0.500000 0.433167 0.380512 0.500000 0.380512 0.393370 0.406003 0.406003 0.500000 
0.500000 0.433167 0.380512 0.500000 0.380512 0.393370 0.406003 0.406003 0.500000 
0.500000 0.433167 0.380512 0.500000 0.380512 0.393370 0.406003 0.406003 0.500000 
0.500000 0.433167 0.380512 0.500000 0.380512 0.393370 0.406003 0.406003 0.500000 
0.500000 0.433167 0.380512 0.500000 0.380512 0.393370 0.406003 0.406003 0.500000 
0.500000 0.433167 0.380512 0.500000 0.380512 0.393370 0.406003 0.406003 0.500000 
0.500000 0.433167 0.380512 0.500000 0.380512 0.393370 0.406003 0.406003 0.500000 
0.500000 0.433167 0.380512 0.500000 0.380512 0.393370 0.406003 0.406003 0.500000 
0.500000 0.433167 0.380512 0.500000 0.380512 0.393370 0.406003 0.406003 0.500000 
0.500000 0.433167 0.380512 0.500000 0.380512 0.393370 0.406003 0.406003 0.500000 
0.500000 0.433167 0.380512 0.500000 0.380512 0.393370 0.406003 0.406003 0.500000 
