0.500000 0.440679 0.500000 0.319715 0.500000 0.500000 0.368680 0.429546 0.500000 
0.500000 0.440679 0.500000 0.343732 0.313928 0.292896 0.500000 0.500000 0.500000 
0.500000 0.440679 0.500000 0.366549 0.378266 0.292896 0.500000 0.347997 0.500000 
0.500000 0.440679 0.500000 0.387565 0.397621 0.292896 0.500000 0.319400 0.500000 
0.500000 0.440679 0.500000 0.406395 0.399697 0.292896 0.500000 0.311044 0.500000 
0.500000 0.440679 0.270478 0.422866 0.394525 0.292896 0.500000 0.310155 0.500000 
0.500000 0.440679 0.272102 0.459503 0.340256 0.292896 0.367965 0.312373 0.500000 
0.500000 0.440679 0.500000 0.479602 0.295146 0.292896 0.367210 0.336147 0.500000 
0.500000 0.440679 0.500000 0.483785 0.314621 0.292896 0.500000 0.356568 0.500000 
0.500000 0.440679 0.500000 0.487134 0.322617 0.292896 0.500000 0.347682 0.500000 
0.500000 0.440679 0.500000 0.489807 0.325231 0.292896 0.500000 0.344065 0.500000 
0.500000 0.440679 0.500000 0.491934 0.325449 0.292896 0.500000 0.342885 0.500000 
0.500000 0.440679 0.500000 0.493623 0.324692 0.292896 0.500000 0.342787 0.500000 
0.500000 0.440679 0.500000 0.494962 0.323625 0.292896 0.500000 0.343128 0.500000 
0.500000 0.440679 0.500000 0.496022 0.322545 0.292896 0.500000 0.343609 0.500000 
0.500000 0.440679 0.500000 0.496860 0.321572 0.292896 0.500000 0.344097 0.500000 
0.500000 0.440679 0.500000 0.497523 0.320742 0.292896 0.500000 0.344536 0.500000 
0.500000 0.440679 0.500000 0.498046 0.320057 0.292896 0.500000 0.344911 0.500000 
0.500000 0.440679 0.500000 0.498459 0.319499 0.292896 0.500000 0.345221 0.500000 
0.500000 0.440679 0.500000 0.498785 0.319052 0.292896 0.500000 0.345473 0.500000 
0.500000 0.440679 0.500000 0.499043 0.318695 0.292896 0.500000 0.345675 0.500000 
0.500000 0.440679 0.500000 0.499245 0.318411 0.292896 0.500000 0.345837 0.500000 
0.500000 0.440679 0.500000 0.499405 0.318186 0.292896 0.500000 0.345965 0.500000 
0.500000 0.440679 0.500000 0.499531 0.318008 0.292896 0.500000 0.346067 0.500000 
0.500000 0.440679 0.500000 0.499631 0.317867 0.292896 0.500000 0.346148 0.500000 
0.500000 0.440679 0.500000 0.499709 0.317756 0.292896 0.500000 0.346211 0.500000 
0.500000 0.440679 0.500000 0.499771 0.317669 0.292896 0.500000 0.346262 0.500000 
0.500000 0.440679 0.500000 0.499819 0.317600 0.292896 0.500000 0.346301 0.500000 
0.500000 0.440679 0.500000 0.499858 0.317545 0.292896 0.500000 0.346333 0.500000 
0.500000 0.440679 0.500000 0.499888 0.317502 0.292896 0.500000 0.346357 0.500000 
0.500000 0.440679 0.500000 0.499912 0.317468 0.292896 0.500000 0.346377 0.500000 
0.500000 0.440679 0.500000 0.499930 0.317442 0.292896 0.500000 0.346392 0.500000 
0.500000 0.440679 0.500000 0.499945 0.317421 0.292896 0.500000 0.346404 0.500000 
0.500000 0.440679 0.500000 0.499957 0.317404 0.292896 0.500000 0.346414 0.500000 
0.500000 0.440679 0.500000 0.499966 0.317391 0.292896 0.500000 0.346421 0.500000 
0.500000 0.440679 0.500000 0.499973 0.317381 0.292896 0.500000 0.346427 0.500000 
0.500000 0.440679 0.500000 0.499979 0.317373 0.292896 0.500000 0.346432 0.500000 
0.500000 0.440679 0.500000 0.499983 0.317366 0.292896 0.500000 0.346435 0.500000 
0.500000 0.440679 0.500000 0.499987 0.317361 0.292896 0.500000 0.346438 0.500000 
0.500000 0.440679 0.500000 0.499990 0.317357 0.292896 0.500000 0.346440 0.500000 
0.500000 0.440679 0.500000 0.499992 0.317354 0.292896 0.500000 0.346442 0.500000 
0.500000 0.440679 0.500000 0.499994 0.317352 0.292896 0.500000 0.346444 0.500000 
0.500000 0.440679 0.500000 0.499995 0.317350 0.292896 0.500000 0.346445 0.500000 
0.500000 0.440679 0.500000 0.499996 0.317348 0.292896 0.500000 0.346446 0.500000 
0.500000 0.440679 0.500000 0.499997 0.317347 0.292896 0.500000 0.346446 0.500000 
0.500000 0.440679 0.500000 0.499998 0.317346 0.292896 0.500000 0.346447 0.500000 
0.500000 0.440679 0.500000 0.499998 0.317346 0.292896 0.500000 0.346447 0.500000 
0.500000 0.440679 0.500000 0.499998 0.317345 0.292896 0.500000 0.346448 0.500000 
0.500000 0.440679 0.500000 0.499999 0.317344 0.292896 0.500000 0.346448 0.500000 
0.500000 0.440679 0.500000 0.499999 0.317344 0.292896 0.500000 0.346448 0.500000 
0.500000 0.440679 0.500000 0.499999 0.317344 0.292896 0.500000 0.346448 0.500000 
0.500000 0.440679 0.500000 0.499999 0.317344 0.292896 0.500000 0.346448 0.500000 
0.500000 0.440679 0.500000 0.500000 0.317343 0.292896 0.500000 0.346449 0.500000 
0.500000 0.440679 0.500000 0.500000 0.317343 0.292896 0.500000 0.346449 0.500000 
0.500000 0.440679 0.500000 0.500000 0.317343 0.292896 0.500000 0.346449 0.500000 
0.500000 0.440679 0.500000 0.500000 0.317343 0.292896 0.500000 0.346449 0.500000 
0.500000 0.440679 0.500000 0.500000 0.317343 0.292896 0.500000 0.346449 0.500000 
0.500000 0.440679 0.500000 0.500000 0.317343 0.292896 0.500000 0.346449 0.500000 
0.500000 0.440679 0.500000 0.500000 0.317343 0.292896 0.500000 0.346449 0.500000 
0.500000 0.440679 0.500000 0.500000 0.317343 0.292896 0.500000 0.346449 0.500000 
0.500000 0.440679 0.500000 0.500000 0.317343 0.292896 0.500000 0.346449 0.500000 
0.500000 0.440679 0.500000 0.500000 0.317343 0.292896 0.500000 0.346449 0.500000 
0.500000 0.440679 0.500000 0.500000 0.317343 0.292896 0.500000 0.346449 0.500000 
0.500000 0.440679 0.500000 0.500000 0.317343 0.292896 0.500000 0.346449 0.500000 
0.500000 0.440679 0.500000 0.500000 0.317343 0.292896 0.500000 0.346449 0.500000 
0.500000 0.440679 0.500000 0.500000 0.317343 0.292896 0.500000 0.346449 0.500000 
0.500000 0.440679 0.500000 0.500000 0.317343 0.292896 0.500000 0.346449 0.500000 
0.500000 0.440679 0.500000 0.500000 0.317343 0.292896 0.500000 0.346449 0.500000 
0.500000 0.440679 0.500000 0.500000 0.317343 0.292896 0.500000 0.346449 0.500000 
0.500000 0.440679 0.500000 0.500000 0.317343 0.292896 0.500000 0.346449 0.500000 
0.500000 0.440679 0.500000 0.500000 0.317343 0.292896 0.500000 0.346449 0.500000 
0.500000 0.440679 0.500000 0.500000 0.317343 0.292896 0.500000 0.346449 0.500000 
0.500000 0.440679 0.500000 0.500000 0.317343 0.292896 0.500000 0.346449 0.500000 
0.500000 0.440679 0.500000 0.500000 0.317343 0.292896 0.500000 0.346449 0.500000 
0.500000 0.440679 0.500000 0.500000 0.317343 0.292896 0.500000 0.346449 0.500000 
0.500000 0.440679 0.500000 0.500000 0.317343 0.292896 0.500000 0.346449 0.500000 
0.500000 0.440679 0.500000 0.500000 0.317343 0.292896 0.500000 0.346449 0.500000 
0.500000 0.440679 0.500000 0.500000 0.317343 0.292896 0.500000 0.346449 0.500000 
0.500000 0.440679 0.500000 0.500000 0.317343 0.292896 0.500000 0.346449 0.500000 
0.500000 0.440679 0.500000 0.500000 0.317343 0.292896 0.500000 0.346449 0.500000 
0.500000 0.440679 0.500000 0.500000 0.317343 0.292896 0.500000 0.346449 0.500000 
0.500000 0.440679 0.500000 0.500000 0.317343 0.292896 0.500000 0.346449 0.500000 
0.500000 0.440679 0.500000 0.500000 0.317343 0.292896 0.500000 0.346449 0.500000 
0.500000 0.440679 0.500000 0.500000 0.317343 0.292896 0.500000 0.346449 0.500000 
0.500000 0.440679 0.500000 0.500000 0.317343 0.292896 0.500000 0.346449 0.500000 
0.500000 0.440679 0.500000 0.500000 0.317343 0.292896 0.500000 0.346449 0.500000 
0.500000 0.440679 0.500000 0.500000 0.317343 0.292896 0.500000 0.346449 0.500000 
0.500000 0.440679 0.500000 0.500000 0.317343 0.292896 0.500000 0.346449 0.500000 
0.500000 0.440679 0.500000 0.500000 0.317343 0.292896 0.500000 0.346449 0.500000 
0.500000 0.440679 0.500000 0.500000 0.317343 0.292896 0.500000 0.346449 0.500000 
0.500000 0.440679 0.500000 0.500000 0.317343 0.292896 0.500000 0.346449 0.500000 
0.500000 0.440679 0.500000 0.500000 0.317343 0.292896 0.500000 0.346449 0.500000 
0.500000 0.440679 0.500000 0.500000 0.317343 0.292896 0.500000 0.346449 0.500000 
0.500000 0.440679 0.500000 0.500000 0.317343 0.292896 0.500000 0.346449 0.500000 
0.500000 0.440679 0.500000 0.500000 0.317343 0.292896 0.500000 0.346449 0.500000 
0.500000 0.440679 0.500000 0.500000 0.317343 0.292896 0.500000 0.346449 0.500000 
0.500000 0.440679 0.500000 0.500000 0.317343 0.292896 0.500000 0.346449 0.500000 
0.500000 0.440679 0.500000 0.500000 0.317343 0.292896 0.500000 0.346449 0.500000 
0.500000 0.440679 0.500000 0.500000 0.317343 0.292896 0.500000 0.346449 0.500000 
0.500000 0.440679 0.500000 0.500000 0.317343 0.292896 0.500000 0.346449 0.500000 
