0.440679 0.268941 0.268941 0.500000 0.500000 
0.440679 0.362982 0.268941 0.368680 0.500000 
0.440679 0.418249 0.279637 0.368680 0.323582 
0.440679 0.450239 0.289429 0.363716 0.323582 
0.440679 0.467912 0.298770 0.359195 0.325759 
0.440679 0.477885 0.307616 0.354907 0.327748 
0.440679 0.483736 0.315960 0.350867 0.329640 
0.440679 0.487306 0.323800 0.347075 0.331428 
0.440679 0.489553 0.331143 0.343531 0.333110 
0.440679 0.490996 0.338001 0.340226 0.334687 
0.440679 0.491921 0.344390 0.337154 0.336160 
0.440679 0.492499 0.350331 0.334305 0.337533 
0.440679 0.492829 0.355844 0.331666 0.338808 
0.440679 0.492973 0.360954 0.329226 0.339992 
0.440679 0.492971 0.365683 0.326973 0.341087 
0.440679 0.492848 0.370057 0.324895 0.342101 
0.440679 0.492619 0.374098 0.322979 0.343037 
0.440679 0.492297 0.377829 0.321215 0.343901 
0.440679 0.491887 0.381272 0.319590 0.344698 
0.440679 0.491395 0.384450 0.318094 0.345432 
0.440679 0.490825 0.387380 0.316717 0.346109 
0.440679 0.490179 0.390083 0.315450 0.346732 
0.440679 0.489460 0.392575 0.314284 0.347306 
0.440679 0.488670 0.394873 0.313211 0.347835 
0.440679 0.487813 0.396993 0.312223 0.348322 
0.440679 0.486891 0.398948 0.311314 0.348771 
0.440679 0.485908 0.400751 0.310476 0.349184 
0.440679 0.484869 0.402414 0.309704 0.349565 
0.440679 0.483778 0.403949 0.308994 0.349916 
0.440679 0.482640 0.405366 0.308338 0.350239 
0.440679 0.481461 0.406674 0.307735 0.350538 
0.440679 0.480246 0.407881 0.307178 0.350813 
0.440679 0.479002 0.408996 0.306664 0.351066 
0.440679 0.477735 0.410026 0.306190 0.351300 
0.440679 0.476452 0.410977 0.305753 0.351516 
0.440679 0.475158 0.411857 0.305349 0.351716 
0.440679 0.473859 0.412669 0.304976 0.351900 
0.440679 0.472561 0.413421 0.304632 0.352070 
0.440679 0.471270 0.414115 0.304313 0.352227 
0.440679 0.469991 0.414758 0.304019 0.352372 
0.440679 0.468728 0.415352 0.303748 0.352507 
0.440679 0.467486 0.415902 0.303496 0.352631 
0.440679 0.466268 0.416410 0.303264 0.352746 
0.440679 0.465079 0.416881 0.303049 0.352852 
0.440679 0.463920 0.417317 0.302850 0.352950 
0.440679 0.462794 0.417720 0.302666 0.353041 
0.440679 0.461704 0.418093 0.302496 0.353125 
0.440679 0.460650 0.418439 0.302338 0.353202 
0.440679 0.459635 0.418759 0.302193 0.353274 
0.440679 0.458658 0.419056 0.302058 0.353341 
0.440679 0.457721 0.419331 0.301933 0.353403 
0.440679 0.456823 0.419585 0.301817 0.353460 
0.440679 0.455964 0.419821 0.301710 0.353513 
0.440679 0.455145 0.420039 0.301610 0.353562 
0.440679 0.454364 0.420242 0.301518 0.353607 
0.440679 0.453621 0.420429 0.301433 0.353649 
0.440679 0.452916 0.420603 0.301354 0.353688 
0.440679 0.452247 0.420764 0.301281 0.353724 
0.440679 0.451612 0.420914 0.301213 0.353758 
0.440679 0.451012 0.421052 0.301150 0.353789 
0.440679 0.450445 0.421180 0.301092 0.353818 
0.440679 0.449909 0.421299 0.301038 0.353844 
0.440679 0.449404 0.421410 0.300988 0.353869 
0.440679 0.448928 0.421512 0.300941 0.353892 
0.440679 0.448479 0.421607 0.300898 0.353913 
0.440679 0.448058 0.421695 0.300858 0.353933 
0.440679 0.447661 0.421776 0.300821 0.353951 
0.440679 0.447288 0.421852 0.300787 0.353968 
0.440679 0.446938 0.421922 0.300755 0.353984 
0.440679 0.446610 0.421987 0.300726 0.353998 
0.440679 0.446302 0.422047 0.300699 0.354012 
0.440679 0.446014 0.422103 0.300673 0.354024 
0.440679 0.445744 0.422155 0.300650 0.354036 
0.440679 0.445491 0.422203 0.300628 0.354046 
0.440679 0.445254 0.422247 0.300608 0.354056 
0.440679 0.445033 0.422288 0.300589 0.354066 
0.440679 0.444826 0.422327 0.300572 0.354074 
0.440679 0.444633 0.422362 0.300556 0.354082 
0.440679 0.444452 0.422395 0.300541 0.354090 
0.440679 0.444284 0.422426 0.300527 0.354096 
0.440679 0.444126 0.422454 0.300514 0.354103 
0.440679 0.443979 0.422481 0.300502 0.354109 
0.440679 0.443842 0.422505 0.300491 0.354114 
0.440679 0.443714 0.422528 0.300481 0.354119 
0.440679 0.443595 0.422549 0.300471 0.354124 
0.440679 0.443483 0.422568 0.300462 0.354128 
0.440679 0.443380 0.422586 0.300454 0.354132 
0.440679 0.443283 0.422603 0.300447 0.354136 
0.440679 0.443193 0.422618 0.300440 0.354139 
0.440679 0.443109 0.422633 0.300433 0.354143 
0.440679 0.443031 0.422646 0.300427 0.354146 
0.440679 0.442959 0.422659 0.300421 0.354148 
0.440679 0.442891 0.422670 0.300416 0.354151 
0.440679 0.442828 0.422681 0.300411 0.354153 
0.440679 0.442769 0.422691 0.300407 0.354156 
0.440679 0.442715 0.422700 0.300403 0.354158 
0.440679 0.442664 0.422708 0.300399 0.354159 
0.440679 0.442617 0.422716 0.300395 0.354161 
0.440679 0.442573 0.422724 0.300392 0.354163 
0.440679 0.442532 0.422730 0.300389 0.354164 
0.440679 0.268941 0.268941 0.500000 0.500000 
0.440679 0.362982 0.299199 0.368680 0.500000 
0.440679 0.411034 0.324440 0.354710 0.323582 
0.440679 0.437393 0.341839 0.343242 0.329727 
0.440679 0.452318 0.354857 0.335441 0.334816 
0.440679 0.461212 0.365133 0.329662 0.338299 
0.440679 0.466711 0.373568 0.325136 0.340891 
0.440679 0.470167 0.380689 0.321446 0.342928 
0.440679 0.472310 0.386826 0.318347 0.344593 
0.440679 0.473559 0.392202 0.315690 0.345994 
0.440679 0.474166 0.396972 0.313372 0.347198 
0.440679 0.474284 0.401252 0.311322 0.348249 
0.440679 0.474016 0.405130 0.309490 0.349180 
0.440679 0.473426 0.408676 0.307835 0.350013 
0.440679 0.472560 0.411944 0.306326 0.350767 
0.440679 0.471448 0.414982 0.304939 0.351454 
0.440679 0.470113 0.417826 0.303653 0.352087 
0.440679 0.468568 0.420509 0.302451 0.352674 
0.440679 0.466825 0.423057 0.301320 0.353223 
0.440679 0.464892 0.425494 0.300249 0.353740 
0.440679 0.462773 0.427839 0.299226 0.354230 
0.440679 0.460471 0.430107 0.298243 0.354698 
0.440679 0.457990 0.432315 0.297294 0.355148 
0.440679 0.455328 0.434472 0.296373 0.355583 
0.440679 0.452488 0.436590 0.295474 0.356005 
0.440679 0.449466 0.438677 0.294593 0.356417 
0.440679 0.446264 0.440739 0.293727 0.356822 
0.440679 0.442877 0.442781 0.292872 0.357219 
0.440679 0.439306 0.444809 0.292026 0.357612 
0.440679 0.435546 0.446825 0.291189 0.358001 
0.440679 0.431598 0.448831 0.290357 0.358386 
0.440679 0.427458 0.450828 0.289531 0.358768 
0.440679 0.423127 0.452817 0.288710 0.359148 
0.440679 0.418603 0.454796 0.287894 0.359526 
0.440679 0.413889 0.456765 0.287083 0.359902 
0.440679 0.408986 0.458720 0.286278 0.360276 
0.440679 0.403899 0.460660 0.285480 0.360647 
0.440679 0.398634 0.462581 0.284689 0.361016 
0.440679 0.393199 0.464479 0.283907 0.361380 
0.440679 0.387606 0.466349 0.283136 0.361741 
0.440679 0.381867 0.468187 0.282378 0.362097 
0.440679 0.376000 0.469988 0.281633 0.362448 
0.440679 0.370022 0.471746 0.280905 0.362792 
0.440679 0.363955 0.473457 0.280195 0.363129 
0.440679 0.357824 0.475116 0.279506 0.363457 
0.440679 0.351652 0.476717 0.278838 0.363776 
0.440679 0.345469 0.478257 0.278195 0.364085 
0.440679 0.339301 0.479731 0.277577 0.364383 
0.440679 0.333178 0.481136 0.276986 0.364670 
0.440679 0.327127 0.482471 0.276423 0.364943 
0.440679 0.321175 0.483732 0.275890 0.365204 
0.440679 0.315349 0.484920 0.275386 0.365452 
0.440679 0.309672 0.486033 0.274913 0.365685 
0.440679 0.304164 0.487073 0.274469 0.365905 
0.440679 0.298845 0.488040 0.274055 0.366111 
0.440679 0.293728 0.488937 0.273670 0.366303 
0.440679 0.288825 0.489766 0.273314 0.366482 
0.440679 0.284146 0.490529 0.272985 0.366647 
0.440679 0.279695 0.491230 0.272682 0.366800 
0.440679 0.275475 0.491873 0.272404 0.366941 
0.440679 0.271486 0.492461 0.272149 0.367070 
0.440679 0.267726 0.492998 0.271916 0.367188 
0.440679 0.264191 0.493487 0.271704 0.367297 
0.440679 0.260875 0.493932 0.271510 0.367395 
0.440679 0.257770 0.494337 0.271334 0.367485 
0.440679 0.254870 0.494705 0.271174 0.367567 
0.440679 0.252164 0.495039 0.271029 0.367642 
0.440679 0.249643 0.495343 0.270897 0.367709 
0.440679 0.247298 0.495618 0.270777 0.367771 
0.440679 0.245119 0.495868 0.270668 0.367826 
0.440679 0.243097 0.496095 0.270569 0.367877 
0.440679 0.241221 0.496301 0.270480 0.367923 
0.440679 0.239483 0.496488 0.270399 0.367964 
0.440679 0.237873 0.496658 0.270325 0.368002 
0.440679 0.236383 0.496813 0.270257 0.368037 
0.440679 0.235005 0.496954 0.270196 0.368068 
0.440679 0.233730 0.497083 0.270141 0.368096 
0.440679 0.232552 0.497200 0.270090 0.368122 
0.440679 0.231463 0.497306 0.270044 0.368146 
0.440679 0.230458 0.497404 0.270002 0.368167 
0.440679 0.229529 0.497493 0.269963 0.368187 
0.440679 0.228671 0.497575 0.269928 0.368205 
0.440679 0.227879 0.497649 0.269896 0.368221 
0.440679 0.227147 0.497717 0.269867 0.368236 
0.440679 0.226472 0.497780 0.269840 0.368250 
0.440679 0.225849 0.497837 0.269815 0.368262 
0.440679 0.225273 0.497890 0.269793 0.368274 
0.440679 0.224742 0.497939 0.269772 0.368284 
0.440679 0.224252 0.497983 0.269753 0.368294 
0.440679 0.223800 0.498024 0.269735 0.368303 
0.440679 0.223382 0.498062 0.269719 0.368311 
0.440679 0.222996 0.498096 0.269704 0.368318 
0.440679 0.222640 0.498128 0.269691 0.368325 
0.440679 0.222312 0.498158 0.269678 0.368332 
0.440679 0.222008 0.498185 0.269666 0.368337 
0.440679 0.221728 0.498210 0.269656 0.368343 
0.440679 0.221470 0.498233 0.269646 0.368348 
0.440679 0.221231 0.498255 0.269637 0.368352 
0.440679 0.221010 0.498274 0.269628 0.368357 
0.440679 0.220807 0.498293 0.269620 0.368361 
0.440679 0.268941 0.268941 0.500000 0.500000 
0.440679 0.362982 0.299199 0.368680 0.500000 
0.440679 0.381332 0.324440 0.354710 0.323582 
0.440679 0.381443 0.345518 0.343242 0.329727 
0.440679 0.374340 0.364592 0.333803 0.334816 
0.440679 0.364177 0.382229 0.325374 0.339033 
0.440679 0.352806 0.398510 0.317679 0.342821 
0.440679 0.341208 0.413346 0.310663 0.346297 
0.440679 0.329976 0.426627 0.304345 0.349480 
0.440679 0.319487 0.438284 0.298751 0.352358 
0.440679 0.309978 0.448324 0.293889 0.354915 
0.440679 0.301573 0.456823 0.289740 0.357145 
0.440679 0.294304 0.463914 0.286254 0.359052 
0.440679 0.288130 0.469762 0.283366 0.360658 
0.440679 0.282966 0.474545 0.280997 0.361991 
0.440679 0.278696 0.478438 0.279068 0.363086 
0.440679 0.275197 0.481597 0.277504 0.363979 
0.440679 0.272345 0.484161 0.276239 0.364703 
0.440679 0.270030 0.486246 0.275215 0.365290 
0.440679 0.268151 0.487946 0.274384 0.365765 
0.440679 0.266627 0.489339 0.273708 0.366150 
0.440679 0.265387 0.490485 0.273154 0.366464 
0.440679 0.264376 0.491433 0.272700 0.366721 
0.440679 0.263546 0.492222 0.272323 0.366933 
0.440679 0.262863 0.492883 0.272011 0.367107 
0.440679 0.262298 0.493439 0.271749 0.367253 
0.440679 0.261827 0.493909 0.271529 0.367374 
0.440679 0.261432 0.494309 0.271343 0.367476 
0.440679 0.261100 0.494651 0.271185 0.367563 
0.440679 0.260819 0.494945 0.271050 0.367636 
0.440679 0.260579 0.495199 0.270934 0.367699 
0.440679 0.260374 0.495418 0.270834 0.367753 
0.440679 0.260198 0.495609 0.270747 0.367800 
0.440679 0.260046 0.495776 0.270671 0.367840 
0.440679 0.259915 0.495922 0.270606 0.367875 
0.440679 0.259800 0.496050 0.270548 0.367906 
0.440679 0.259700 0.496162 0.270498 0.367933 
0.440679 0.259612 0.496262 0.270453 0.367956 
0.440679 0.259535 0.496350 0.270414 0.367977 
0.440679 0.259467 0.496428 0.270379 0.367995 
0.440679 0.259407 0.496497 0.270348 0.368011 
0.440679 0.259354 0.496559 0.270321 0.368026 
0.440679 0.259307 0.496614 0.270297 0.368038 
0.440679 0.259266 0.496663 0.270275 0.368050 
0.440679 0.259228 0.496707 0.270256 0.368060 
0.440679 0.259195 0.496746 0.270238 0.368069 
0.440679 0.259166 0.496781 0.270223 0.368077 
0.440679 0.259139 0.496812 0.270209 0.368084 
0.440679 0.259116 0.496841 0.270197 0.368090 
0.440679 0.259094 0.496866 0.270186 0.368096 
0.440679 0.259075 0.496889 0.270176 0.368101 
0.440679 0.259058 0.496909 0.270167 0.368106 
0.440679 0.259043 0.496928 0.270158 0.368110 
0.440679 0.259029 0.496944 0.270151 0.368114 
0.440679 0.259017 0.496959 0.270145 0.368117 
0.440679 0.259006 0.496973 0.270139 0.368120 
0.440679 0.258996 0.496985 0.270133 0.368123 
0.440679 0.258986 0.496996 0.270129 0.368125 
0.440679 0.258978 0.497006 0.270124 0.368128 
0.440679 0.258971 0.497015 0.270120 0.368130 
0.440679 0.258964 0.497023 0.270117 0.368132 
0.440679 0.258958 0.497030 0.270114 0.368133 
0.440679 0.258953 0.497036 0.270111 0.368135 
0.440679 0.258948 0.497042 0.270108 0.368136 
0.440679 0.258944 0.497048 0.270106 0.368137 
0.440679 0.258940 0.497053 0.270104 0.368138 
0.440679 0.258936 0.497057 0.270102 0.368139 
0.440679 0.258933 0.497061 0.270100 0.368140 
0.440679 0.258930 0.497064 0.270099 0.368141 
0.440679 0.258927 0.497068 0.270097 0.368142 
0.440679 0.258925 0.497071 0.270096 0.368142 
0.440679 0.258923 0.497073 0.270095 0.368143 
0.440679 0.258921 0.497076 0.270094 0.368143 
0.440679 0.258919 0.497078 0.270093 0.368144 
0.440679 0.258917 0.497080 0.270092 0.368144 
0.440679 0.258916 0.497081 0.270091 0.368145 
0.440679 0.258915 0.497083 0.270091 0.368145 
0.440679 0.258914 0.497084 0.270090 0.368145 
0.440679 0.258912 0.497086 0.270089 0.368146 
0.440679 0.258911 0.497087 0.270089 0.368146 
0.440679 0.258911 0.497088 0.270088 0.368146 
0.440679 0.258910 0.497089 0.270088 0.368146 
0.440679 0.258909 0.497090 0.270088 0.368147 
0.440679 0.258908 0.497091 0.270087 0.368147 
0.440679 0.258908 0.497091 0.270087 0.368147 
0.440679 0.258907 0.497092 0.270087 0.368147 
0.440679 0.258907 0.497093 0.270086 0.368147 
0.440679 0.258906 0.497093 0.270086 0.368147 
0.440679 0.258906 0.497094 0.270086 0.368147 
0.440679 0.258906 0.497094 0.270086 0.368148 
0.440679 0.258905 0.497094 0.270086 0.368148 
0.440679 0.258905 0.497095 0.270085 0.368148 
0.440679 0.258905 0.497095 0.270085 0.368148 
0.440679 0.258905 0.497095 0.270085 0.368148 
0.440679 0.258904 0.497096 0.270085 0.368148 
0.440679 0.258904 0.497096 0.270085 0.368148 
0.440679 0.258904 0.497096 0.270085 0.368148 
0.440679 0.258904 0.497096 0.270085 0.368148 
0.440679 0.258904 0.497096 0.270085 0.368148 
0.440679 0.258904 0.497097 0.270085 0.368148 
0.440679 0.268941 0.268941 0.500000 0.500000 
0.440679 0.362982 0.299199 0.368680 0.500000 
0.440679 0.381332 0.340689 0.354710 0.323582 
0.440679 0.376962 0.376007 0.335954 0.329727 
0.440679 0.362625 0.407204 0.320382 0.338070 
0.440679 0.344183 0.433243 0.306952 0.345074 
0.440679 0.325183 0.453636 0.295986 0.351169 
0.440679 0.307971 0.468617 0.287558 0.356182 
0.440679 0.293768 0.479037 0.281460 0.360057 
0.440679 0.282845 0.486006 0.277264 0.362872 
0.440679 0.274868 0.490563 0.274480 0.364815 
0.440679 0.269254 0.493519 0.272669 0.366106 
0.440679 0.265398 0.495446 0.271497 0.366947 
0.440679 0.262790 0.496718 0.270736 0.367491 
0.440679 0.261039 0.497572 0.270234 0.367845 
0.440679 0.259863 0.498156 0.269897 0.368079 
0.440679 0.259072 0.498565 0.269667 0.368235 
0.440679 0.258533 0.498857 0.269506 0.368343 
0.440679 0.258163 0.499070 0.269391 0.368417 
0.440679 0.257904 0.499229 0.269307 0.368471 
0.440679 0.257721 0.499348 0.269245 0.368510 
0.440679 0.257588 0.499440 0.269198 0.368539 
0.440679 0.257490 0.499512 0.269162 0.368561 
0.440679 0.257417 0.499569 0.269133 0.368578 
0.440679 0.257361 0.499615 0.269111 0.368591 
0.440679 0.257318 0.499652 0.269093 0.368601 
0.440679 0.257284 0.499682 0.269078 0.368610 
0.440679 0.257256 0.499707 0.269067 0.368616 
0.440679 0.257234 0.499728 0.269057 0.368622 
0.440679 0.257216 0.499745 0.269049 0.368627 
0.440679 0.257202 0.499760 0.269042 0.368630 
0.440679 0.257189 0.499772 0.269036 0.368634 
0.440679 0.257179 0.499783 0.269031 0.368636 
0.440679 0.257170 0.499792 0.269027 0.368639 
0.440679 0.257163 0.499800 0.269023 0.368641 
0.440679 0.257156 0.499807 0.269020 0.368642 
0.440679 0.257151 0.499813 0.269017 0.368644 
0.440679 0.257146 0.499819 0.269015 0.368645 
0.440679 0.257142 0.499823 0.269013 0.368646 
0.440679 0.257138 0.499827 0.269011 0.368647 
0.440679 0.257135 0.499831 0.269009 0.368648 
0.440679 0.257132 0.499834 0.269008 0.368649 
0.440679 0.257130 0.499837 0.269007 0.368649 
0.440679 0.257128 0.499839 0.269006 0.368650 
0.440679 0.257126 0.499842 0.269005 0.368650 
0.440679 0.257124 0.499844 0.269004 0.368651 
0.440679 0.257123 0.499845 0.269003 0.368651 
0.440679 0.257121 0.499847 0.269002 0.368652 
0.440679 0.257120 0.499848 0.269002 0.368652 
0.440679 0.257119 0.499849 0.269001 0.368652 
0.440679 0.257118 0.499851 0.269001 0.368652 
0.440679 0.257117 0.499852 0.269000 0.368653 
0.440679 0.257117 0.499852 0.269000 0.368653 
0.440679 0.257116 0.499853 0.268999 0.368653 
0.440679 0.257115 0.499854 0.268999 0.368653 
0.440679 0.257115 0.499855 0.268999 0.368653 
0.440679 0.257114 0.499855 0.268999 0.368653 
0.440679 0.257114 0.499856 0.268998 0.368654 
0.440679 0.257114 0.499856 0.268998 0.368654 
0.440679 0.257113 0.499857 0.268998 0.368654 
0.440679 0.257113 0.499857 0.268998 0.368654 
0.440679 0.257113 0.499857 0.268998 0.368654 
0.440679 0.257112 0.499858 0.268998 0.368654 
0.440679 0.257112 0.499858 0.268997 0.368654 
0.440679 0.257112 0.499858 0.268997 0.368654 
0.440679 0.257112 0.499858 0.268997 0.368654 
0.440679 0.257112 0.499858 0.268997 0.368654 
0.440679 0.257112 0.499859 0.268997 0.368654 
0.440679 0.257111 0.499859 0.268997 0.368654 
0.440679 0.257111 0.499859 0.268997 0.368654 
0.440679 0.257111 0.499859 0.268997 0.368654 
0.440679 0.257111 0.499859 0.268997 0.368654 
0.440679 0.257111 0.499859 0.268997 0.368654 
0.440679 0.257111 0.499859 0.268997 0.368654 
0.440679 0.257111 0.499859 0.268997 0.368654 
0.440679 0.257111 0.499860 0.268997 0.368654 
0.440679 0.257111 0.499860 0.268997 0.368654 
0.440679 0.257111 0.499860 0.268997 0.368655 
0.440679 0.257111 0.499860 0.268997 0.368655 
0.440679 0.257111 0.499860 0.268997 0.368655 
0.440679 0.257111 0.499860 0.268997 0.368655 
0.440679 0.257111 0.499860 0.268997 0.368655 
0.440679 0.257110 0.499860 0.268997 0.368655 
0.440679 0.257110 0.499860 0.268997 0.368655 
0.440679 0.257110 0.499860 0.268997 0.368655 
0.440679 0.257110 0.499860 0.268997 0.368655 
0.440679 0.257110 0.499860 0.268996 0.368655 
0.440679 0.257110 0.499860 0.268996 0.368655 
0.440679 0.257110 0.499860 0.268996 0.368655 
0.440679 0.257110 0.499860 0.268996 0.368655 
0.440679 0.257110 0.499860 0.268996 0.368655 
0.440679 0.257110 0.499860 0.268996 0.368655 
0.440679 0.257110 0.499860 0.268996 0.368655 
0.440679 0.257110 0.499860 0.268996 0.368655 
0.440679 0.257110 0.499860 0.268996 0.368655 
0.440679 0.257110 0.499860 0.268996 0.368655 
0.440679 0.257110 0.499860 0.268996 0.368655 
0.440679 0.257110 0.499860 0.268996 0.368655 
0.440679 0.257110 0.499860 0.268996 0.368655 
0.440679 0.257110 0.499860 0.268996 0.368655 
0.440679 0.268941 0.268941 0.500000 0.500000 
0.440679 0.362982 0.299199 0.368680 0.500000 
0.440679 0.381332 0.340689 0.354710 0.323582 
0.440679 0.376962 0.376007 0.335954 0.329727 
0.440679 0.362625 0.407204 0.320382 0.338070 
0.440679 0.344183 0.433243 0.306952 0.345074 
0.440679 0.325183 0.453636 0.295986 0.351169 
0.440679 0.307971 0.468617 0.287558 0.356182 
0.440679 0.293768 0.479037 0.281460 0.360057 
0.440679 0.282845 0.486006 0.277264 0.362872 
0.440679 0.274868 0.490563 0.274480 0.364815 
0.440679 0.269254 0.493519 0.272669 0.366106 
0.440679 0.265398 0.495446 0.271497 0.366947 
0.440679 0.262790 0.496718 0.270736 0.367491 
0.440679 0.261039 0.497572 0.270234 0.367845 
0.440679 0.259863 0.498156 0.269897 0.368079 
0.440679 0.259072 0.498565 0.269667 0.368235 
0.440679 0.258533 0.498857 0.269506 0.368343 
0.440679 0.258163 0.499070 0.269391 0.368417 
0.440679 0.257904 0.499229 0.269307 0.368471 
0.440679 0.257721 0.499348 0.269245 0.368510 
0.440679 0.257588 0.499440 0.269198 0.368539 
0.440679 0.257490 0.499512 0.269162 0.368561 
0.440679 0.257417 0.499569 0.269133 0.368578 
0.440679 0.257361 0.499615 0.269111 0.368591 
0.440679 0.257318 0.499652 0.269093 0.368601 
0.440679 0.257284 0.499682 0.269078 0.368610 
0.440679 0.257256 0.499707 0.269067 0.368616 
0.440679 0.257234 0.499728 0.269057 0.368622 
0.440679 0.257216 0.499745 0.269049 0.368627 
0.440679 0.257202 0.499760 0.269042 0.368630 
0.440679 0.257189 0.499772 0.269036 0.368634 
0.440679 0.257179 0.499783 0.269031 0.368636 
0.440679 0.257170 0.499792 0.269027 0.368639 
0.440679 0.257163 0.499800 0.269023 0.368641 
0.440679 0.257156 0.499807 0.269020 0.368642 
0.440679 0.257151 0.499813 0.269017 0.368644 
0.440679 0.257146 0.499819 0.269015 0.368645 
0.440679 0.257142 0.499823 0.269013 0.368646 
0.440679 0.257138 0.499827 0.269011 0.368647 
0.440679 0.257135 0.499831 0.269009 0.368648 
0.440679 0.257132 0.499834 0.269008 0.368649 
0.440679 0.257130 0.499837 0.269007 0.368649 
0.440679 0.257128 0.499839 0.269006 0.368650 
0.440679 0.257126 0.499842 0.269005 0.368650 
0.440679 0.257124 0.499844 0.269004 0.368651 
0.440679 0.257123 0.499845 0.269003 0.368651 
0.440679 0.257121 0.499847 0.269002 0.368652 
0.440679 0.257120 0.499848 0.269002 0.368652 
0.440679 0.257119 0.499849 0.269001 0.368652 
0.440679 0.257118 0.499851 0.269001 0.368652 
0.440679 0.257117 0.499852 0.269000 0.368653 
0.440679 0.257117 0.499852 0.269000 0.368653 
0.440679 0.257116 0.499853 0.268999 0.368653 
0.440679 0.257115 0.499854 0.268999 0.368653 
0.440679 0.257115 0.499855 0.268999 0.368653 
0.440679 0.257114 0.499855 0.268999 0.368653 
0.440679 0.257114 0.499856 0.268998 0.368654 
0.440679 0.257114 0.499856 0.268998 0.368654 
0.440679 0.257113 0.499857 0.268998 0.368654 
0.440679 0.257113 0.499857 0.268998 0.368654 
0.440679 0.257113 0.499857 0.268998 0.368654 
0.440679 0.257112 0.499858 0.268998 0.368654 
0.440679 0.257112 0.499858 0.268997 0.368654 
0.440679 0.257112 0.499858 0.268997 0.368654 
0.440679 0.257112 0.499858 0.268997 0.368654 
0.440679 0.257112 0.499858 0.268997 0.368654 
0.440679 0.257112 0.499859 0.268997 0.368654 
0.440679 0.257111 0.499859 0.268997 0.368654 
0.440679 0.257111 0.499859 0.268997 0.368654 
0.440679 0.257111 0.499859 0.268997 0.368654 
0.440679 0.257111 0.499859 0.268997 0.368654 
0.440679 0.257111 0.499859 0.268997 0.368654 
0.440679 0.257111 0.499859 0.268997 0.368654 
0.440679 0.257111 0.499859 0.268997 0.368654 
0.440679 0.257111 0.499860 0.268997 0.368654 
0.440679 0.257111 0.499860 0.268997 0.368654 
0.440679 0.257111 0.499860 0.268997 0.368655 
0.440679 0.257111 0.499860 0.268997 0.368655 
0.440679 0.257111 0.499860 0.268997 0.368655 
0.440679 0.257111 0.499860 0.268997 0.368655 
0.440679 0.257111 0.499860 0.268997 0.368655 
0.440679 0.257110 0.499860 0.268997 0.368655 
0.440679 0.257110 0.499860 0.268997 0.368655 
0.440679 0.257110 0.499860 0.268997 0.368655 
0.440679 0.257110 0.499860 0.268997 0.368655 
0.440679 0.257110 0.499860 0.268996 0.368655 
0.440679 0.257110 0.499860 0.268996 0.368655 
0.440679 0.257110 0.499860 0.268996 0.368655 
0.440679 0.257110 0.499860 0.268996 0.368655 
0.440679 0.257110 0.499860 0.268996 0.368655 
0.440679 0.257110 0.499860 0.268996 0.368655 
0.440679 0.257110 0.499860 0.268996 0.368655 
0.440679 0.257110 0.499860 0.268996 0.368655 
0.440679 0.257110 0.499860 0.268996 0.368655 
0.440679 0.257110 0.499860 0.268996 0.368655 
0.440679 0.257110 0.499860 0.268996 0.368655 
0.440679 0.257110 0.499860 0.268996 0.368655 
0.440679 0.257110 0.499860 0.268996 0.368655 
0.440679 0.257110 0.499860 0.268996 0.368655 
0.440679 0.268941 0.268941 0.500000 0.500000 
0.440679 0.362982 0.240693 0.368680 0.500000 
0.440679 0.398531 0.252619 0.381925 0.323582 
0.440679 0.411825 0.265457 0.376311 0.317811 
0.440679 0.414286 0.280248 0.370304 0.320250 
0.440679 0.411304 0.295498 0.363433 0.322871 
0.440679 0.405309 0.310507 0.356406 0.325883 
0.440679 0.397634 0.324776 0.349551 0.328978 
0.440679 0.389128 0.337988 0.343090 0.332011 
0.440679 0.380385 0.349963 0.337160 0.334883 
0.440679 0.371828 0.360635 0.331829 0.337530 
0.440679 0.363743 0.370023 0.327113 0.339919 
0.440679 0.356307 0.378202 0.322994 0.342038 
0.440679 0.349606 0.385280 0.319428 0.343894 
0.440679 0.343661 0.391381 0.316358 0.345505 
0.440679 0.338445 0.396627 0.313725 0.346895 
0.440679 0.333905 0.401135 0.311470 0.348089 
0.440679 0.329976 0.405012 0.309540 0.349113 
0.440679 0.326584 0.408348 0.307886 0.349991 
0.440679 0.323660 0.411226 0.306465 0.350744 
0.440679 0.321141 0.413713 0.305243 0.351391 
0.440679 0.318968 0.415866 0.304190 0.351948 
0.440679 0.317092 0.417735 0.303279 0.352429 
0.440679 0.315469 0.419361 0.302490 0.352845 
0.440679 0.314063 0.420778 0.301804 0.353205 
0.440679 0.312841 0.422015 0.301207 0.353519 
0.440679 0.311779 0.423098 0.300687 0.353792 
0.440679 0.310852 0.424047 0.300231 0.354030 
0.440679 0.310043 0.424879 0.299833 0.354238 
0.440679 0.309335 0.425610 0.299484 0.354420 
0.440679 0.308714 0.426254 0.299177 0.354580 
0.440679 0.308170 0.426821 0.298907 0.354720 
0.440679 0.307691 0.427320 0.298670 0.354844 
0.440679 0.307270 0.427761 0.298460 0.354953 
0.440679 0.306900 0.428150 0.298276 0.355049 
0.440679 0.306573 0.428494 0.298113 0.355133 
0.440679 0.306284 0.428798 0.297969 0.355208 
0.440679 0.306030 0.429067 0.297842 0.355274 
0.440679 0.305805 0.429306 0.297729 0.355332 
0.440679 0.305606 0.429516 0.297630 0.355383 
0.440679 0.305430 0.429703 0.297541 0.355429 
0.440679 0.305274 0.429869 0.297463 0.355469 
0.440679 0.305136 0.430015 0.297394 0.355505 
0.440679 0.305014 0.430145 0.297333 0.355537 
0.440679 0.304906 0.430261 0.297279 0.355565 
0.440679 0.304810 0.430363 0.297230 0.355590 
0.440679 0.304725 0.430454 0.297188 0.355612 
0.440679 0.304649 0.430534 0.297150 0.355632 
0.440679 0.304582 0.430606 0.297116 0.355649 
0.440679 0.304523 0.430669 0.297086 0.355664 
0.440679 0.304470 0.430725 0.297060 0.355678 
0.440679 0.304423 0.430775 0.297036 0.355690 
0.440679 0.304382 0.430820 0.297016 0.355701 
0.440679 0.304345 0.430859 0.296997 0.355710 
0.440679 0.304312 0.430894 0.296981 0.355719 
0.440679 0.304283 0.430925 0.296966 0.355726 
0.440679 0.304258 0.430952 0.296953 0.355733 
0.440679 0.304235 0.430977 0.296941 0.355739 
0.440679 0.304214 0.430999 0.296931 0.355744 
0.440679 0.304196 0.431018 0.296922 0.355749 
0.440679 0.304180 0.431035 0.296914 0.355753 
0.440679 0.304166 0.431050 0.296907 0.355757 
0.440679 0.304154 0.431064 0.296901 0.355760 
0.440679 0.304142 0.431076 0.296895 0.355763 
0.440679 0.304132 0.431087 0.296890 0.355766 
0.440679 0.304123 0.431096 0.296885 0.355768 
0.440679 0.304116 0.431105 0.296881 0.355770 
0.440679 0.304109 0.431112 0.296878 0.355772 
0.440679 0.304102 0.431119 0.296875 0.355774 
0.440679 0.304097 0.431125 0.296872 0.355775 
0.440679 0.304092 0.431130 0.296870 0.355776 
0.440679 0.304088 0.431135 0.296867 0.355777 
0.440679 0.304084 0.431139 0.296865 0.355778 
0.440679 0.304080 0.431142 0.296864 0.355779 
0.440679 0.304077 0.431146 0.296862 0.355780 
0.440679 0.304075 0.431149 0.296861 0.355781 
0.440679 0.304072 0.431151 0.296860 0.355781 
0.440679 0.304070 0.431153 0.296859 0.355782 
0.440679 0.304068 0.431156 0.296858 0.355782 
0.440679 0.304066 0.431157 0.296857 0.355783 
0.440679 0.304065 0.431159 0.296856 0.355783 
0.440679 0.304064 0.431160 0.296855 0.355784 
0.440679 0.304062 0.431162 0.296855 0.355784 
0.440679 0.304061 0.431163 0.296854 0.355784 
0.440679 0.304060 0.431164 0.296854 0.355784 
0.440679 0.304060 0.431165 0.296853 0.355785 
0.440679 0.304059 0.431165 0.296853 0.355785 
0.440679 0.304058 0.431166 0.296853 0.355785 
0.440679 0.304058 0.431167 0.296852 0.355785 
0.440679 0.304057 0.431167 0.296852 0.355785 
0.440679 0.304057 0.431168 0.296852 0.355785 
0.440679 0.304056 0.431168 0.296852 0.355786 
0.440679 0.304056 0.431169 0.296851 0.355786 
0.440679 0.304056 0.431169 0.296851 0.355786 
0.440679 0.304055 0.431169 0.296851 0.355786 
0.440679 0.304055 0.431170 0.296851 0.355786 
0.440679 0.304055 0.431170 0.296851 0.355786 
0.440679 0.304055 0.431170 0.296851 0.355786 
0.440679 0.304054 0.431170 0.296851 0.355786 
0.440679 0.304054 0.431170 0.296851 0.355786 
0.440679 0.268941 0.268941 0.500000 0.500000 
0.440679 0.226745 0.240693 0.368680 0.500000 
0.440679 0.190705 0.234607 0.381925 0.323582 
0.440679 0.500000 0.221544 0.384803 0.317811 
0.440679 0.500000 0.246300 0.391005 0.316565 
0.440679 0.500000 0.269664 0.379281 0.313887 
0.440679 0.500000 0.294378 0.368344 0.318958 
0.440679 0.500000 0.319437 0.356920 0.323729 
0.440679 0.500000 0.344080 0.345501 0.328751 
0.440679 0.192193 0.367504 0.334442 0.333810 
0.440679 0.199980 0.349944 0.324097 0.338747 
0.440679 0.199436 0.337252 0.331837 0.343397 
0.440679 0.197235 0.323682 0.337489 0.339915 
0.440679 0.193863 0.309581 0.343584 0.337383 
0.440679 0.189894 0.294814 0.349972 0.334663 
0.440679 0.500000 0.279461 0.356720 0.331825 
0.440679 0.500000 0.308443 0.363797 0.328839 
0.440679 0.500000 0.332969 0.350490 0.325723 
0.440679 0.190516 0.357081 0.339407 0.331595 
0.440679 0.197402 0.338659 0.328680 0.336526 
0.440679 0.196242 0.325309 0.336860 0.341333 
0.440679 0.193660 0.311009 0.342850 0.337664 
0.440679 0.190023 0.296221 0.349323 0.334990 
0.440679 0.500000 0.280874 0.356075 0.332113 
0.440679 0.500000 0.309887 0.363143 0.329124 
0.440679 0.500000 0.334384 0.349833 0.326010 
0.440679 0.190960 0.358423 0.338773 0.331886 
0.440679 0.197855 0.340150 0.328088 0.336809 
0.440679 0.196720 0.326902 0.336194 0.341599 
0.440679 0.194161 0.312703 0.342133 0.337962 
0.440679 0.190545 0.298004 0.348553 0.335310 
0.440679 0.500000 0.282726 0.355258 0.332454 
0.440679 0.500000 0.311768 0.362287 0.329485 
0.440679 0.500000 0.336224 0.348978 0.326387 
0.440679 0.191560 0.360163 0.337949 0.332266 
0.440679 0.198458 0.342091 0.327321 0.337178 
0.440679 0.197348 0.328979 0.335328 0.341944 
0.440679 0.194817 0.314915 0.341199 0.338350 
0.440679 0.191229 0.300335 0.347549 0.335726 
0.440679 0.500000 0.285153 0.354191 0.332900 
0.440679 0.500000 0.314224 0.361166 0.329957 
0.440679 0.500000 0.338620 0.347863 0.326880 
0.440679 0.192347 0.362423 0.336878 0.332761 
0.440679 0.199244 0.344615 0.326327 0.337657 
0.440679 0.198169 0.331681 0.334204 0.342392 
0.440679 0.195674 0.317796 0.339985 0.338853 
0.440679 0.192123 0.303378 0.346243 0.336268 
0.440679 0.500000 0.288329 0.352800 0.333480 
0.440679 0.500000 0.317423 0.359702 0.330572 
0.440679 0.500000 0.341730 0.346413 0.327524 
0.440679 0.193373 0.365343 0.335490 0.333405 
0.440679 0.200268 0.347883 0.325044 0.338278 
0.440679 0.199237 0.335183 0.332752 0.342970 
0.440679 0.196790 0.321539 0.338415 0.339504 
0.440679 0.193290 0.307339 0.344551 0.336969 
0.440679 0.189249 0.292475 0.350993 0.334233 
0.440679 0.500000 0.277046 0.357794 0.331372 
0.440679 0.500000 0.305975 0.364916 0.328365 
0.440679 0.500000 0.330543 0.351614 0.325232 
0.440679 0.189733 0.354776 0.340496 0.331097 
0.440679 0.196611 0.336095 0.329698 0.336040 
0.440679 0.195417 0.322571 0.338006 0.340875 
0.440679 0.192800 0.308099 0.344085 0.337152 
0.440679 0.189128 0.293165 0.350646 0.334440 
0.440679 0.500000 0.277707 0.357478 0.331526 
0.440679 0.500000 0.306656 0.364609 0.328505 
0.440679 0.500000 0.331213 0.351304 0.325366 
0.440679 0.189930 0.355413 0.340195 0.331234 
0.440679 0.196819 0.336800 0.329416 0.336174 
0.440679 0.195639 0.323321 0.337691 0.341002 
0.440679 0.193034 0.308896 0.343746 0.337293 
0.440679 0.189372 0.294000 0.350284 0.334591 
0.440679 0.500000 0.278571 0.357094 0.331686 
0.440679 0.500000 0.307540 0.364209 0.328674 
0.440679 0.500000 0.332081 0.350901 0.325542 
0.440679 0.190211 0.356239 0.339805 0.331413 
0.440679 0.197102 0.337718 0.329052 0.336348 
0.440679 0.195935 0.324303 0.337280 0.341166 
0.440679 0.193342 0.309938 0.343304 0.337476 
0.440679 0.189692 0.295095 0.349810 0.334788 
0.440679 0.500000 0.279706 0.356591 0.331897 
0.440679 0.500000 0.308698 0.363683 0.328896 
0.440679 0.500000 0.333218 0.350374 0.325773 
0.440679 0.190580 0.357318 0.339295 0.331646 
0.440679 0.197474 0.338919 0.328575 0.336576 
0.440679 0.196322 0.325586 0.336744 0.341380 
0.440679 0.193746 0.311302 0.342726 0.337716 
0.440679 0.190113 0.296530 0.349189 0.335046 
0.440679 0.500000 0.281194 0.355933 0.332172 
0.440679 0.500000 0.310213 0.362995 0.329187 
0.440679 0.500000 0.334703 0.349685 0.326075 
0.440679 0.191064 0.358725 0.338630 0.331952 
0.440679 0.197960 0.340487 0.327955 0.336873 
0.440679 0.196828 0.327262 0.336044 0.341659 
0.440679 0.194274 0.313086 0.341971 0.338029 
0.440679 0.190663 0.298407 0.348379 0.335382 
0.440679 0.500000 0.283146 0.355073 0.332531 
0.440679 0.500000 0.312194 0.362093 0.329567 
0.440679 0.500000 0.336640 0.348784 0.326472 
0.440679 0.191696 0.360556 0.337763 0.332352 
