0.500000 0.268941 0.268941 0.500000 0.500000 
0.500000 0.288982 0.500000 0.368680 0.500000 
0.500000 0.265500 0.500000 0.500000 0.323582 
0.500000 0.265843 0.500000 0.500000 0.500000 
0.500000 0.266152 0.500000 0.500000 0.500000 
0.500000 0.266430 0.500000 0.500000 0.500000 
0.500000 0.266680 0.500000 0.500000 0.500000 
0.500000 0.266906 0.500000 0.500000 0.500000 
0.500000 0.267109 0.500000 0.500000 0.500000 
0.500000 0.267292 0.500000 0.500000 0.500000 
0.440679 0.267456 0.500000 0.500000 0.500000 
0.500000 0.291507 0.500000 0.500000 0.500000 
0.500000 0.289217 0.500000 0.500000 0.500000 
0.500000 0.287161 0.500000 0.500000 0.500000 
0.500000 0.285315 0.500000 0.500000 0.500000 
0.500000 0.283657 0.500000 0.500000 0.500000 
0.500000 0.282169 0.500000 0.500000 0.500000 
0.500000 0.280832 0.500000 0.500000 0.500000 
0.500000 0.279631 0.500000 0.500000 0.500000 
0.500000 0.278552 0.500000 0.500000 0.500000 
0.440679 0.277583 0.500000 0.500000 0.500000 
0.500000 0.300920 0.500000 0.500000 0.500000 
0.500000 0.297673 0.500000 0.500000 0.500000 
0.500000 0.294755 0.500000 0.500000 0.500000 
0.500000 0.292134 0.500000 0.500000 0.500000 
0.500000 0.289780 0.500000 0.500000 0.500000 
0.500000 0.287667 0.500000 0.500000 0.500000 
0.500000 0.285769 0.500000 0.500000 0.500000 
0.500000 0.284065 0.500000 0.500000 0.500000 
0.500000 0.282535 0.500000 0.500000 0.500000 
0.440679 0.281160 0.500000 0.500000 0.500000 
0.500000 0.304213 0.500000 0.500000 0.500000 
0.500000 0.300632 0.500000 0.500000 0.500000 
0.500000 0.297414 0.500000 0.500000 0.500000 
0.500000 0.294522 0.500000 0.500000 0.500000 
0.500000 0.291925 0.500000 0.500000 0.500000 
0.500000 0.289593 0.500000 0.500000 0.500000 
0.500000 0.287498 0.500000 0.500000 0.500000 
0.500000 0.285618 0.500000 0.500000 0.500000 
0.500000 0.283929 0.500000 0.500000 0.500000 
0.440679 0.282413 0.500000 0.500000 0.500000 
0.500000 0.305361 0.500000 0.500000 0.500000 
0.500000 0.301665 0.500000 0.500000 0.500000 
0.500000 0.298342 0.500000 0.500000 0.500000 
0.500000 0.295356 0.500000 0.500000 0.500000 
0.500000 0.292674 0.500000 0.500000 0.500000 
0.500000 0.290265 0.500000 0.500000 0.500000 
0.500000 0.288102 0.500000 0.500000 0.500000 
0.500000 0.286160 0.500000 0.500000 0.500000 
0.500000 0.284416 0.500000 0.500000 0.500000 
0.440679 0.282850 0.500000 0.500000 0.500000 
0.500000 0.305762 0.500000 0.500000 0.500000 
0.500000 0.302025 0.500000 0.500000 0.500000 
0.500000 0.298666 0.500000 0.500000 0.500000 
0.500000 0.295647 0.500000 0.500000 0.500000 
0.500000 0.292935 0.500000 0.500000 0.500000 
0.500000 0.290500 0.500000 0.500000 0.500000 
0.500000 0.288313 0.500000 0.500000 0.500000 
0.500000 0.286349 0.500000 0.500000 0.500000 
0.500000 0.284586 0.500000 0.500000 0.500000 
0.440679 0.283003 0.500000 0.500000 0.500000 
0.500000 0.305901 0.500000 0.500000 0.500000 
0.500000 0.302151 0.500000 0.500000 0.500000 
0.500000 0.298779 0.500000 0.500000 0.500000 
0.500000 0.295748 0.500000 0.500000 0.500000 
0.500000 0.293026 0.500000 0.500000 0.500000 
0.500000 0.290582 0.500000 0.500000 0.500000 
0.500000 0.288386 0.500000 0.500000 0.500000 
0.500000 0.286415 0.500000 0.500000 0.500000 
0.500000 0.284645 0.500000 0.500000 0.500000 
0.440679 0.283056 0.500000 0.500000 0.500000 
0.500000 0.305950 0.500000 0.500000 0.500000 
0.500000 0.302195 0.500000 0.500000 0.500000 
0.500000 0.298818 0.500000 0.500000 0.500000 
0.500000 0.295784 0.500000 0.500000 0.500000 
0.500000 0.293058 0.500000 0.500000 0.500000 
0.500000 0.290610 0.500000 0.500000 0.500000 
0.500000 0.288412 0.500000 0.500000 0.500000 
0.500000 0.286438 0.500000 0.500000 0.500000 
0.500000 0.284666 0.500000 0.500000 0.500000 
0.440679 0.283074 0.500000 0.500000 0.500000 
0.500000 0.305967 0.500000 0.500000 0.500000 
0.500000 0.302210 0.500000 0.500000 0.500000 
0.500000 0.298832 0.500000 0.500000 0.500000 
0.500000 0.295796 0.500000 0.500000 0.500000 
0.500000 0.293069 0.500000 0.500000 0.500000 
0.500000 0.290620 0.500000 0.500000 0.500000 
0.500000 0.288421 0.500000 0.500000 0.500000 
0.500000 0.286446 0.500000 0.500000 0.500000 
0.500000 0.284673 0.500000 0.500000 0.500000 
0.440679 0.283081 0.500000 0.500000 0.500000 
0.500000 0.305973 0.500000 0.500000 0.500000 
0.500000 0.302215 0.500000 0.500000 0.500000 
0.500000 0.298836 0.500000 0.500000 0.500000 
0.500000 0.295800 0.500000 0.500000 0.500000 
0.500000 0.293073 0.500000 0.500000 0.500000 
0.500000 0.290623 0.500000 0.500000 0.500000 
0.500000 0.288424 0.500000 0.500000 0.500000 
0.500000 0.286449 0.500000 0.500000 0.500000 
0.500000 0.284675 0.500000 0.500000 0.500000 
