0.500000 0.440679 0.500000 0.299199 0.500000 0.500000 0.329889 0.429546 0.500000 
0.500000 0.440679 0.500000 0.323635 0.333875 0.292896 0.500000 0.500000 0.500000 
0.500000 0.440679 0.500000 0.347507 0.394145 0.292896 0.500000 0.339001 0.500000 
0.500000 0.440679 0.500000 0.370069 0.410939 0.292896 0.500000 0.312536 0.500000 
0.500000 0.440679 0.270606 0.390753 0.411815 0.292896 0.500000 0.305365 0.500000 
0.500000 0.440679 0.275738 0.440045 0.364153 0.292896 0.367906 0.304994 0.500000 
0.500000 0.440679 0.500000 0.468820 0.316851 0.292896 0.365522 0.325567 0.500000 
0.500000 0.440679 0.500000 0.475092 0.329817 0.292896 0.500000 0.346672 0.500000 
0.500000 0.440679 0.500000 0.480160 0.333699 0.292896 0.500000 0.340822 0.500000 
0.500000 0.440679 0.500000 0.484233 0.333590 0.292896 0.500000 0.339080 0.500000 
0.500000 0.440679 0.500000 0.487492 0.331893 0.292896 0.500000 0.339128 0.500000 
0.500000 0.440679 0.500000 0.490092 0.329724 0.292896 0.500000 0.339890 0.500000 
0.500000 0.440679 0.500000 0.492160 0.327582 0.292896 0.500000 0.340864 0.500000 
0.500000 0.440679 0.500000 0.493802 0.325668 0.292896 0.500000 0.341827 0.500000 
0.500000 0.440679 0.500000 0.495104 0.324041 0.292896 0.500000 0.342688 0.500000 
0.500000 0.440679 0.500000 0.496134 0.322695 0.292896 0.500000 0.343422 0.500000 
0.500000 0.440679 0.500000 0.496949 0.321601 0.292896 0.500000 0.344029 0.500000 
0.500000 0.440679 0.500000 0.497593 0.320721 0.292896 0.500000 0.344523 0.500000 
0.500000 0.440679 0.500000 0.498102 0.320017 0.292896 0.500000 0.344921 0.500000 
0.500000 0.440679 0.500000 0.498503 0.319457 0.292896 0.500000 0.345239 0.500000 
0.500000 0.440679 0.500000 0.498820 0.319013 0.292896 0.500000 0.345492 0.500000 
0.500000 0.440679 0.500000 0.499070 0.318661 0.292896 0.500000 0.345693 0.500000 
0.500000 0.440679 0.500000 0.499267 0.318383 0.292896 0.500000 0.345852 0.500000 
0.500000 0.440679 0.500000 0.499422 0.318163 0.292896 0.500000 0.345978 0.500000 
0.500000 0.440679 0.500000 0.499545 0.317989 0.292896 0.500000 0.346078 0.500000 
0.500000 0.440679 0.500000 0.499641 0.317853 0.292896 0.500000 0.346156 0.500000 
0.500000 0.440679 0.500000 0.499717 0.317745 0.292896 0.500000 0.346218 0.500000 
0.500000 0.440679 0.500000 0.499777 0.317659 0.292896 0.500000 0.346267 0.500000 
0.500000 0.440679 0.500000 0.499824 0.317592 0.292896 0.500000 0.346305 0.500000 
0.500000 0.440679 0.500000 0.499862 0.317539 0.292896 0.500000 0.346336 0.500000 
0.500000 0.440679 0.500000 0.499891 0.317498 0.292896 0.500000 0.346360 0.500000 
0.500000 0.440679 0.500000 0.499914 0.317465 0.292896 0.500000 0.346379 0.500000 
0.500000 0.440679 0.500000 0.499932 0.317439 0.292896 0.500000 0.346394 0.500000 
0.500000 0.440679 0.500000 0.499947 0.317419 0.292896 0.500000 0.346405 0.500000 
0.500000 0.440679 0.500000 0.499958 0.317402 0.292896 0.500000 0.346415 0.500000 
0.500000 0.440679 0.500000 0.499967 0.317390 0.292896 0.500000 0.346422 0.500000 
0.500000 0.440679 0.500000 0.499974 0.317380 0.292896 0.500000 0.346428 0.500000 
0.500000 0.440679 0.500000 0.499979 0.317372 0.292896 0.500000 0.346432 0.500000 
0.500000 0.440679 0.500000 0.499984 0.317366 0.292896 0.500000 0.346436 0.500000 
0.500000 0.440679 0.500000 0.499987 0.317361 0.292896 0.500000 0.346438 0.500000 
0.500000 0.440679 0.500000 0.499990 0.317357 0.292896 0.500000 0.346441 0.500000 
0.500000 0.440679 0.500000 0.499992 0.317354 0.292896 0.500000 0.346442 0.500000 
0.500000 0.440679 0.500000 0.499994 0.317352 0.292896 0.500000 0.346444 0.500000 
0.500000 0.440679 0.500000 0.499995 0.317350 0.292896 0.500000 0.346445 0.500000 
0.500000 0.440679 0.500000 0.499996 0.317348 0.292896 0.500000 0.346446 0.500000 
0.500000 0.440679 0.500000 0.499997 0.317347 0.292896 0.500000 0.346446 0.500000 
0.500000 0.440679 0.500000 0.499998 0.317346 0.292896 0.500000 0.346447 0.500000 
0.500000 0.440679 0.500000 0.499998 0.317345 0.292896 0.500000 0.346447 0.500000 
0.500000 0.440679 0.500000 0.499999 0.317345 0.292896 0.500000 0.346448 0.500000 
0.500000 0.440679 0.500000 0.499999 0.317344 0.292896 0.500000 0.346448 0.500000 
0.500000 0.440679 0.500000 0.499999 0.317344 0.292896 0.500000 0.346448 0.500000 
0.500000 0.440679 0.500000 0.499999 0.317344 0.292896 0.500000 0.346448 0.500000 
0.500000 0.440679 0.500000 0.499999 0.317344 0.292896 0.500000 0.346448 0.500000 
0.500000 0.440679 0.500000 0.500000 0.317343 0.292896 0.500000 0.346449 0.500000 
0.500000 0.440679 0.500000 0.500000 0.317343 0.292896 0.500000 0.346449 0.500000 
0.500000 0.440679 0.500000 0.500000 0.317343 0.292896 0.500000 0.346449 0.500000 
0.500000 0.440679 0.500000 0.500000 0.317343 0.292896 0.500000 0.346449 0.500000 
0.500000 0.440679 0.500000 0.500000 0.317343 0.292896 0.500000 0.346449 0.500000 
0.500000 0.440679 0.500000 0.500000 0.317343 0.292896 0.500000 0.346449 0.500000 
0.500000 0.440679 0.500000 0.500000 0.317343 0.292896 0.500000 0.346449 0.500000 
0.500000 0.440679 0.500000 0.500000 0.317343 0.292896 0.500000 0.346449 0.500000 
0.500000 0.440679 0.500000 0.500000 0.317343 0.292896 0.500000 0.346449 0.500000 
0.500000 0.440679 0.500000 0.500000 0.317343 0.292896 0.500000 0.346449 0.500000 
0.500000 0.440679 0.500000 0.500000 0.317343 0.292896 0.500000 0.346449 0.500000 
0.500000 0.440679 0.500000 0.500000 0.317343 0.292896 0.500000 0.346449 0.500000 
0.500000 0.440679 0.500000 0.500000 0.317343 0.292896 0.500000 0.346449 0.500000 
0.500000 0.440679 0.500000 0.500000 0.317343 0.292896 0.500000 0.346449 0.500000 
0.500000 0.440679 0.500000 0.500000 0.317343 0.292896 0.500000 0.346449 0.500000 
0.500000 0.440679 0.500000 0.500000 0.317343 0.292896 0.500000 0.346449 0.500000 
0.500000 0.440679 0.500000 0.500000 0.317343 0.292896 0.500000 0.346449 0.500000 
0.500000 0.440679 0.500000 0.500000 0.317343 0.292896 0.500000 0.346449 0.500000 
0.500000 0.440679 0.500000 0.500000 0.317343 0.292896 0.500000 0.346449 0.500000 
0.500000 0.440679 0.500000 0.500000 0.317343 0.292896 0.500000 0.346449 0.500000 
0.500000 0.440679 0.500000 0.500000 0.317343 0.292896 0.500000 0.346449 0.500000 
0.500000 0.440679 0.500000 0.500000 0.317343 0.292896 0.500000 0.346449 0.500000 
0.500000 0.440679 0.500000 0.500000 0.317343 0.292896 0.500000 0.346449 0.500000 
0.500000 0.440679 0.500000 0.500000 0.317343 0.292896 0.500000 0.346449 0.500000 
0.500000 0.440679 0.500000 0.500000 0.317343 0.292896 0.500000 0.346449 0.500000 
0.500000 0.440679 0.500000 0.500000 0.317343 0.292896 0.500000 0.346449 0.500000 
0.500000 0.440679 0.500000 0.500000 0.317343 0.292896 0.500000 0.346449 0.500000 
0.500000 0.440679 0.500000 0.500000 0.317343 0.292896 0.500000 0.346449 0.500000 
0.500000 0.440679 0.500000 0.500000 0.317343 0.292896 0.500000 0.346449 0.500000 
0.500000 0.440679 0.500000 0.500000 0.317343 0.292896 0.500000 0.346449 0.500000 
0.500000 0.440679 0.500000 0.500000 0.317343 0.292896 0.500000 0.346449 0.500000 
0.500000 0.440679 0.500000 0.500000 0.317343 0.292896 0.500000 0.346449 0.500000 
0.500000 0.440679 0.500000 0.500000 0.317343 0.292896 0.500000 0.346449 0.500000 
0.500000 0.440679 0.500000 0.500000 0.317343 0.292896 0.500000 0.346449 0.500000 
0.500000 0.440679 0.500000 0.500000 0.317343 0.292896 0.500000 0.346449 0.500000 
0.500000 0.440679 0.500000 0.500000 0.317343 0.292896 0.500000 0.346449 0.500000 
0.500000 0.440679 0.500000 0.500000 0.317343 0.292896 0.500000 0.346449 0.500000 
0.500000 0.440679 0.500000 0.500000 0.317343 0.292896 0.500000 0.346449 0.500000 
0.500000 0.440679 0.500000 0.500000 0.317343 0.292896 0.500000 0.346449 0.500000 
0.500000 0.440679 0.500000 0.500000 0.317343 0.292896 0.500000 0.346449 0.500000 
0.500000 0.440679 0.500000 0.500000 0.317343 0.292896 0.500000 0.346449 0.500000 
0.500000 0.440679 0.500000 0.500000 0.317343 0.292896 0.500000 0.346449 0.500000 
0.500000 0.440679 0.500000 0.500000 0.317343 0.292896 0.500000 0.346449 0.500000 
0.500000 0.440679 0.500000 0.500000 0.317343 0.292896 0.500000 0.346449 0.500000 
0.500000 0.440679 0.500000 0.500000 0.317343 0.292896 0.500000 0.346449 0.500000 
0.500000 0.440679 0.500000 0.500000 0.317343 0.292896 0.500000 0.346449 0.500000 
0.500000 0.440679 0.500000 0.500000 0.317343 0.292896 0.500000 0.346449 0.500000 
