0.440679 0.268941 0.268941 0.500000 0.500000 
0.500000 0.235259 0.231942 0.368680 0.500000 
0.500000 0.217356 0.306646 0.386065 0.323582 
0.500000 0.500000 0.229370 0.351309 0.316019 
0.500000 0.500000 0.363056 0.387285 0.331232 
0.500000 0.500000 0.229189 0.326049 0.315491 
0.500000 0.500000 0.372555 0.387371 0.342517 
0.500000 0.218880 0.221485 0.321888 0.315454 
0.500000 0.500000 0.333420 0.391034 0.344394 
0.500000 0.500000 0.252335 0.339205 0.313875 
0.440679 0.500000 0.345436 0.376444 0.336616 
0.500000 0.242326 0.247408 0.333839 0.320192 
0.500000 0.239499 0.306294 0.378760 0.339017 
0.500000 0.236893 0.236354 0.351469 0.319185 
0.500000 0.225378 0.309214 0.383976 0.331161 
0.500000 0.222684 0.229713 0.350139 0.316922 
0.500000 0.500000 0.313583 0.387122 0.331751 
0.500000 0.500000 0.270652 0.348153 0.315562 
0.500000 0.500000 0.324695 0.367884 0.332632 
0.500000 0.216133 0.268277 0.343127 0.323930 
0.440679 0.217076 0.276395 0.368990 0.334867 
0.500000 0.231216 0.259434 0.365218 0.323446 
0.500000 0.221965 0.279382 0.373117 0.325099 
0.500000 0.215983 0.256443 0.363834 0.321643 
0.500000 0.500000 0.279230 0.374517 0.325707 
0.500000 0.500000 0.306222 0.363904 0.321032 
0.500000 0.500000 0.286041 0.351502 0.325676 
0.500000 0.500000 0.309184 0.360757 0.331147 
0.500000 0.500000 0.284653 0.350153 0.327060 
0.500000 0.216922 0.310998 0.361397 0.331745 
0.440679 0.222028 0.234134 0.349328 0.326778 
0.500000 0.231427 0.308985 0.385026 0.332110 
0.500000 0.227945 0.230708 0.350243 0.316468 
0.500000 0.216308 0.313694 0.386650 0.331704 
0.500000 0.500000 0.223847 0.348103 0.315766 
0.500000 0.500000 0.369750 0.389909 0.332654 
0.500000 0.500000 0.222960 0.323113 0.314359 
0.500000 0.500000 0.379628 0.390331 0.343840 
0.500000 0.219137 0.214948 0.318808 0.314177 
0.500000 0.500000 0.342210 0.394151 0.345786 
0.440679 0.215982 0.243951 0.335276 0.312533 
0.500000 0.232801 0.303067 0.380388 0.338373 
0.500000 0.229306 0.236986 0.352942 0.318478 
0.500000 0.218325 0.306207 0.383677 0.330509 
0.500000 0.500000 0.230657 0.351509 0.317052 
0.500000 0.500000 0.361701 0.386674 0.331144 
0.500000 0.500000 0.230486 0.326644 0.315755 
0.500000 0.500000 0.371088 0.386755 0.342249 
0.500000 0.220338 0.222856 0.322529 0.315720 
0.500000 0.216045 0.331959 0.390381 0.344104 
0.440679 0.216923 0.210106 0.339860 0.314156 
0.500000 0.222536 0.338892 0.396466 0.336324 
0.500000 0.222771 0.205016 0.336756 0.311540 
0.500000 0.500000 0.347695 0.398905 0.337711 
0.500000 0.500000 0.237867 0.332835 0.310494 
0.500000 0.500000 0.361679 0.383260 0.339467 
0.500000 0.217263 0.231610 0.326654 0.317232 
0.500000 0.500000 0.319904 0.386222 0.342244 
0.500000 0.500000 0.265538 0.345290 0.315951 
0.500000 0.500000 0.330608 0.370266 0.333904 
0.440679 0.220295 0.262270 0.340467 0.322888 
0.500000 0.240632 0.284023 0.371791 0.336053 
0.500000 0.234674 0.256981 0.361688 0.322221 
0.500000 0.225577 0.283875 0.374265 0.326650 
0.500000 0.219989 0.253023 0.361756 0.321142 
0.500000 0.500000 0.284278 0.376121 0.326620 
0.500000 0.500000 0.300961 0.361570 0.320333 
0.500000 0.500000 0.291655 0.353904 0.326702 
0.500000 0.500000 0.303109 0.358171 0.330083 
0.500000 0.217271 0.291087 0.352922 0.328199 
0.440679 0.220474 0.253006 0.358432 0.330518 
0.500000 0.232049 0.285723 0.376129 0.328084 
0.500000 0.225786 0.252187 0.360903 0.320330 
0.500000 0.216610 0.286784 0.376513 0.326995 
0.500000 0.500000 0.247879 0.360414 0.320162 
0.500000 0.500000 0.341409 0.378538 0.327211 
0.500000 0.500000 0.250057 0.335632 0.319281 
0.500000 0.500000 0.348997 0.377514 0.338214 
0.500000 0.217367 0.244045 0.332257 0.319727 
0.500000 0.215708 0.304560 0.380344 0.339726 
0.440679 0.500000 0.232450 0.352260 0.318497 
0.500000 0.221633 0.359642 0.385824 0.330811 
0.500000 0.229767 0.194580 0.327551 0.316123 
0.500000 0.500000 0.365966 0.403920 0.341841 
0.500000 0.218897 0.221699 0.324771 0.308351 
0.500000 0.500000 0.331988 0.390932 0.343093 
0.500000 0.500000 0.253572 0.339847 0.313918 
0.500000 0.500000 0.344014 0.375863 0.336330 
0.500000 0.220914 0.248811 0.334472 0.320445 
0.500000 0.219548 0.299683 0.378100 0.338733 
0.440679 0.216875 0.237702 0.354489 0.319472 
0.500000 0.225539 0.301884 0.383338 0.329825 
0.500000 0.221354 0.235470 0.353482 0.317199 
0.500000 0.500000 0.305718 0.384394 0.330270 
0.500000 0.500000 0.278543 0.351732 0.316741 
0.500000 0.500000 0.315957 0.364222 0.331045 
0.500000 0.500000 0.277316 0.347077 0.325536 
0.500000 0.216541 0.318973 0.364790 0.333110 
0.500000 0.222379 0.226987 0.345711 0.325287 
0.500000 0.500000 0.318306 0.388416 0.333717 
