0.675038 0.622459 0.622459 0.500000 0.500000 
0.500000 0.662628 0.639788 0.650778 0.500000 
0.500000 0.628174 0.670338 0.654705 0.657186 
0.500000 0.593961 0.686418 0.661579 0.658070 
0.500000 0.500000 0.694505 0.665170 0.659615 
0.500000 0.500000 0.693548 0.666968 0.660421 
0.500000 0.500000 0.692871 0.666756 0.660824 
0.500000 0.500000 0.692311 0.666605 0.660776 
0.500000 0.500000 0.691849 0.666481 0.660743 
0.500000 0.500000 0.691468 0.666378 0.660715 
0.675038 0.500000 0.691156 0.666293 0.660692 
0.500000 0.500000 0.690899 0.666224 0.660673 
0.500000 0.500000 0.690689 0.666167 0.660657 
0.500000 0.500000 0.690516 0.666120 0.660644 
0.500000 0.500000 0.690375 0.666082 0.660634 
0.500000 0.500000 0.690259 0.666050 0.660625 
0.500000 0.500000 0.690165 0.666025 0.660618 
0.500000 0.500000 0.690087 0.666004 0.660612 
0.500000 0.500000 0.690024 0.665986 0.660608 
0.500000 0.500000 0.689972 0.665972 0.660604 
0.675038 0.500000 0.689930 0.665961 0.660601 
0.500000 0.500000 0.689895 0.665951 0.660598 
0.500000 0.500000 0.689867 0.665944 0.660596 
0.500000 0.500000 0.689844 0.665937 0.660594 
0.500000 0.500000 0.689825 0.665932 0.660593 
0.500000 0.500000 0.689810 0.665928 0.660592 
0.500000 0.500000 0.689797 0.665925 0.660591 
0.500000 0.500000 0.689787 0.665922 0.660590 
0.500000 0.500000 0.689778 0.665919 0.660589 
0.500000 0.500000 0.689771 0.665918 0.660589 
0.675038 0.500000 0.689766 0.665916 0.660588 
0.500000 0.500000 0.689761 0.665915 0.660588 
0.500000 0.500000 0.689757 0.665914 0.660588 
0.500000 0.500000 0.689754 0.665913 0.660588 
0.500000 0.500000 0.689752 0.665912 0.660587 
0.500000 0.500000 0.689750 0.665912 0.660587 
0.500000 0.500000 0.689748 0.665911 0.660587 
0.500000 0.500000 0.689747 0.665911 0.660587 
0.500000 0.500000 0.689746 0.665911 0.660587 
0.500000 0.500000 0.689745 0.665910 0.660587 
0.675038 0.500000 0.689744 0.665910 0.660587 
0.500000 0.500000 0.689743 0.665910 0.660587 
0.500000 0.500000 0.689743 0.665910 0.660587 
0.500000 0.500000 0.689743 0.665910 0.660587 
0.500000 0.500000 0.689742 0.665910 0.660587 
0.500000 0.500000 0.689742 0.665910 0.660587 
0.500000 0.500000 0.689742 0.665910 0.660587 
0.500000 0.500000 0.689742 0.665909 0.660587 
0.500000 0.500000 0.689741 0.665909 0.660587 
0.500000 0.500000 0.689741 0.665909 0.660587 
0.675038 0.500000 0.689741 0.665909 0.660587 
0.500000 0.500000 0.689741 0.665909 0.660587 
0.500000 0.500000 0.689741 0.665909 0.660587 
0.500000 0.500000 0.689741 0.665909 0.660587 
0.500000 0.500000 0.689741 0.665909 0.660587 
0.500000 0.500000 0.689741 0.665909 0.660587 
0.500000 0.500000 0.689741 0.665909 0.660587 
0.500000 0.500000 0.689741 0.665909 0.660587 
0.500000 0.500000 0.689741 0.665909 0.660587 
0.500000 0.500000 0.689741 0.665909 0.660587 
0.675038 0.500000 0.689741 0.665909 0.660587 
0.500000 0.500000 0.689741 0.665909 0.660587 
0.500000 0.500000 0.689741 0.665909 0.660587 
0.500000 0.500000 0.689741 0.665909 0.660587 
0.500000 0.500000 0.689741 0.665909 0.660587 
0.500000 0.500000 0.689741 0.665909 0.660587 
0.500000 0.500000 0.689741 0.665909 0.660587 
0.500000 0.500000 0.689741 0.665909 0.660587 
0.500000 0.500000 0.689741 0.665909 0.660587 
0.500000 0.500000 0.689741 0.665909 0.660587 
0.675038 0.500000 0.689741 0.665909 0.660587 
0.500000 0.500000 0.689741 0.665909 0.660587 
0.500000 0.500000 0.689741 0.665909 0.660587 
0.500000 0.500000 0.689741 0.665909 0.660587 
0.500000 0.500000 0.689741 0.665909 0.660587 
0.500000 0.500000 0.689741 0.665909 0.660587 
0.500000 0.500000 0.689741 0.665909 0.660587 
0.500000 0.500000 0.689741 0.665909 0.660587 
0.500000 0.500000 0.689741 0.665909 0.660587 
0.500000 0.500000 0.689741 0.665909 0.660587 
0.675038 0.500000 0.689741 0.665909 0.660587 
0.500000 0.500000 0.689741 0.665909 0.660587 
0.500000 0.500000 0.689741 0.665909 0.660587 
0.500000 0.500000 0.689741 0.665909 0.660587 
0.500000 0.500000 0.689741 0.665909 0.660587 
0.500000 0.500000 0.689741 0.665909 0.660587 
0.500000 0.500000 0.689741 0.665909 0.660587 
0.500000 0.500000 0.689741 0.665909 0.660587 
0.500000 0.500000 0.689741 0.665909 0.660587 
0.500000 0.500000 0.689741 0.665909 0.660587 
0.675038 0.500000 0.689741 0.665909 0.660587 
0.500000 0.500000 0.689741 0.665909 0.660587 
0.500000 0.500000 0.689741 0.665909 0.660587 
0.500000 0.500000 0.689741 0.665909 0.660587 
0.500000 0.500000 0.689741 0.665909 0.660587 
0.500000 0.500000 0.689741 0.665909 0.660587 
0.500000 0.500000 0.689741 0.665909 0.660587 
0.500000 0.500000 0.689741 0.665909 0.660587 
0.500000 0.500000 0.689741 0.665909 0.660587 
0.500000 0.500000 0.689741 0.665909 0.660587 
0.675038 0.622459 0.622459 0.500000 0.500000 
0.500000 0.660153 0.639788 0.650778 0.500000 
0.500000 0.622183 0.670036 0.654705 0.657186 
0.500000 0.500000 0.685659 0.661511 0.658070 
0.500000 0.500000 0.686211 0.665001 0.659600 
0.500000 0.500000 0.686876 0.665124 0.660383 
0.500000 0.500000 0.687411 0.665272 0.660410 
0.500000 0.500000 0.687844 0.665391 0.660444 
0.500000 0.500000 0.688196 0.665487 0.660470 
0.500000 0.500000 0.688482 0.665565 0.660492 
0.675038 0.500000 0.688714 0.665629 0.660509 
0.500000 0.500000 0.688903 0.665681 0.660524 
0.500000 0.500000 0.689058 0.665723 0.660535 
0.500000 0.500000 0.689183 0.665757 0.660545 
0.500000 0.500000 0.689286 0.665785 0.660552 
0.500000 0.500000 0.689369 0.665808 0.660559 
0.500000 0.500000 0.689438 0.665827 0.660564 
0.500000 0.500000 0.689493 0.665842 0.660568 
0.500000 0.500000 0.689539 0.665854 0.660571 
0.500000 0.500000 0.689576 0.665864 0.660574 
0.675038 0.500000 0.689606 0.665873 0.660576 
0.500000 0.500000 0.689631 0.665879 0.660578 
0.500000 0.500000 0.689651 0.665885 0.660580 
0.500000 0.500000 0.689667 0.665889 0.660581 
0.500000 0.500000 0.689681 0.665893 0.660582 
0.500000 0.500000 0.689692 0.665896 0.660583 
0.500000 0.500000 0.689701 0.665898 0.660584 
0.500000 0.500000 0.689708 0.665900 0.660584 
0.500000 0.500000 0.689714 0.665902 0.660585 
0.500000 0.500000 0.689719 0.665903 0.660585 
0.675038 0.500000 0.689723 0.665904 0.660585 
0.500000 0.500000 0.689726 0.665905 0.660585 
0.500000 0.500000 0.689729 0.665906 0.660586 
0.500000 0.500000 0.689731 0.665907 0.660586 
0.500000 0.500000 0.689733 0.665907 0.660586 
0.500000 0.500000 0.689734 0.665907 0.660586 
0.500000 0.500000 0.689735 0.665908 0.660586 
0.500000 0.500000 0.689736 0.665908 0.660586 
0.500000 0.500000 0.689737 0.665908 0.660586 
0.500000 0.500000 0.689738 0.665908 0.660586 
0.675038 0.500000 0.689738 0.665909 0.660586 
0.500000 0.500000 0.689739 0.665909 0.660586 
0.500000 0.500000 0.689739 0.665909 0.660586 
0.500000 0.500000 0.689740 0.665909 0.660586 
0.500000 0.500000 0.689740 0.665909 0.660586 
0.500000 0.500000 0.689740 0.665909 0.660587 
0.500000 0.500000 0.689740 0.665909 0.660587 
0.500000 0.500000 0.689740 0.665909 0.660587 
0.500000 0.500000 0.689740 0.665909 0.660587 
0.500000 0.500000 0.689740 0.665909 0.660587 
0.675038 0.500000 0.689740 0.665909 0.660587 
0.500000 0.500000 0.689741 0.665909 0.660587 
0.500000 0.500000 0.689741 0.665909 0.660587 
0.500000 0.500000 0.689741 0.665909 0.660587 
0.500000 0.500000 0.689741 0.665909 0.660587 
0.500000 0.500000 0.689741 0.665909 0.660587 
0.500000 0.500000 0.689741 0.665909 0.660587 
0.500000 0.500000 0.689741 0.665909 0.660587 
0.500000 0.500000 0.689741 0.665909 0.660587 
0.500000 0.500000 0.689741 0.665909 0.660587 
0.675038 0.500000 0.689741 0.665909 0.660587 
0.500000 0.500000 0.689741 0.665909 0.660587 
0.500000 0.500000 0.689741 0.665909 0.660587 
0.500000 0.500000 0.689741 0.665909 0.660587 
0.500000 0.500000 0.689741 0.665909 0.660587 
0.500000 0.500000 0.689741 0.665909 0.660587 
0.500000 0.500000 0.689741 0.665909 0.660587 
0.500000 0.500000 0.689741 0.665909 0.660587 
0.500000 0.500000 0.689741 0.665909 0.660587 
0.500000 0.500000 0.689741 0.665909 0.660587 
0.675038 0.500000 0.689741 0.665909 0.660587 
0.500000 0.500000 0.689741 0.665909 0.660587 
0.500000 0.500000 0.689741 0.665909 0.660587 
0.500000 0.500000 0.689741 0.665909 0.660587 
0.500000 0.500000 0.689741 0.665909 0.660587 
0.500000 0.500000 0.689741 0.665909 0.660587 
0.500000 0.500000 0.689741 0.665909 0.660587 
0.500000 0.500000 0.689741 0.665909 0.660587 
0.500000 0.500000 0.689741 0.665909 0.660587 
0.500000 0.500000 0.689741 0.665909 0.660587 
0.675038 0.500000 0.689741 0.665909 0.660587 
0.500000 0.500000 0.689741 0.665909 0.660587 
0.500000 0.500000 0.689741 0.665909 0.660587 
0.500000 0.500000 0.689741 0.665909 0.660587 
0.500000 0.500000 0.689741 0.665909 0.660587 
0.500000 0.500000 0.689741 0.665909 0.660587 
0.500000 0.500000 0.689741 0.665909 0.660587 
0.500000 0.500000 0.689741 0.665909 0.660587 
0.500000 0.500000 0.689741 0.665909 0.660587 
0.500000 0.500000 0.689741 0.665909 0.660587 
0.675038 0.500000 0.689741 0.665909 0.660587 
0.500000 0.500000 0.689741 0.665909 0.660587 
0.500000 0.500000 0.689741 0.665909 0.660587 
0.500000 0.500000 0.689741 0.665909 0.660587 
0.500000 0.500000 0.689741 0.665909 0.660587 
0.500000 0.500000 0.689741 0.665909 0.660587 
0.500000 0.500000 0.689741 0.665909 0.660587 
0.500000 0.500000 0.689741 0.665909 0.660587 
0.500000 0.500000 0.689741 0.665909 0.660587 
0.500000 0.500000 0.689741 0.665909 0.660587 
0.675038 0.622459 0.622459 0.500000 0.500000 
0.500000 0.662385 0.639788 0.650778 0.500000 
0.500000 0.627583 0.670308 0.654705 0.657186 
0.500000 0.500000 0.686344 0.661572 0.658070 
0.500000 0.500000 0.686758 0.665153 0.659613 
0.500000 0.500000 0.687319 0.665245 0.660417 
0.500000 0.500000 0.687770 0.665370 0.660438 
0.500000 0.500000 0.688135 0.665471 0.660466 
0.500000 0.500000 0.688432 0.665552 0.660488 
0.500000 0.500000 0.688674 0.665618 0.660506 
0.675038 0.500000 0.688871 0.665672 0.660521 
0.500000 0.500000 0.689031 0.665716 0.660533 
0.500000 0.500000 0.689162 0.665751 0.660543 
0.500000 0.500000 0.689268 0.665780 0.660551 
0.500000 0.500000 0.689355 0.665804 0.660558 
0.500000 0.500000 0.689426 0.665823 0.660563 
0.500000 0.500000 0.689484 0.665839 0.660567 
0.500000 0.500000 0.689531 0.665852 0.660571 
0.500000 0.500000 0.689569 0.665863 0.660574 
0.500000 0.500000 0.689601 0.665871 0.660576 
0.675038 0.500000 0.689626 0.665878 0.660578 
0.500000 0.500000 0.689647 0.665884 0.660580 
0.500000 0.500000 0.689665 0.665888 0.660581 
0.500000 0.500000 0.689679 0.665892 0.660582 
0.500000 0.500000 0.689690 0.665895 0.660583 
0.500000 0.500000 0.689699 0.665898 0.660583 
0.500000 0.500000 0.689707 0.665900 0.660584 
0.500000 0.500000 0.689713 0.665902 0.660584 
0.500000 0.500000 0.689718 0.665903 0.660585 
0.500000 0.500000 0.689722 0.665904 0.660585 
0.675038 0.500000 0.689726 0.665905 0.660585 
0.500000 0.500000 0.689728 0.665906 0.660586 
0.500000 0.500000 0.689731 0.665907 0.660586 
0.500000 0.500000 0.689733 0.665907 0.660586 
0.500000 0.500000 0.689734 0.665907 0.660586 
0.500000 0.500000 0.689735 0.665908 0.660586 
0.500000 0.500000 0.689736 0.665908 0.660586 
0.500000 0.500000 0.689737 0.665908 0.660586 
0.500000 0.500000 0.689738 0.665908 0.660586 
0.500000 0.500000 0.689738 0.665909 0.660586 
0.675038 0.500000 0.689739 0.665909 0.660586 
0.500000 0.500000 0.689739 0.665909 0.660586 
0.500000 0.500000 0.689739 0.665909 0.660586 
0.500000 0.500000 0.689740 0.665909 0.660586 
0.500000 0.500000 0.689740 0.665909 0.660587 
0.500000 0.500000 0.689740 0.665909 0.660587 
0.500000 0.500000 0.689740 0.665909 0.660587 
0.500000 0.500000 0.689740 0.665909 0.660587 
0.500000 0.500000 0.689740 0.665909 0.660587 
0.500000 0.500000 0.689740 0.665909 0.660587 
0.675038 0.500000 0.689741 0.665909 0.660587 
0.500000 0.500000 0.689741 0.665909 0.660587 
0.500000 0.500000 0.689741 0.665909 0.660587 
0.500000 0.500000 0.689741 0.665909 0.660587 
0.500000 0.500000 0.689741 0.665909 0.660587 
0.500000 0.500000 0.689741 0.665909 0.660587 
0.500000 0.500000 0.689741 0.665909 0.660587 
0.500000 0.500000 0.689741 0.665909 0.660587 
0.500000 0.500000 0.689741 0.665909 0.660587 
0.500000 0.500000 0.689741 0.665909 0.660587 
0.675038 0.500000 0.689741 0.665909 0.660587 
0.500000 0.500000 0.689741 0.665909 0.660587 
0.500000 0.500000 0.689741 0.665909 0.660587 
0.500000 0.500000 0.689741 0.665909 0.660587 
0.500000 0.500000 0.689741 0.665909 0.660587 
0.500000 0.500000 0.689741 0.665909 0.660587 
0.500000 0.500000 0.689741 0.665909 0.660587 
0.500000 0.500000 0.689741 0.665909 0.660587 
0.500000 0.500000 0.689741 0.665909 0.660587 
0.500000 0.500000 0.689741 0.665909 0.660587 
0.675038 0.500000 0.689741 0.665909 0.660587 
0.500000 0.500000 0.689741 0.665909 0.660587 
0.500000 0.500000 0.689741 0.665909 0.660587 
0.500000 0.500000 0.689741 0.665909 0.660587 
0.500000 0.500000 0.689741 0.665909 0.660587 
0.500000 0.500000 0.689741 0.665909 0.660587 
0.500000 0.500000 0.689741 0.665909 0.660587 
0.500000 0.500000 0.689741 0.665909 0.660587 
0.500000 0.500000 0.689741 0.665909 0.660587 
0.500000 0.500000 0.689741 0.665909 0.660587 
0.675038 0.500000 0.689741 0.665909 0.660587 
0.500000 0.500000 0.689741 0.665909 0.660587 
0.500000 0.500000 0.689741 0.665909 0.660587 
0.500000 0.500000 0.689741 0.665909 0.660587 
0.500000 0.500000 0.689741 0.665909 0.660587 
0.500000 0.500000 0.689741 0.665909 0.660587 
0.500000 0.500000 0.689741 0.665909 0.660587 
0.500000 0.500000 0.689741 0.665909 0.660587 
0.500000 0.500000 0.689741 0.665909 0.660587 
0.500000 0.500000 0.689741 0.665909 0.660587 
0.675038 0.500000 0.689741 0.665909 0.660587 
0.500000 0.500000 0.689741 0.665909 0.660587 
0.500000 0.500000 0.689741 0.665909 0.660587 
0.500000 0.500000 0.689741 0.665909 0.660587 
0.500000 0.500000 0.689741 0.665909 0.660587 
0.500000 0.500000 0.689741 0.665909 0.660587 
0.500000 0.500000 0.689741 0.665909 0.660587 
0.500000 0.500000 0.689741 0.665909 0.660587 
0.500000 0.500000 0.689741 0.665909 0.660587 
0.500000 0.500000 0.689741 0.665909 0.660587 
0.675038 0.622459 0.622459 0.500000 0.500000 
0.500000 0.662385 0.604812 0.650778 0.500000 
0.500000 0.627669 0.599270 0.646757 0.657186 
0.500000 0.500000 0.599712 0.645489 0.656279 
0.500000 0.500000 0.618312 0.645590 0.655993 
0.500000 0.500000 0.633149 0.649835 0.656016 
0.500000 0.500000 0.645033 0.653203 0.656973 
0.500000 0.500000 0.654399 0.655890 0.657732 
0.500000 0.500000 0.661735 0.658001 0.658337 
0.500000 0.500000 0.667475 0.659650 0.658811 
0.675038 0.500000 0.671978 0.660938 0.659182 
0.500000 0.500000 0.675522 0.661946 0.659471 
0.500000 0.500000 0.678323 0.662738 0.659697 
0.500000 0.500000 0.680548 0.663364 0.659875 
0.500000 0.500000 0.682321 0.663861 0.660016 
0.500000 0.500000 0.683740 0.664257 0.660127 
0.500000 0.500000 0.684880 0.664573 0.660216 
0.500000 0.500000 0.685797 0.664827 0.660287 
0.500000 0.500000 0.686537 0.665031 0.660344 
0.500000 0.500000 0.687136 0.665196 0.660390 
0.675038 0.500000 0.687621 0.665330 0.660427 
0.500000 0.500000 0.688015 0.665438 0.660457 
0.500000 0.500000 0.688335 0.665525 0.660481 
0.500000 0.500000 0.688595 0.665596 0.660500 
0.500000 0.500000 0.688806 0.665654 0.660516 
0.500000 0.500000 0.688978 0.665701 0.660529 
0.500000 0.500000 0.689119 0.665740 0.660540 
0.500000 0.500000 0.689233 0.665771 0.660549 
0.500000 0.500000 0.689326 0.665796 0.660556 
0.500000 0.500000 0.689403 0.665817 0.660561 
0.675038 0.500000 0.689465 0.665834 0.660566 
0.500000 0.500000 0.689515 0.665848 0.660570 
0.500000 0.500000 0.689557 0.665859 0.660573 
0.500000 0.500000 0.689590 0.665868 0.660575 
0.500000 0.500000 0.689618 0.665876 0.660577 
0.500000 0.500000 0.689641 0.665882 0.660579 
0.500000 0.500000 0.689659 0.665887 0.660580 
0.500000 0.500000 0.689674 0.665891 0.660582 
0.500000 0.500000 0.689686 0.665894 0.660582 
0.500000 0.500000 0.689696 0.665897 0.660583 
0.675038 0.500000 0.689704 0.665899 0.660584 
0.500000 0.500000 0.689711 0.665901 0.660584 
0.500000 0.500000 0.689716 0.665903 0.660585 
0.500000 0.500000 0.689721 0.665904 0.660585 
0.500000 0.500000 0.689725 0.665905 0.660585 
0.500000 0.500000 0.689728 0.665906 0.660586 
0.500000 0.500000 0.689730 0.665906 0.660586 
0.500000 0.500000 0.689732 0.665907 0.660586 
0.500000 0.500000 0.689734 0.665907 0.660586 
0.500000 0.500000 0.689735 0.665908 0.660586 
0.675038 0.500000 0.689736 0.665908 0.660586 
0.500000 0.500000 0.689737 0.665908 0.660586 
0.500000 0.500000 0.689738 0.665908 0.660586 
0.500000 0.500000 0.689738 0.665909 0.660586 
0.500000 0.500000 0.689739 0.665909 0.660586 
0.500000 0.500000 0.689739 0.665909 0.660586 
0.500000 0.500000 0.689739 0.665909 0.660586 
0.500000 0.500000 0.689740 0.665909 0.660586 
0.500000 0.500000 0.689740 0.665909 0.660586 
0.500000 0.500000 0.689740 0.665909 0.660587 
0.675038 0.500000 0.689740 0.665909 0.660587 
0.500000 0.500000 0.689740 0.665909 0.660587 
0.500000 0.500000 0.689740 0.665909 0.660587 
0.500000 0.500000 0.689740 0.665909 0.660587 
0.500000 0.500000 0.689741 0.665909 0.660587 
0.500000 0.500000 0.689741 0.665909 0.660587 
0.500000 0.500000 0.689741 0.665909 0.660587 
0.500000 0.500000 0.689741 0.665909 0.660587 
0.500000 0.500000 0.689741 0.665909 0.660587 
0.500000 0.500000 0.689741 0.665909 0.660587 
0.675038 0.500000 0.689741 0.665909 0.660587 
0.500000 0.500000 0.689741 0.665909 0.660587 
0.500000 0.500000 0.689741 0.665909 0.660587 
0.500000 0.500000 0.689741 0.665909 0.660587 
0.500000 0.500000 0.689741 0.665909 0.660587 
0.500000 0.500000 0.689741 0.665909 0.660587 
0.500000 0.500000 0.689741 0.665909 0.660587 
0.500000 0.500000 0.689741 0.665909 0.660587 
0.500000 0.500000 0.689741 0.665909 0.660587 
0.500000 0.500000 0.689741 0.665909 0.660587 
0.675038 0.500000 0.689741 0.665909 0.660587 
0.500000 0.500000 0.689741 0.665909 0.660587 
0.500000 0.500000 0.689741 0.665909 0.660587 
0.500000 0.500000 0.689741 0.665909 0.660587 
0.500000 0.500000 0.689741 0.665909 0.660587 
0.500000 0.500000 0.689741 0.665909 0.660587 
0.500000 0.500000 0.689741 0.665909 0.660587 
0.500000 0.500000 0.689741 0.665909 0.660587 
0.500000 0.500000 0.689741 0.665909 0.660587 
0.500000 0.500000 0.689741 0.665909 0.660587 
0.675038 0.500000 0.689741 0.665909 0.660587 
0.500000 0.500000 0.689741 0.665909 0.660587 
0.500000 0.500000 0.689741 0.665909 0.660587 
0.500000 0.500000 0.689741 0.665909 0.660587 
0.500000 0.500000 0.689741 0.665909 0.660587 
0.500000 0.500000 0.689741 0.665909 0.660587 
0.500000 0.500000 0.689741 0.665909 0.660587 
0.500000 0.500000 0.689741 0.665909 0.660587 
0.500000 0.500000 0.689741 0.665909 0.660587 
0.500000 0.500000 0.689741 0.665909 0.660587 
0.675038 0.622459 0.622459 0.500000 0.500000 
0.500000 0.682468 0.604812 0.650778 0.500000 
0.500000 0.669961 0.596123 0.646757 0.657186 
0.500000 0.656198 0.590855 0.644769 0.656279 
0.500000 0.641872 0.588573 0.643561 0.655831 
0.500000 0.627958 0.588739 0.643038 0.655558 
0.500000 0.615257 0.590838 0.643076 0.655440 
0.500000 0.500000 0.594371 0.643557 0.655448 
0.500000 0.500000 0.613724 0.644367 0.655557 
0.500000 0.500000 0.629423 0.648790 0.655740 
0.675038 0.500000 0.642074 0.652359 0.656738 
0.500000 0.633341 0.652075 0.655222 0.657542 
0.500000 0.631541 0.642499 0.657478 0.658186 
0.500000 0.627193 0.635029 0.655318 0.658694 
0.500000 0.622046 0.629352 0.653629 0.658208 
0.500000 0.616491 0.625355 0.652342 0.657828 
0.500000 0.610882 0.622837 0.651435 0.657538 
0.500000 0.605499 0.621558 0.650864 0.657334 
0.500000 0.500000 0.621273 0.650573 0.657205 
0.500000 0.500000 0.635957 0.650508 0.657140 
0.675038 0.500000 0.647244 0.653839 0.657125 
0.500000 0.639170 0.656133 0.656389 0.657875 
0.500000 0.637475 0.645214 0.658391 0.658449 
0.500000 0.633002 0.636485 0.655931 0.658899 
0.500000 0.627512 0.629731 0.653959 0.658346 
0.500000 0.621447 0.624875 0.652428 0.657902 
0.500000 0.615216 0.621720 0.651327 0.657557 
0.500000 0.609155 0.620007 0.650610 0.657309 
0.500000 0.500000 0.619464 0.650220 0.657148 
0.500000 0.500000 0.634514 0.650097 0.657060 
0.675038 0.500000 0.646102 0.653512 0.657032 
0.500000 0.640638 0.655238 0.656132 0.657802 
0.500000 0.638661 0.644215 0.658190 0.658391 
0.500000 0.633906 0.635461 0.655706 0.658854 
0.500000 0.628157 0.628738 0.653727 0.658295 
0.500000 0.621862 0.623953 0.652203 0.657850 
0.500000 0.615434 0.620894 0.651117 0.657507 
0.500000 0.609214 0.619292 0.650422 0.657262 
0.500000 0.500000 0.618863 0.650057 0.657106 
0.500000 0.500000 0.634029 0.649960 0.657023 
0.675038 0.500000 0.645719 0.653403 0.657001 
0.500000 0.640391 0.654937 0.656045 0.657777 
0.500000 0.638389 0.643986 0.658122 0.658371 
0.500000 0.633620 0.635306 0.655654 0.658838 
0.500000 0.627873 0.628649 0.653692 0.658283 
0.500000 0.621592 0.623921 0.652183 0.657842 
0.500000 0.615188 0.620906 0.651110 0.657502 
0.500000 0.608998 0.619337 0.650425 0.657260 
0.500000 0.500000 0.618932 0.650068 0.657106 
0.500000 0.500000 0.634084 0.649976 0.657026 
0.675038 0.500000 0.645762 0.653415 0.657005 
0.500000 0.640286 0.654971 0.656055 0.657780 
0.500000 0.638299 0.644031 0.658130 0.658374 
0.500000 0.633547 0.635357 0.655664 0.658840 
0.500000 0.627816 0.628702 0.653703 0.658286 
0.500000 0.621549 0.623974 0.652195 0.657844 
0.500000 0.615159 0.620957 0.651122 0.657505 
0.500000 0.608980 0.619383 0.650436 0.657263 
0.500000 0.500000 0.618973 0.650078 0.657109 
0.500000 0.500000 0.634117 0.649985 0.657028 
0.675038 0.500000 0.645788 0.653422 0.657007 
0.500000 0.640294 0.654992 0.656061 0.657781 
0.500000 0.638310 0.644048 0.658134 0.658375 
0.500000 0.633559 0.635370 0.655668 0.658841 
0.500000 0.627829 0.628711 0.653706 0.658287 
0.500000 0.621563 0.623979 0.652197 0.657845 
0.500000 0.615171 0.620959 0.651123 0.657505 
0.500000 0.608991 0.619384 0.650437 0.657263 
0.500000 0.500000 0.618971 0.650078 0.657109 
0.500000 0.500000 0.634116 0.649985 0.657028 
0.675038 0.500000 0.645787 0.653422 0.657007 
0.500000 0.640301 0.654991 0.656060 0.657781 
0.500000 0.638316 0.644046 0.658134 0.658375 
0.500000 0.633564 0.635367 0.655668 0.658841 
0.500000 0.627834 0.628709 0.653706 0.658286 
0.500000 0.621566 0.623977 0.652197 0.657845 
0.500000 0.615174 0.620957 0.651122 0.657505 
0.500000 0.608993 0.619381 0.650436 0.657263 
0.500000 0.500000 0.618969 0.650078 0.657109 
0.500000 0.500000 0.634114 0.649984 0.657028 
0.675038 0.500000 0.645786 0.653422 0.657007 
0.500000 0.640301 0.654990 0.656060 0.657781 
0.500000 0.638316 0.644045 0.658134 0.658375 
0.500000 0.633564 0.635366 0.655667 0.658841 
0.500000 0.627833 0.628708 0.653705 0.658286 
0.500000 0.621565 0.623976 0.652196 0.657845 
0.500000 0.615173 0.620956 0.651122 0.657505 
0.500000 0.608993 0.619381 0.650436 0.657263 
0.500000 0.500000 0.618968 0.650078 0.657109 
0.500000 0.500000 0.634114 0.649984 0.657028 
0.675038 0.500000 0.645786 0.653422 0.657007 
0.500000 0.640301 0.654990 0.656060 0.657781 
0.500000 0.638315 0.644045 0.658134 0.658375 
0.500000 0.633564 0.635367 0.655667 0.658841 
0.500000 0.627833 0.628708 0.653705 0.658286 
0.500000 0.621565 0.623976 0.652196 0.657845 
0.500000 0.615173 0.620956 0.651122 0.657505 
0.500000 0.608993 0.619381 0.650436 0.657263 
0.500000 0.500000 0.618969 0.650078 0.657109 
0.500000 0.500000 0.634114 0.649984 0.657028 
