0.440679 0.268941 0.268941 0.500000 0.500000 
0.440679 0.362982 0.359370 0.368680 0.500000 
0.440679 0.389002 0.276147 0.327671 0.323582 
0.440679 0.422305 0.354030 0.365333 0.341787 
0.440679 0.431918 0.260093 0.330028 0.325049 
0.440679 0.451611 0.352117 0.372809 0.340727 
0.440679 0.454286 0.249533 0.330874 0.321777 
0.440679 0.466512 0.353700 0.377760 0.340347 
0.440679 0.466015 0.241906 0.330174 0.319620 
0.440679 0.474413 0.357046 0.381353 0.340662 
0.440679 0.472435 0.235649 0.328695 0.318059 
0.440679 0.478869 0.361313 0.384309 0.341326 
0.440679 0.476121 0.230025 0.326815 0.316778 
0.440679 0.481538 0.366118 0.386974 0.342172 
0.440679 0.478321 0.224695 0.324704 0.315626 
0.440679 0.483227 0.371268 0.389506 0.343123 
0.440679 0.479673 0.219506 0.322450 0.314533 
0.440679 0.484352 0.376650 0.391976 0.344140 
0.440679 0.480522 0.214397 0.320103 0.313469 
0.440679 0.485140 0.382183 0.394414 0.345200 
0.440679 0.481063 0.209353 0.317699 0.312420 
0.440679 0.485724 0.387797 0.396826 0.346288 
0.440679 0.481413 0.204388 0.315270 0.311385 
0.440679 0.486179 0.393426 0.399206 0.347388 
0.440679 0.481647 0.199528 0.312845 0.310365 
0.440679 0.486553 0.399007 0.401539 0.348488 
0.440679 0.481808 0.194807 0.310451 0.309367 
0.440679 0.486875 0.404479 0.403810 0.349576 
0.440679 0.481927 0.190262 0.308113 0.308398 
0.440679 0.487161 0.409786 0.406000 0.350640 
0.440679 0.482021 0.185927 0.305854 0.307464 
0.440679 0.487421 0.414880 0.408093 0.351669 
0.440679 0.482102 0.181829 0.303696 0.306574 
0.440679 0.487662 0.419718 0.410074 0.352654 
0.440679 0.482178 0.177992 0.301654 0.305732 
0.440679 0.487886 0.424270 0.411932 0.353587 
0.440679 0.482251 0.174430 0.299739 0.304944 
0.440679 0.488096 0.428513 0.413659 0.354463 
0.440679 0.482325 0.171149 0.297961 0.304212 
0.440679 0.488291 0.432436 0.415252 0.355277 
0.440679 0.482398 0.168148 0.296322 0.303539 
0.440679 0.488473 0.436037 0.416709 0.356028 
0.440679 0.482472 0.165423 0.294823 0.302923 
0.440679 0.488641 0.439320 0.418035 0.356716 
0.440679 0.482546 0.162960 0.293460 0.302363 
0.440679 0.488796 0.442295 0.419234 0.357342 
0.440679 0.482617 0.160745 0.292227 0.301858 
0.440679 0.488938 0.444980 0.420312 0.357908 
0.440679 0.482687 0.158762 0.291118 0.301403 
0.440679 0.489068 0.447392 0.421279 0.358418 
0.440679 0.482754 0.156992 0.290124 0.300996 
0.440679 0.489186 0.449551 0.422143 0.358876 
0.440679 0.482818 0.155416 0.289235 0.300633 
0.440679 0.489293 0.451478 0.422912 0.359285 
0.440679 0.482877 0.154016 0.288443 0.300310 
0.440679 0.489389 0.453195 0.423595 0.359649 
0.440679 0.482933 0.152774 0.287739 0.300022 
0.440679 0.489475 0.454722 0.424202 0.359974 
0.440679 0.482984 0.500000 0.287114 0.299768 
0.440679 0.466804 0.456078 0.500000 0.360262 
0.440679 0.461271 0.500000 0.286559 0.500000 
0.440679 0.437772 0.464308 0.500000 0.360518 
0.440679 0.435002 0.500000 0.283205 0.500000 
0.440679 0.407998 0.470255 0.500000 0.362065 
0.440679 0.409938 0.500000 0.280797 0.500000 
0.440679 0.382705 0.474429 0.500000 0.363179 
0.440679 0.389332 0.500000 0.279115 0.500000 
0.440679 0.363400 0.477343 0.500000 0.363957 
0.440679 0.373771 0.500000 0.277944 0.500000 
0.440679 0.349474 0.479401 0.500000 0.364500 
0.440679 0.362540 0.500000 0.277118 0.500000 
0.440679 0.339698 0.480885 0.500000 0.364882 
0.440679 0.354615 0.500000 0.276524 0.500000 
0.440679 0.332914 0.481977 0.500000 0.365158 
0.440679 0.349076 0.500000 0.276087 0.500000 
0.440679 0.328220 0.482796 0.500000 0.365360 
0.440679 0.345211 0.500000 0.275760 0.500000 
0.440679 0.324964 0.483423 0.500000 0.365512 
0.440679 0.342506 0.500000 0.275510 0.500000 
0.440679 0.322692 0.483909 0.500000 0.365628 
0.440679 0.340602 0.500000 0.275316 0.500000 
0.440679 0.321094 0.484291 0.500000 0.365718 
0.440679 0.339249 0.500000 0.275163 0.500000 
0.440679 0.319960 0.484595 0.500000 0.365789 
0.440679 0.338279 0.500000 0.275042 0.500000 
0.440679 0.319145 0.484838 0.500000 0.365845 
0.440679 0.337574 0.500000 0.274945 0.500000 
0.440679 0.318553 0.485034 0.500000 0.365890 
0.440679 0.337055 0.500000 0.274867 0.500000 
0.440679 0.318116 0.485194 0.500000 0.365926 
0.440679 0.336669 0.500000 0.274803 0.500000 
0.440679 0.317790 0.485324 0.500000 0.365956 
0.440679 0.336378 0.500000 0.274751 0.500000 
0.440679 0.317544 0.485431 0.500000 0.365980 
0.440679 0.336155 0.500000 0.274709 0.500000 
0.440679 0.317355 0.485518 0.500000 0.365999 
0.440679 0.335983 0.500000 0.274674 0.500000 
0.440679 0.317209 0.485590 0.500000 0.366016 
0.440679 0.335848 0.500000 0.274645 0.500000 
0.440679 0.317095 0.485650 0.500000 0.366029 
0.440679 0.268941 0.268941 0.500000 0.500000 
0.440679 0.362982 0.359370 0.368680 0.500000 
0.440679 0.389002 0.422910 0.327671 0.323582 
0.440679 0.388493 0.459739 0.300310 0.341787 
0.440679 0.375778 0.480238 0.285064 0.354202 
0.440679 0.357555 0.490752 0.276783 0.361207 
0.440679 0.338018 0.495812 0.272594 0.365038 
0.440679 0.319753 0.498137 0.270591 0.366982 
0.440679 0.303963 0.499173 0.269675 0.367912 
0.440679 0.290915 0.499629 0.269267 0.368339 
0.440679 0.280396 0.499830 0.269087 0.368529 
0.440679 0.272020 0.499920 0.269008 0.368612 
0.440679 0.265388 0.499961 0.268973 0.368649 
0.440679 0.260146 0.499980 0.268957 0.368666 
0.440679 0.256003 0.499989 0.268949 0.368673 
0.440679 0.252724 0.499994 0.268946 0.368677 
0.440679 0.250126 0.499997 0.268944 0.368678 
0.440679 0.248065 0.499998 0.268943 0.368679 
0.440679 0.246427 0.499999 0.268942 0.368680 
0.440679 0.245125 0.499999 0.268942 0.368680 
0.440679 0.244087 0.499999 0.268942 0.368680 
0.440679 0.243260 0.500000 0.268942 0.368680 
0.440679 0.242601 0.500000 0.268942 0.368680 
0.440679 0.242075 0.500000 0.268942 0.368680 
0.440679 0.241655 0.500000 0.268942 0.368680 
0.440679 0.241319 0.500000 0.268941 0.368680 
0.440679 0.241051 0.500000 0.268941 0.368680 
0.440679 0.240837 0.500000 0.268941 0.368680 
0.440679 0.240666 0.500000 0.268941 0.368680 
0.440679 0.240529 0.500000 0.268941 0.368680 
0.440679 0.240419 0.500000 0.268941 0.368680 
0.440679 0.240332 0.500000 0.268941 0.368680 
0.440679 0.240262 0.500000 0.268941 0.368680 
0.440679 0.240206 0.500000 0.268941 0.368680 
0.440679 0.240161 0.500000 0.268941 0.368680 
0.440679 0.240125 0.500000 0.268941 0.368680 
0.440679 0.240096 0.500000 0.268941 0.368680 
0.440679 0.240073 0.500000 0.268941 0.368680 
0.440679 0.240055 0.500000 0.268941 0.368680 
0.440679 0.240040 0.500000 0.268941 0.368680 
0.440679 0.240029 0.500000 0.268941 0.368680 
0.440679 0.240019 0.500000 0.268941 0.368680 
0.440679 0.240012 0.500000 0.268941 0.368680 
0.440679 0.240006 0.500000 0.268941 0.368680 
0.440679 0.240001 0.500000 0.268941 0.368680 
0.440679 0.239997 0.500000 0.268941 0.368680 
0.440679 0.239994 0.500000 0.268941 0.368680 
0.440679 0.239992 0.500000 0.268941 0.368680 
0.440679 0.239990 0.500000 0.268941 0.368680 
0.440679 0.239988 0.500000 0.268941 0.368680 
0.440679 0.239987 0.500000 0.268941 0.368680 
0.440679 0.239986 0.500000 0.268941 0.368680 
0.440679 0.239985 0.500000 0.268941 0.368680 
0.440679 0.239984 0.500000 0.268941 0.368680 
0.440679 0.239984 0.500000 0.268941 0.368680 
0.440679 0.239983 0.500000 0.268941 0.368680 
0.440679 0.239983 0.500000 0.268941 0.368680 
0.440679 0.239983 0.500000 0.268941 0.368680 
0.440679 0.239983 0.500000 0.268941 0.368680 
0.440679 0.239982 0.500000 0.268941 0.368680 
0.440679 0.239982 0.500000 0.268941 0.368680 
0.440679 0.239982 0.500000 0.268941 0.368680 
0.440679 0.239982 0.500000 0.268941 0.368680 
0.440679 0.239982 0.500000 0.268941 0.368680 
0.440679 0.239982 0.500000 0.268941 0.368680 
0.440679 0.239982 0.500000 0.268941 0.368680 
0.440679 0.239982 0.500000 0.268941 0.368680 
0.440679 0.239982 0.500000 0.268941 0.368680 
0.440679 0.239982 0.500000 0.268941 0.368680 
0.440679 0.239982 0.500000 0.268941 0.368680 
0.440679 0.239982 0.500000 0.268941 0.368680 
0.440679 0.239982 0.500000 0.268941 0.368680 
0.440679 0.239982 0.500000 0.268941 0.368680 
0.440679 0.239982 0.500000 0.268941 0.368680 
0.440679 0.239982 0.500000 0.268941 0.368680 
0.440679 0.239982 0.500000 0.268941 0.368680 
0.440679 0.239982 0.500000 0.268941 0.368680 
0.440679 0.239982 0.500000 0.268941 0.368680 
0.440679 0.239982 0.500000 0.268941 0.368680 
0.440679 0.239982 0.500000 0.268941 0.368680 
0.440679 0.239982 0.500000 0.268941 0.368680 
0.440679 0.239982 0.500000 0.268941 0.368680 
0.440679 0.239982 0.500000 0.268941 0.368680 
0.440679 0.239982 0.500000 0.268941 0.368680 
0.440679 0.239982 0.500000 0.268941 0.368680 
0.440679 0.239982 0.500000 0.268941 0.368680 
0.440679 0.239982 0.500000 0.268941 0.368680 
0.440679 0.239982 0.500000 0.268941 0.368680 
0.440679 0.239982 0.500000 0.268941 0.368680 
0.440679 0.239982 0.500000 0.268941 0.368680 
0.440679 0.239982 0.500000 0.268941 0.368680 
0.440679 0.239982 0.500000 0.268941 0.368680 
0.440679 0.239982 0.500000 0.268941 0.368680 
0.440679 0.239982 0.500000 0.268941 0.368680 
0.440679 0.239982 0.500000 0.268941 0.368680 
0.440679 0.239982 0.500000 0.268941 0.368680 
0.440679 0.239982 0.500000 0.268941 0.368680 
0.440679 0.239982 0.500000 0.268941 0.368680 
0.440679 0.239982 0.500000 0.268941 0.368680 
0.440679 0.239982 0.500000 0.268941 0.368680 
