0.440679 0.268941 0.268941 0.500000 0.500000 
0.440679 0.362982 0.240693 0.368680 0.500000 
0.440679 0.418942 0.317442 0.381925 0.323582 
0.440679 0.437259 0.250622 0.346404 0.317811 
0.440679 0.457088 0.323877 0.377248 0.333409 
0.440679 0.461922 0.250968 0.343496 0.319842 
0.440679 0.471488 0.327494 0.377086 0.334703 
0.440679 0.472299 0.249652 0.341867 0.319913 
0.440679 0.478050 0.330563 0.377704 0.335429 
0.440679 0.477337 0.247691 0.340487 0.319644 
0.440679 0.481438 0.333535 0.378627 0.336044 
0.440679 0.480019 0.245383 0.339153 0.319243 
0.440679 0.483342 0.336552 0.379713 0.336639 
0.440679 0.481528 0.242844 0.337802 0.318771 
0.440679 0.484481 0.339670 0.380910 0.337243 
0.440679 0.482402 0.240128 0.336409 0.318251 
0.440679 0.485197 0.342913 0.382192 0.337866 
0.440679 0.482913 0.237263 0.334962 0.317695 
0.440679 0.485671 0.346290 0.383546 0.338514 
0.440679 0.483209 0.234270 0.333460 0.317109 
0.440679 0.486002 0.349802 0.384962 0.339187 
0.440679 0.483374 0.231163 0.331900 0.316496 
0.440679 0.486248 0.353447 0.386434 0.339887 
0.440679 0.483458 0.227958 0.330286 0.315859 
0.440679 0.486443 0.357216 0.387955 0.340611 
0.440679 0.483493 0.224669 0.328620 0.315202 
0.440679 0.486609 0.361099 0.389518 0.341360 
0.440679 0.483497 0.221310 0.326909 0.314528 
0.440679 0.486757 0.365082 0.391117 0.342130 
0.440679 0.483483 0.217899 0.325159 0.313839 
0.440679 0.486896 0.369148 0.392743 0.342918 
0.440679 0.483458 0.214453 0.323377 0.313139 
0.440679 0.487030 0.373278 0.394387 0.343722 
0.440679 0.483429 0.210993 0.321572 0.312432 
0.440679 0.487162 0.377448 0.396042 0.344536 
0.440679 0.483397 0.207536 0.319755 0.311721 
0.440679 0.487293 0.381636 0.397696 0.345357 
0.440679 0.483366 0.204105 0.317936 0.311012 
0.440679 0.487424 0.385816 0.399341 0.346180 
0.440679 0.483337 0.200719 0.316126 0.310307 
0.440679 0.487555 0.389964 0.400967 0.347000 
0.440679 0.483311 0.197399 0.314336 0.309612 
0.440679 0.487685 0.394052 0.402563 0.347812 
0.440679 0.483288 0.194162 0.312576 0.308930 
0.440679 0.487815 0.398058 0.404121 0.348611 
0.440679 0.483270 0.191027 0.310857 0.308265 
0.440679 0.487943 0.401958 0.405632 0.349392 
0.440679 0.483257 0.188007 0.309189 0.307621 
0.440679 0.488068 0.405731 0.407088 0.350151 
0.440679 0.483248 0.185116 0.307579 0.307001 
0.440679 0.488191 0.409360 0.408485 0.350884 
0.440679 0.483243 0.182364 0.306035 0.306407 
0.440679 0.488311 0.412830 0.409815 0.351587 
0.440679 0.483243 0.179758 0.304564 0.305842 
0.440679 0.488427 0.416129 0.411077 0.352258 
0.440679 0.483246 0.177302 0.303168 0.305307 
0.440679 0.488538 0.419250 0.412266 0.352896 
0.440679 0.483253 0.174999 0.301851 0.304802 
0.440679 0.488645 0.422188 0.413383 0.353497 
0.440679 0.483262 0.172849 0.300614 0.304329 
0.440679 0.488747 0.424941 0.414426 0.354063 
0.440679 0.483274 0.170849 0.299458 0.303888 
0.440679 0.488843 0.427509 0.415397 0.354592 
0.440679 0.483289 0.168996 0.298381 0.303477 
0.440679 0.488934 0.429897 0.416297 0.355085 
0.440679 0.483304 0.167284 0.297382 0.303097 
0.440679 0.489019 0.432109 0.417130 0.355542 
0.440679 0.483321 0.165707 0.296459 0.302745 
0.440679 0.489099 0.434152 0.417896 0.355966 
0.440679 0.483339 0.164259 0.295607 0.302422 
0.440679 0.489173 0.436034 0.418601 0.356356 
0.440679 0.483357 0.162932 0.294824 0.302124 
0.440679 0.489242 0.437762 0.419247 0.356715 
0.440679 0.483375 0.161718 0.294106 0.301852 
0.440679 0.489306 0.439347 0.419839 0.357045 
0.440679 0.483392 0.160609 0.293448 0.301603 
0.440679 0.489366 0.440797 0.420379 0.357347 
0.440679 0.483410 0.159598 0.292847 0.301375 
0.440679 0.489420 0.442122 0.420872 0.357623 
0.440679 0.483427 0.158677 0.292299 0.301168 
0.440679 0.489471 0.443331 0.421321 0.357875 
0.440679 0.483443 0.157840 0.291799 0.300979 
0.440679 0.489517 0.444432 0.421729 0.358105 
0.440679 0.483459 0.157079 0.291344 0.300807 
0.440679 0.489559 0.445434 0.422100 0.358314 
0.440679 0.483473 0.156388 0.290931 0.300651 
0.440679 0.489598 0.446346 0.422437 0.358504 
0.440679 0.483487 0.155761 0.290555 0.300509 
0.440679 0.489633 0.447174 0.422743 0.358677 
0.440679 0.483500 0.155193 0.290213 0.300381 
0.440679 0.489665 0.447926 0.423021 0.358834 
0.440679 0.483512 0.154678 0.289904 0.300264 
0.440679 0.489695 0.448608 0.423272 0.358977 
0.440679 0.483523 0.154211 0.289623 0.300158 
0.440679 0.489721 0.449227 0.423500 0.359106 
0.440679 0.483534 0.153788 0.289368 0.300063 
0.440679 0.489746 0.449788 0.423707 0.359223 
0.440679 0.483544 0.153405 0.289138 0.299976 
0.440679 0.489768 0.450296 0.423894 0.359329 
0.440679 0.483553 0.153058 0.288929 0.299897 
