0.500000 0.268941 0.268941 0.500000 0.500000 
0.500000 0.349770 0.194364 0.368680 0.500000 
0.500000 0.404424 0.197787 0.404024 0.323582 
0.500000 0.445362 0.206974 0.402376 0.308307 
0.500000 0.466821 0.227420 0.397966 0.309010 
0.500000 0.476870 0.254362 0.388210 0.310896 
0.500000 0.480788 0.284877 0.375493 0.315092 
0.500000 0.480924 0.316176 0.361293 0.320607 
0.500000 0.477736 0.345803 0.346977 0.326824 
0.500000 0.470357 0.371703 0.333676 0.333154 
0.440679 0.456709 0.392341 0.322260 0.339090 
0.500000 0.446226 0.406638 0.313311 0.344226 
0.500000 0.415084 0.416718 0.307193 0.348277 
0.500000 0.371950 0.418213 0.302919 0.351059 
0.500000 0.322748 0.409217 0.302288 0.353009 
0.500000 0.279013 0.385931 0.306096 0.353298 
0.500000 0.250548 0.345560 0.316076 0.351559 
0.500000 0.242544 0.292746 0.333784 0.347023 
0.500000 0.259361 0.242265 0.357670 0.339042 
0.500000 0.304848 0.207965 0.381183 0.328420 
0.440679 0.368836 0.193352 0.397491 0.318133 
0.500000 0.438038 0.195439 0.404511 0.311100 
0.500000 0.464761 0.213971 0.403506 0.308099 
0.500000 0.477364 0.239657 0.394618 0.308528 
0.500000 0.482637 0.270075 0.382414 0.312333 
0.500000 0.483921 0.302290 0.368153 0.317599 
0.500000 0.482233 0.333754 0.353297 0.323813 
0.500000 0.477188 0.362226 0.339055 0.330352 
0.500000 0.467191 0.385956 0.326413 0.336683 
0.500000 0.449436 0.403741 0.316066 0.342353 
0.440679 0.420612 0.414691 0.308427 0.347027 
0.500000 0.399248 0.417688 0.303776 0.350497 
0.500000 0.352289 0.415861 0.302509 0.352618 
0.500000 0.304012 0.401544 0.303281 0.353196 
0.500000 0.265619 0.371537 0.309365 0.352844 
0.500000 0.244977 0.325051 0.322332 0.350070 
0.500000 0.246375 0.271236 0.342967 0.344193 
0.500000 0.274594 0.226252 0.367613 0.334938 
0.500000 0.330002 0.200036 0.388766 0.324049 
0.500000 0.393546 0.192653 0.401295 0.314852 
0.440679 0.439915 0.200292 0.404848 0.309472 
0.500000 0.472022 0.218952 0.401172 0.307955 
0.500000 0.481147 0.247362 0.392241 0.309524 
0.500000 0.484695 0.279005 0.378781 0.313355 
0.500000 0.484963 0.311691 0.364008 0.319176 
0.500000 0.482448 0.342863 0.349013 0.325630 
0.500000 0.476388 0.370429 0.334985 0.332250 
0.500000 0.464809 0.392816 0.322816 0.338504 
0.500000 0.444545 0.408980 0.313107 0.343974 
0.500000 0.412299 0.418083 0.306197 0.348369 
0.440679 0.367931 0.418854 0.302343 0.351513 
0.500000 0.342318 0.408806 0.302018 0.353272 
0.500000 0.296807 0.392231 0.306271 0.353421 
0.500000 0.263595 0.358908 0.313359 0.351480 
0.500000 0.248621 0.311419 0.327874 0.348255 
0.500000 0.256284 0.260586 0.349136 0.341695 
0.500000 0.290838 0.221209 0.372578 0.332195 
0.500000 0.348441 0.200423 0.391165 0.321878 
0.500000 0.406920 0.197217 0.401109 0.313818 
0.500000 0.446478 0.207857 0.402650 0.309551 
0.440679 0.467361 0.228499 0.397543 0.308893 
0.500000 0.481759 0.255654 0.387698 0.311078 
0.500000 0.484401 0.287949 0.374887 0.315313 
0.500000 0.483968 0.320200 0.359877 0.320870 
0.500000 0.480575 0.350428 0.345156 0.327447 
0.500000 0.473160 0.376584 0.331622 0.333964 
0.500000 0.459419 0.397251 0.320132 0.340011 
0.500000 0.436022 0.411468 0.311203 0.345187 
0.500000 0.400231 0.418328 0.305141 0.349234 
0.500000 0.353682 0.416281 0.302240 0.351995 
0.440679 0.305100 0.402419 0.303103 0.353320 
0.500000 0.290043 0.372839 0.308992 0.352925 
0.500000 0.265179 0.337420 0.321764 0.350240 
0.500000 0.260068 0.290931 0.337414 0.344450 
0.500000 0.277940 0.247413 0.358504 0.337417 
0.500000 0.320335 0.217623 0.378757 0.328052 
0.500000 0.376183 0.205169 0.392874 0.319186 
0.500000 0.424022 0.208139 0.398831 0.313082 
0.500000 0.453729 0.223008 0.397408 0.310526 
0.500000 0.469062 0.246149 0.390308 0.311136 
0.440679 0.475948 0.274239 0.379353 0.314187 
0.500000 0.482375 0.304333 0.366218 0.318927 
0.500000 0.480440 0.335463 0.352363 0.324660 
0.500000 0.474929 0.363201 0.338289 0.330765 
0.500000 0.464148 0.386202 0.325985 0.337025 
0.500000 0.445310 0.403202 0.315959 0.342546 
0.500000 0.415362 0.413276 0.308657 0.347076 
0.500000 0.373792 0.415198 0.304375 0.350392 
0.500000 0.326194 0.406736 0.303561 0.352345 
0.500000 0.283393 0.384422 0.307151 0.352716 
0.440679 0.255071 0.345687 0.316729 0.351078 
0.500000 0.269375 0.294807 0.333727 0.346727 
0.500000 0.283769 0.255497 0.356723 0.339067 
0.500000 0.321517 0.225803 0.374960 0.328838 
0.500000 0.372568 0.212441 0.388979 0.320839 
0.500000 0.418507 0.214002 0.395349 0.314760 
0.500000 0.448657 0.227457 0.394603 0.312019 
0.500000 0.464943 0.249290 0.388193 0.312339 
0.500000 0.472502 0.276185 0.377874 0.315099 
0.500000 0.474688 0.305177 0.365315 0.319570 
0.500000 0.268941 0.268941 0.500000 0.500000 
0.500000 0.319715 0.194364 0.368680 0.500000 
0.500000 0.342965 0.190010 0.404024 0.323582 
0.500000 0.375144 0.185221 0.406122 0.308307 
0.500000 0.402445 0.188457 0.408434 0.307412 
0.500000 0.423034 0.197288 0.406871 0.306429 
0.500000 0.436707 0.210918 0.402616 0.307093 
0.500000 0.444544 0.228299 0.396078 0.308907 
0.500000 0.447589 0.248194 0.387793 0.311706 
0.500000 0.446404 0.269137 0.378390 0.315272 
0.440679 0.441004 0.289492 0.368589 0.319346 
0.500000 0.443834 0.307539 0.359166 0.323622 
0.500000 0.429473 0.326354 0.350902 0.327760 
0.500000 0.409004 0.338787 0.342379 0.331413 
0.500000 0.382233 0.344062 0.336803 0.335200 
0.500000 0.351495 0.340262 0.334451 0.337690 
0.500000 0.321407 0.326034 0.336144 0.338743 
0.500000 0.297516 0.301396 0.342524 0.337985 
0.500000 0.284305 0.269488 0.353705 0.335136 
0.500000 0.284405 0.236778 0.368426 0.330171 
0.440679 0.298525 0.209975 0.383775 0.323693 
0.500000 0.348423 0.192468 0.396529 0.317009 
0.500000 0.376659 0.189890 0.404937 0.311512 
0.500000 0.402147 0.192933 0.406180 0.307917 
0.500000 0.421390 0.201639 0.404713 0.307388 
0.500000 0.434280 0.214901 0.400525 0.308013 
0.500000 0.441637 0.231694 0.394174 0.309801 
0.500000 0.444324 0.250773 0.386183 0.312524 
0.500000 0.442801 0.270695 0.377177 0.315968 
0.500000 0.437058 0.289863 0.367864 0.319873 
0.440679 0.426729 0.306613 0.358996 0.323939 
0.500000 0.427176 0.319294 0.351324 0.327835 
0.500000 0.407796 0.332236 0.345566 0.331226 
0.500000 0.383186 0.337301 0.339736 0.333781 
0.500000 0.354919 0.334133 0.337467 0.336379 
0.500000 0.327158 0.321310 0.338885 0.337393 
0.500000 0.304844 0.299008 0.344655 0.336759 
0.500000 0.292184 0.269995 0.354798 0.334187 
0.500000 0.291752 0.239860 0.368190 0.329688 
0.500000 0.304248 0.214576 0.382318 0.323796 
0.440679 0.327791 0.197530 0.394329 0.317640 
0.500000 0.379186 0.189090 0.402500 0.312457 
0.500000 0.403694 0.193396 0.406566 0.308957 
0.500000 0.422562 0.202355 0.404490 0.307224 
0.500000 0.435028 0.215931 0.400181 0.308108 
0.500000 0.442035 0.232942 0.393682 0.309948 
0.500000 0.444416 0.252149 0.385591 0.312735 
0.500000 0.442602 0.272091 0.376531 0.316223 
0.500000 0.436551 0.291164 0.367215 0.320154 
0.500000 0.425878 0.307702 0.358397 0.324223 
0.440679 0.410172 0.320054 0.350828 0.328099 
0.500000 0.408164 0.326650 0.345222 0.331445 
0.500000 0.384549 0.333130 0.342246 0.333934 
0.500000 0.358037 0.330402 0.339335 0.335259 
0.500000 0.331660 0.318853 0.340559 0.336558 
0.500000 0.310148 0.298305 0.345765 0.336012 
0.500000 0.297510 0.271278 0.355120 0.333693 
0.500000 0.296326 0.242756 0.367593 0.329546 
0.500000 0.307362 0.218291 0.380951 0.324058 
0.500000 0.328977 0.201322 0.392556 0.318233 
0.440679 0.356676 0.192533 0.400677 0.313219 
0.500000 0.403699 0.191094 0.404906 0.309736 
0.500000 0.422687 0.200717 0.405599 0.307931 
0.500000 0.435615 0.214219 0.400968 0.307635 
0.500000 0.442901 0.231378 0.394499 0.309612 
0.500000 0.445512 0.250826 0.386332 0.312384 
0.500000 0.443915 0.271117 0.377153 0.315903 
0.500000 0.438084 0.290634 0.367668 0.319884 
0.500000 0.427620 0.307690 0.358641 0.324025 
0.500000 0.412052 0.320612 0.350833 0.327992 
0.440679 0.391417 0.327801 0.344970 0.331443 
0.500000 0.387969 0.327789 0.341728 0.334047 
0.500000 0.362444 0.327622 0.341734 0.335490 
0.500000 0.337373 0.317491 0.341809 0.335488 
0.500000 0.316177 0.299126 0.346382 0.335454 
0.500000 0.302958 0.274198 0.354744 0.333419 
0.500000 0.300336 0.247144 0.366237 0.329712 
0.500000 0.309281 0.223137 0.378884 0.324652 
0.500000 0.328542 0.205786 0.390247 0.319131 
0.500000 0.354245 0.196187 0.398535 0.314213 
0.440679 0.380943 0.193807 0.403146 0.310652 
0.500000 0.420858 0.197633 0.404292 0.308681 
0.500000 0.434494 0.211269 0.402450 0.308192 
0.500000 0.442684 0.227980 0.395910 0.308978 
0.500000 0.446012 0.247342 0.387944 0.311778 
0.500000 0.445095 0.267796 0.378791 0.315207 
0.500000 0.439977 0.287758 0.369214 0.319171 
0.500000 0.430290 0.305532 0.359965 0.323348 
0.500000 0.415520 0.319427 0.351817 0.327408 
0.500000 0.395536 0.327814 0.345506 0.331007 
0.440679 0.371349 0.329181 0.341722 0.333808 
0.500000 0.368335 0.322280 0.341107 0.335493 
0.500000 0.344045 0.315760 0.344216 0.335767 
0.500000 0.323638 0.299604 0.347166 0.334382 
0.500000 0.309872 0.277372 0.354525 0.333070 
0.500000 0.305662 0.252290 0.364765 0.329809 
0.500000 0.312143 0.229116 0.376465 0.325298 
0.500000 0.328520 0.211509 0.387406 0.320183 
0.500000 0.351631 0.201013 0.395795 0.315439 
0.500000 0.376677 0.197481 0.400826 0.311828 
