0.675038 0.622459 0.622459 0.500000 0.500000 
0.500000 0.682468 0.599003 0.650778 0.500000 
0.500000 0.684505 0.614691 0.645428 0.657186 
0.500000 0.688831 0.616163 0.649010 0.655979 
0.500000 0.692621 0.616342 0.649345 0.656787 
0.500000 0.695964 0.615619 0.649386 0.656863 
0.500000 0.698834 0.614741 0.649222 0.656872 
0.500000 0.701294 0.613886 0.649022 0.656835 
0.500000 0.703408 0.613116 0.648827 0.656790 
0.500000 0.705235 0.612440 0.648651 0.656746 
0.675038 0.706822 0.611850 0.648497 0.656706 
0.500000 0.719513 0.611337 0.648363 0.656672 
0.500000 0.719769 0.608284 0.648246 0.656641 
0.500000 0.719887 0.607588 0.647549 0.656615 
0.500000 0.719983 0.607260 0.647390 0.656458 
0.500000 0.720063 0.607136 0.647316 0.656422 
0.500000 0.720135 0.607075 0.647287 0.656405 
0.500000 0.720201 0.607039 0.647273 0.656399 
0.500000 0.720263 0.607014 0.647265 0.656396 
0.500000 0.720320 0.606992 0.647259 0.656394 
0.675038 0.720373 0.606973 0.647254 0.656393 
0.500000 0.725825 0.606956 0.647250 0.656391 
0.500000 0.725658 0.605676 0.647246 0.656391 
0.500000 0.725469 0.605458 0.646954 0.656390 
0.500000 0.725282 0.605392 0.646904 0.656324 
0.500000 0.725097 0.605411 0.646889 0.656312 
0.500000 0.724917 0.605455 0.646893 0.656309 
0.500000 0.724742 0.605507 0.646903 0.656310 
0.500000 0.724572 0.605561 0.646915 0.656312 
0.500000 0.724408 0.605614 0.646928 0.656315 
0.675038 0.724249 0.605666 0.646940 0.656318 
0.500000 0.727659 0.605717 0.646952 0.656320 
0.500000 0.727458 0.604928 0.646963 0.656323 
0.500000 0.727246 0.604820 0.646783 0.656326 
0.500000 0.727032 0.604807 0.646758 0.656285 
0.500000 0.726819 0.604849 0.646755 0.656280 
0.500000 0.726606 0.604907 0.646765 0.656279 
0.500000 0.726395 0.604971 0.646778 0.656281 
0.500000 0.726187 0.605036 0.646793 0.656284 
0.500000 0.725982 0.605102 0.646808 0.656287 
0.675038 0.725780 0.605166 0.646823 0.656291 
0.500000 0.728393 0.605230 0.646837 0.656294 
0.500000 0.728196 0.604631 0.646852 0.656297 
0.500000 0.727989 0.604561 0.646715 0.656301 
0.500000 0.727778 0.604564 0.646699 0.656270 
0.500000 0.727565 0.604611 0.646700 0.656266 
0.500000 0.727351 0.604671 0.646710 0.656266 
0.500000 0.727136 0.604736 0.646724 0.656269 
0.500000 0.726922 0.604802 0.646739 0.656272 
0.500000 0.726708 0.604870 0.646754 0.656275 
0.675038 0.726496 0.604937 0.646770 0.656279 
0.500000 0.728739 0.605004 0.646785 0.656282 
0.500000 0.728548 0.604492 0.646800 0.656286 
0.500000 0.728347 0.604438 0.646683 0.656289 
0.500000 0.728142 0.604448 0.646671 0.656263 
0.500000 0.727933 0.604495 0.646673 0.656260 
0.500000 0.727721 0.604555 0.646684 0.656260 
0.500000 0.727507 0.604619 0.646698 0.656263 
0.500000 0.727292 0.604686 0.646712 0.656266 
0.500000 0.727077 0.604753 0.646728 0.656269 
0.675038 0.726863 0.604820 0.646743 0.656273 
0.500000 0.728917 0.604888 0.646758 0.656276 
0.500000 0.728731 0.604420 0.646774 0.656280 
0.500000 0.728534 0.604374 0.646667 0.656283 
0.500000 0.728332 0.604387 0.646656 0.656259 
0.500000 0.728126 0.604435 0.646659 0.656257 
0.500000 0.727917 0.604494 0.646670 0.656257 
0.500000 0.727705 0.604558 0.646684 0.656260 
0.500000 0.727491 0.604623 0.646698 0.656263 
0.500000 0.727276 0.604690 0.646713 0.656266 
0.675038 0.727061 0.604758 0.646729 0.656269 
0.500000 0.729014 0.604825 0.646744 0.656273 
0.500000 0.728830 0.604382 0.646760 0.656276 
0.500000 0.728636 0.604340 0.646658 0.656280 
0.500000 0.728437 0.604354 0.646649 0.656257 
0.500000 0.728233 0.604402 0.646652 0.656255 
0.500000 0.728025 0.604460 0.646663 0.656256 
0.500000 0.727814 0.604524 0.646676 0.656258 
0.500000 0.727601 0.604589 0.646691 0.656261 
0.500000 0.727386 0.604656 0.646706 0.656264 
0.675038 0.727171 0.604723 0.646721 0.656268 
0.500000 0.729067 0.604791 0.646736 0.656271 
0.500000 0.728885 0.604360 0.646752 0.656275 
0.500000 0.728693 0.604321 0.646653 0.656278 
0.500000 0.728495 0.604336 0.646644 0.656256 
0.500000 0.728292 0.604383 0.646648 0.656254 
0.500000 0.728085 0.604442 0.646659 0.656255 
0.500000 0.727875 0.604505 0.646672 0.656257 
0.500000 0.727663 0.604570 0.646686 0.656260 
0.500000 0.727449 0.604636 0.646701 0.656263 
0.675038 0.727234 0.604704 0.646716 0.656267 
0.500000 0.729098 0.604771 0.646732 0.656270 
0.500000 0.728917 0.604348 0.646747 0.656274 
0.500000 0.728726 0.604310 0.646650 0.656277 
0.500000 0.728529 0.604325 0.646642 0.656255 
0.500000 0.728326 0.604373 0.646645 0.656253 
0.500000 0.728120 0.604431 0.646656 0.656254 
0.500000 0.727910 0.604494 0.646669 0.656257 
0.500000 0.727698 0.604559 0.646684 0.656260 
0.500000 0.727484 0.604625 0.646699 0.656263 
0.675038 0.622459 0.622459 0.500000 0.500000 
0.500000 0.682468 0.599003 0.650778 0.500000 
0.500000 0.682113 0.614691 0.645428 0.657186 
0.500000 0.684506 0.616685 0.649010 0.655979 
0.500000 0.686687 0.617394 0.649464 0.656787 
0.500000 0.688744 0.617165 0.649626 0.656890 
0.500000 0.690588 0.616705 0.649574 0.656926 
0.500000 0.692225 0.616195 0.649469 0.656914 
0.500000 0.693677 0.615706 0.649353 0.656891 
0.500000 0.694965 0.615259 0.649241 0.656865 
0.675038 0.696111 0.614858 0.649140 0.656839 
0.500000 0.713487 0.614499 0.649048 0.656817 
0.500000 0.713406 0.610469 0.648966 0.656796 
0.500000 0.713078 0.609664 0.648048 0.656777 
0.500000 0.712744 0.609365 0.647864 0.656570 
0.500000 0.712409 0.609340 0.647796 0.656529 
0.500000 0.712086 0.609396 0.647790 0.656514 
0.500000 0.711779 0.609480 0.647803 0.656512 
0.500000 0.711488 0.609570 0.647822 0.656515 
0.500000 0.711214 0.609659 0.647843 0.656520 
0.675038 0.710955 0.609744 0.647863 0.656524 
0.500000 0.720835 0.609825 0.647882 0.656529 
0.500000 0.720346 0.607563 0.647901 0.656533 
0.500000 0.719769 0.607230 0.647385 0.656537 
0.500000 0.719191 0.607178 0.647309 0.656421 
0.500000 0.718617 0.607284 0.647297 0.656404 
0.500000 0.718052 0.607436 0.647321 0.656401 
0.500000 0.717499 0.607603 0.647356 0.656407 
0.500000 0.716962 0.607773 0.647394 0.656414 
0.500000 0.716440 0.607940 0.647433 0.656423 
0.675038 0.715935 0.608103 0.647471 0.656432 
0.500000 0.723295 0.608261 0.647508 0.656440 
0.500000 0.722766 0.606590 0.647544 0.656449 
0.500000 0.722177 0.606388 0.647162 0.656457 
0.500000 0.721580 0.606397 0.647116 0.656371 
0.500000 0.720979 0.606528 0.647119 0.656360 
0.500000 0.720380 0.606694 0.647148 0.656361 
0.500000 0.719785 0.606874 0.647186 0.656368 
0.500000 0.719197 0.607057 0.647227 0.656376 
0.500000 0.718619 0.607240 0.647269 0.656385 
0.675038 0.718053 0.607420 0.647311 0.656395 
0.500000 0.724345 0.607597 0.647352 0.656404 
0.500000 0.723818 0.606175 0.647393 0.656414 
0.500000 0.723239 0.606024 0.647068 0.656423 
0.500000 0.722648 0.606054 0.647033 0.656349 
0.500000 0.722049 0.606190 0.647040 0.656342 
0.500000 0.721447 0.606359 0.647071 0.656343 
0.500000 0.720845 0.606541 0.647110 0.656350 
0.500000 0.720246 0.606726 0.647151 0.656359 
0.500000 0.719652 0.606912 0.647194 0.656368 
0.675038 0.719066 0.607098 0.647236 0.656378 
0.500000 0.724848 0.607281 0.647278 0.656387 
0.500000 0.724327 0.605977 0.647320 0.656397 
0.500000 0.723757 0.605848 0.647022 0.656406 
0.500000 0.723173 0.605887 0.646993 0.656339 
0.500000 0.722578 0.606025 0.647002 0.656333 
0.500000 0.721978 0.606194 0.647034 0.656335 
0.500000 0.721375 0.606375 0.647072 0.656342 
0.500000 0.720773 0.606561 0.647113 0.656350 
0.500000 0.720174 0.606748 0.647156 0.656360 
0.675038 0.719581 0.606934 0.647199 0.656369 
0.500000 0.725105 0.607120 0.647241 0.656379 
0.500000 0.724587 0.605876 0.647283 0.656389 
0.500000 0.724023 0.605758 0.646999 0.656398 
0.500000 0.723443 0.605802 0.646973 0.656334 
0.500000 0.722852 0.605940 0.646983 0.656328 
0.500000 0.722254 0.606108 0.647014 0.656330 
0.500000 0.721651 0.606289 0.647053 0.656337 
0.500000 0.721049 0.606475 0.647094 0.656346 
0.500000 0.720448 0.606662 0.647136 0.656355 
0.675038 0.719852 0.606849 0.647179 0.656365 
0.500000 0.725240 0.607035 0.647222 0.656374 
0.500000 0.724725 0.605823 0.647264 0.656384 
0.500000 0.724163 0.605711 0.646987 0.656394 
0.500000 0.723586 0.605757 0.646962 0.656331 
0.500000 0.722997 0.605895 0.646972 0.656325 
0.500000 0.722400 0.606063 0.647004 0.656328 
0.500000 0.721798 0.606243 0.647042 0.656335 
0.500000 0.721195 0.606429 0.647083 0.656344 
0.500000 0.720594 0.606616 0.647126 0.656353 
0.675038 0.719997 0.606803 0.647168 0.656362 
0.500000 0.725312 0.606990 0.647211 0.656372 
0.500000 0.724798 0.605794 0.647254 0.656382 
0.500000 0.724239 0.605686 0.646981 0.656391 
0.500000 0.723663 0.605732 0.646956 0.656330 
0.500000 0.723075 0.605871 0.646967 0.656324 
0.500000 0.722479 0.606039 0.646998 0.656327 
0.500000 0.721877 0.606219 0.647037 0.656334 
0.500000 0.721274 0.606404 0.647078 0.656342 
0.500000 0.720673 0.606591 0.647120 0.656352 
0.675038 0.720075 0.606779 0.647163 0.656361 
0.500000 0.725351 0.606965 0.647206 0.656371 
0.500000 0.724838 0.605779 0.647248 0.656380 
0.500000 0.724279 0.605672 0.646977 0.656390 
0.500000 0.723705 0.605719 0.646953 0.656329 
0.500000 0.723117 0.605858 0.646964 0.656323 
0.500000 0.722521 0.606025 0.646995 0.656326 
0.500000 0.721920 0.606206 0.647034 0.656333 
0.500000 0.721317 0.606391 0.647075 0.656342 
0.500000 0.720715 0.606578 0.647117 0.656351 
0.675038 0.622459 0.622459 0.500000 0.500000 
0.500000 0.682468 0.599003 0.650778 0.500000 
0.500000 0.682113 0.607629 0.645428 0.657186 
0.500000 0.683489 0.610817 0.647400 0.655979 
0.500000 0.685059 0.612573 0.648127 0.656424 
0.500000 0.686698 0.613277 0.648527 0.656588 
0.500000 0.688276 0.613364 0.648688 0.656679 
0.500000 0.689734 0.613098 0.648708 0.656715 
0.500000 0.691047 0.612650 0.648647 0.656719 
0.500000 0.692212 0.612122 0.648545 0.656706 
0.675038 0.693236 0.611577 0.648425 0.656683 
0.500000 0.711799 0.611050 0.648300 0.656655 
0.500000 0.711595 0.606583 0.648180 0.656627 
0.500000 0.711096 0.604378 0.647161 0.656600 
0.500000 0.710496 0.603157 0.646657 0.656370 
0.500000 0.709844 0.602569 0.646378 0.656257 
0.500000 0.709175 0.602358 0.646244 0.656194 
0.500000 0.708512 0.602373 0.646196 0.656163 
0.500000 0.707869 0.602519 0.646199 0.656153 
0.500000 0.707255 0.602737 0.646232 0.656153 
0.675038 0.706674 0.602993 0.646282 0.656161 
0.500000 0.718406 0.603263 0.646341 0.656172 
0.500000 0.717678 0.600747 0.646402 0.656185 
0.500000 0.716823 0.599675 0.645827 0.656199 
0.500000 0.715923 0.599204 0.645582 0.656070 
0.500000 0.715001 0.599118 0.645474 0.656014 
0.500000 0.714076 0.599259 0.645454 0.655990 
0.500000 0.713161 0.599535 0.645487 0.655985 
0.500000 0.712266 0.599888 0.645550 0.655993 
0.500000 0.711400 0.600281 0.645631 0.656007 
0.675038 0.710568 0.600691 0.645721 0.656025 
0.500000 0.720342 0.601105 0.645814 0.656045 
0.500000 0.719550 0.599111 0.645909 0.656067 
0.500000 0.718655 0.598319 0.645453 0.656088 
0.500000 0.717720 0.598025 0.645272 0.655985 
0.500000 0.716761 0.598049 0.645204 0.655944 
0.500000 0.715793 0.598264 0.645210 0.655929 
0.500000 0.714830 0.598593 0.645259 0.655930 
0.500000 0.713881 0.598986 0.645334 0.655941 
0.500000 0.712953 0.599416 0.645424 0.655958 
0.675038 0.712055 0.599860 0.645523 0.655979 
0.500000 0.721086 0.600309 0.645624 0.656001 
0.500000 0.720281 0.598500 0.645727 0.656024 
0.500000 0.719381 0.597807 0.645313 0.656047 
0.500000 0.718441 0.597572 0.645154 0.655954 
0.500000 0.717475 0.597632 0.645101 0.655918 
0.500000 0.716497 0.597870 0.645114 0.655906 
0.500000 0.715520 0.598214 0.645169 0.655909 
0.500000 0.714554 0.598620 0.645248 0.655921 
0.500000 0.713606 0.599060 0.645341 0.655939 
0.675038 0.712684 0.599516 0.645441 0.655960 
0.500000 0.721401 0.599975 0.645546 0.655982 
0.500000 0.720593 0.598244 0.645651 0.656006 
0.500000 0.719694 0.597590 0.645255 0.656030 
0.500000 0.718752 0.597379 0.645105 0.655940 
0.500000 0.717784 0.597454 0.645056 0.655906 
0.500000 0.716803 0.597701 0.645074 0.655896 
0.500000 0.715822 0.598051 0.645130 0.655899 
0.500000 0.714849 0.598461 0.645210 0.655912 
0.500000 0.713893 0.598905 0.645304 0.655930 
0.675038 0.712962 0.599365 0.645406 0.655951 
0.500000 0.721541 0.599829 0.645511 0.655974 
0.500000 0.720732 0.598132 0.645617 0.655998 
0.500000 0.719832 0.597495 0.645229 0.656022 
0.500000 0.718891 0.597294 0.645083 0.655934 
0.500000 0.717922 0.597375 0.645037 0.655902 
0.500000 0.716941 0.597625 0.645056 0.655891 
0.500000 0.715957 0.597978 0.645113 0.655895 
0.500000 0.714982 0.598390 0.645194 0.655908 
0.500000 0.714023 0.598836 0.645288 0.655927 
0.675038 0.713087 0.599297 0.645390 0.655948 
0.500000 0.721604 0.599763 0.645496 0.655971 
0.500000 0.720794 0.598081 0.645602 0.655995 
0.500000 0.719895 0.597452 0.645217 0.656019 
0.500000 0.718954 0.597256 0.645073 0.655932 
0.500000 0.717985 0.597339 0.645028 0.655899 
0.500000 0.717003 0.597591 0.645047 0.655889 
0.500000 0.716018 0.597945 0.645105 0.655894 
0.500000 0.715042 0.598358 0.645186 0.655907 
0.500000 0.714081 0.598804 0.645281 0.655925 
0.675038 0.713144 0.599267 0.645383 0.655946 
0.500000 0.721632 0.599733 0.645489 0.655969 
0.500000 0.720823 0.598058 0.645595 0.655993 
0.500000 0.719923 0.597432 0.645212 0.656017 
0.500000 0.718982 0.597238 0.645069 0.655931 
0.500000 0.718013 0.597323 0.645024 0.655898 
0.500000 0.717031 0.597576 0.645044 0.655888 
0.500000 0.716046 0.597930 0.645102 0.655893 
0.500000 0.715069 0.598343 0.645183 0.655906 
0.500000 0.714108 0.598790 0.645277 0.655924 
0.675038 0.713170 0.599253 0.645379 0.655945 
0.500000 0.721645 0.599720 0.645485 0.655968 
0.500000 0.720836 0.598047 0.645592 0.655992 
0.500000 0.719936 0.597423 0.645209 0.656016 
0.500000 0.718995 0.597230 0.645067 0.655930 
0.500000 0.718026 0.597316 0.645022 0.655898 
0.500000 0.717044 0.597569 0.645042 0.655888 
0.500000 0.716059 0.597923 0.645100 0.655892 
0.500000 0.715082 0.598337 0.645181 0.655905 
0.500000 0.714120 0.598784 0.645276 0.655924 
