0.500000 0.268941 0.268941 0.500000 0.500000 
0.500000 0.339926 0.208107 0.368680 0.500000 
0.500000 0.385351 0.216078 0.397423 0.323582 
0.500000 0.422142 0.226110 0.393612 0.311129 
0.500000 0.444282 0.245254 0.388833 0.312765 
0.500000 0.455967 0.269487 0.379774 0.314823 
0.500000 0.460577 0.296457 0.368426 0.318744 
0.500000 0.459924 0.323711 0.355967 0.323693 
0.500000 0.454353 0.349107 0.343571 0.329172 
0.500000 0.443133 0.370897 0.332208 0.334669 
0.440679 0.424928 0.387808 0.322612 0.339748 
0.500000 0.416164 0.398974 0.315266 0.344067 
0.500000 0.384218 0.407486 0.310465 0.347390 
0.500000 0.346011 0.408547 0.306832 0.349570 
0.500000 0.306784 0.401802 0.306381 0.351224 
0.500000 0.273201 0.386048 0.309255 0.351429 
0.500000 0.249900 0.360853 0.316026 0.350120 
0.500000 0.238970 0.327949 0.327017 0.347045 
0.500000 0.241554 0.292162 0.341662 0.342081 
0.500000 0.259134 0.260073 0.357938 0.335520 
0.440679 0.292238 0.237072 0.372818 0.328302 
0.500000 0.359486 0.225571 0.383636 0.321773 
0.500000 0.397917 0.231463 0.389089 0.317069 
0.500000 0.425434 0.244888 0.386292 0.314713 
0.500000 0.441888 0.264756 0.379946 0.315920 
0.500000 0.449993 0.288386 0.370631 0.318670 
0.500000 0.451851 0.313409 0.359676 0.322728 
0.500000 0.448358 0.337625 0.348233 0.327536 
0.500000 0.439347 0.359169 0.337322 0.332596 
0.500000 0.423990 0.376589 0.327759 0.337458 
0.440679 0.401497 0.388836 0.320129 0.341747 
0.500000 0.392710 0.395122 0.314822 0.345188 
0.500000 0.359701 0.399505 0.312116 0.347591 
0.500000 0.324333 0.396036 0.310237 0.348819 
0.500000 0.291715 0.384639 0.311724 0.349673 
0.500000 0.266846 0.364729 0.316635 0.348998 
0.500000 0.252665 0.337300 0.325314 0.346769 
0.500000 0.250709 0.305704 0.337468 0.342848 
0.500000 0.262192 0.275278 0.351738 0.337393 
0.500000 0.287691 0.251300 0.365736 0.331042 
0.440679 0.324547 0.237033 0.376930 0.324872 
0.500000 0.386077 0.233314 0.383654 0.319981 
0.500000 0.415334 0.244963 0.385415 0.317062 
0.500000 0.434311 0.262293 0.379911 0.316300 
0.500000 0.444448 0.284153 0.371780 0.318685 
0.500000 0.447880 0.307964 0.361628 0.322226 
0.500000 0.445723 0.331555 0.350708 0.326677 
0.500000 0.438082 0.353002 0.340041 0.331498 
0.500000 0.424364 0.370769 0.330482 0.336243 
0.500000 0.403885 0.383714 0.322668 0.340523 
0.440679 0.376838 0.390989 0.317036 0.344041 
0.500000 0.368039 0.391853 0.313894 0.346588 
0.500000 0.335328 0.391340 0.313522 0.348012 
0.500000 0.304245 0.382594 0.313743 0.348181 
0.500000 0.279014 0.366146 0.317521 0.348081 
0.500000 0.263062 0.342462 0.324692 0.346368 
0.500000 0.258258 0.314103 0.335163 0.343128 
0.500000 0.265816 0.285487 0.347917 0.338424 
0.500000 0.286313 0.261525 0.361012 0.332736 
0.500000 0.318007 0.245798 0.372139 0.326947 
0.440679 0.354952 0.239764 0.379517 0.322069 
0.500000 0.407628 0.243101 0.382364 0.318856 
0.500000 0.428506 0.259561 0.380789 0.317621 
0.500000 0.440567 0.279894 0.373058 0.318304 
0.500000 0.445482 0.302913 0.363597 0.321668 
0.500000 0.444607 0.326192 0.353012 0.325811 
0.500000 0.438260 0.347794 0.342453 0.330478 
0.500000 0.426024 0.366100 0.332791 0.335167 
0.500000 0.407255 0.379885 0.324712 0.339487 
0.500000 0.381954 0.388243 0.318696 0.343119 
0.440679 0.351784 0.390421 0.315078 0.345836 
0.500000 0.344425 0.385696 0.314138 0.347475 
0.500000 0.314606 0.380162 0.316178 0.347901 
0.500000 0.289727 0.366370 0.318576 0.346977 
0.500000 0.272676 0.345904 0.324594 0.345891 
0.500000 0.265719 0.320512 0.333631 0.343173 
0.500000 0.270134 0.293894 0.345015 0.339110 
0.500000 0.286521 0.270478 0.357143 0.334026 
0.500000 0.313701 0.253921 0.367965 0.328653 
0.500000 0.347129 0.246118 0.375700 0.323895 
0.440679 0.379745 0.247227 0.379367 0.320517 
0.500000 0.422392 0.256186 0.378845 0.318921 
0.500000 0.436206 0.275967 0.374638 0.319148 
0.500000 0.442774 0.297869 0.365416 0.320979 
0.500000 0.443263 0.320760 0.355319 0.325012 
0.500000 0.438255 0.342429 0.344903 0.329458 
0.500000 0.427509 0.361221 0.335178 0.334076 
0.500000 0.410452 0.375820 0.326856 0.338417 
0.500000 0.386939 0.385256 0.320464 0.342154 
0.500000 0.358226 0.388752 0.316368 0.345037 
0.440679 0.327516 0.385594 0.314858 0.346890 
0.500000 0.323714 0.375168 0.316222 0.347575 
0.500000 0.299456 0.364872 0.320748 0.346956 
0.500000 0.282399 0.347066 0.325251 0.344908 
0.500000 0.274189 0.324696 0.333115 0.342876 
0.500000 0.276321 0.300525 0.343127 0.339342 
0.500000 0.289369 0.278466 0.354103 0.334867 
0.500000 0.312456 0.261989 0.364257 0.329995 
0.500000 0.342045 0.253201 0.371923 0.325521 
0.500000 0.372274 0.252634 0.376038 0.322164 
