0.500000 0.268941 0.268941 0.500000 0.500000 
0.500000 0.339926 0.194364 0.368680 0.500000 
0.500000 0.385866 0.201227 0.404024 0.323582 
0.500000 0.425245 0.210681 0.400723 0.308307 
0.500000 0.448449 0.230681 0.396191 0.309716 
0.500000 0.460341 0.255471 0.386663 0.311657 
0.500000 0.464973 0.281728 0.374973 0.315760 
0.500000 0.464580 0.306620 0.362748 0.320833 
0.500000 0.459825 0.328233 0.351321 0.326184 
0.500000 0.450400 0.345289 0.341534 0.331227 
0.440679 0.435584 0.356897 0.333904 0.335577 
0.500000 0.430293 0.362293 0.328761 0.338988 
0.500000 0.406577 0.365936 0.326384 0.341296 
0.500000 0.379031 0.361113 0.324784 0.342366 
0.500000 0.351508 0.348223 0.326903 0.343087 
0.500000 0.329599 0.327407 0.332601 0.342132 
0.500000 0.318101 0.301354 0.341906 0.339572 
0.500000 0.319772 0.275108 0.353725 0.335411 
0.500000 0.334580 0.254144 0.365815 0.330163 
0.500000 0.358929 0.241937 0.375595 0.324837 
0.440679 0.386172 0.239298 0.381338 0.320562 
0.500000 0.425872 0.245118 0.382584 0.318066 
0.500000 0.439120 0.262928 0.379838 0.317525 
0.500000 0.445789 0.281771 0.371484 0.318717 
0.500000 0.446931 0.300728 0.362729 0.322356 
0.500000 0.443408 0.317618 0.354011 0.326192 
0.500000 0.435453 0.331123 0.346324 0.330036 
0.500000 0.423139 0.340230 0.340235 0.333444 
0.500000 0.406900 0.344188 0.336159 0.336156 
0.500000 0.388076 0.342444 0.334394 0.337978 
0.440679 0.369154 0.334787 0.335171 0.338768 
0.500000 0.375520 0.321724 0.338592 0.338420 
0.500000 0.364497 0.313742 0.344468 0.336890 
0.500000 0.358641 0.301622 0.348081 0.334270 
0.500000 0.358308 0.289530 0.353602 0.332664 
0.500000 0.363662 0.279069 0.359149 0.330217 
0.500000 0.373415 0.272003 0.363978 0.327768 
0.500000 0.385410 0.269178 0.367256 0.325643 
0.500000 0.397285 0.270606 0.368570 0.324205 
0.500000 0.407203 0.275617 0.367906 0.323630 
0.440679 0.414147 0.283120 0.365578 0.323921 
0.500000 0.432659 0.291869 0.362105 0.324941 
0.500000 0.431625 0.306273 0.358073 0.326467 
0.500000 0.426948 0.317417 0.351479 0.328242 
0.500000 0.418629 0.325774 0.346415 0.331157 
0.500000 0.407297 0.330283 0.342641 0.333404 
0.500000 0.393950 0.330530 0.340612 0.335084 
0.500000 0.380217 0.326363 0.340502 0.335988 
0.500000 0.368193 0.318154 0.342375 0.336037 
0.500000 0.359995 0.306950 0.346082 0.335202 
0.440679 0.357186 0.294496 0.351170 0.333552 
0.500000 0.381861 0.282914 0.356866 0.331294 
0.500000 0.387393 0.282477 0.362200 0.328775 
0.500000 0.393859 0.282424 0.362402 0.326425 
0.500000 0.399536 0.284786 0.362427 0.326336 
0.500000 0.403858 0.288603 0.361336 0.326325 
0.500000 0.406394 0.293322 0.359576 0.326805 
0.500000 0.407014 0.298231 0.357405 0.327580 
0.500000 0.405791 0.302688 0.355153 0.328537 
0.500000 0.402967 0.306150 0.353115 0.329531 
0.440679 0.398931 0.308222 0.351535 0.330433 
0.500000 0.412249 0.308689 0.350590 0.331132 
0.500000 0.406294 0.314458 0.350378 0.331550 
0.500000 0.399174 0.316296 0.347756 0.331645 
0.500000 0.391218 0.315798 0.346923 0.332808 
0.500000 0.383609 0.312678 0.347149 0.333178 
0.500000 0.377460 0.307448 0.348564 0.333078 
0.500000 0.373762 0.300863 0.350943 0.332449 
0.500000 0.373107 0.293956 0.353949 0.331394 
0.500000 0.375532 0.287814 0.357114 0.330064 
0.440679 0.380481 0.283364 0.359939 0.328665 
0.500000 0.405857 0.281183 0.361992 0.327420 
0.500000 0.410173 0.288621 0.363000 0.326516 
0.500000 0.412385 0.295152 0.359568 0.326073 
0.500000 0.411954 0.301807 0.356565 0.327583 
0.500000 0.409218 0.307384 0.353517 0.328908 
0.500000 0.404536 0.311336 0.350973 0.330254 
0.500000 0.398474 0.313224 0.349174 0.331381 
0.500000 0.391784 0.312866 0.348316 0.332179 
0.500000 0.385368 0.310339 0.348479 0.332559 
0.440679 0.380168 0.306014 0.349627 0.332487 
0.500000 0.396982 0.300540 0.351597 0.331977 
0.500000 0.394477 0.302535 0.354097 0.331105 
0.500000 0.392362 0.302066 0.353184 0.329998 
0.500000 0.390301 0.301247 0.353399 0.330402 
0.500000 0.388713 0.299798 0.353773 0.330307 
0.500000 0.387786 0.298034 0.354436 0.330141 
0.500000 0.387637 0.296203 0.355244 0.329848 
0.500000 0.388251 0.294576 0.356083 0.329491 
0.500000 0.389499 0.293377 0.356829 0.329120 
0.440679 0.391162 0.292756 0.357380 0.328791 
0.500000 0.411161 0.292767 0.357665 0.328548 
0.500000 0.410951 0.300343 0.357660 0.328422 
0.500000 0.408928 0.305582 0.354187 0.328424 
0.500000 0.404887 0.309724 0.351793 0.329958 
0.500000 0.399440 0.311936 0.349907 0.331017 
0.500000 0.393241 0.312071 0.348902 0.331853 
0.500000 0.387120 0.310135 0.348840 0.332300 
0.500000 0.381956 0.306424 0.349720 0.332327 
0.500000 0.378535 0.301492 0.351410 0.331936 
