0.440679 0.268941 0.268941 0.500000 0.500000 
0.500000 0.381019 0.208107 0.368680 0.500000 
0.500000 0.468888 0.226101 0.397423 0.323582 
0.500000 0.490295 0.256398 0.388837 0.311129 
0.500000 0.496287 0.292120 0.374539 0.314821 
0.500000 0.498272 0.328317 0.357958 0.321022 
0.500000 0.499053 0.362207 0.341496 0.328293 
0.500000 0.499410 0.391831 0.326422 0.335594 
0.500000 0.499594 0.416197 0.313531 0.342349 
0.500000 0.499698 0.435245 0.303139 0.348177 
0.440679 0.499763 0.449580 0.295152 0.352909 
0.500000 0.499847 0.460110 0.289223 0.356565 
0.500000 0.499868 0.467762 0.284913 0.359290 
0.500000 0.499883 0.473310 0.281805 0.361277 
0.500000 0.499894 0.477356 0.279565 0.362712 
0.500000 0.499903 0.480335 0.277938 0.363749 
0.500000 0.499910 0.482555 0.276744 0.364502 
0.500000 0.499916 0.484228 0.275856 0.365056 
0.500000 0.499920 0.485504 0.275188 0.365467 
0.500000 0.499924 0.486488 0.274680 0.365777 
0.440679 0.499927 0.487253 0.274288 0.366013 
0.500000 0.499945 0.487854 0.273983 0.366195 
0.500000 0.499945 0.488329 0.273744 0.366336 
0.500000 0.499946 0.488707 0.273555 0.366447 
0.500000 0.499946 0.489008 0.273405 0.366535 
0.500000 0.499947 0.489250 0.273286 0.366605 
0.500000 0.499947 0.489445 0.273189 0.366660 
0.500000 0.499947 0.489602 0.273112 0.366705 
0.500000 0.499947 0.489730 0.273050 0.366741 
0.500000 0.499947 0.489833 0.272999 0.366770 
0.440679 0.499947 0.489917 0.272958 0.366793 
0.500000 0.499959 0.489985 0.272925 0.366812 
0.500000 0.499958 0.490041 0.272898 0.366828 
0.500000 0.499957 0.490087 0.272875 0.366840 
0.500000 0.499956 0.490124 0.272857 0.366851 
0.500000 0.499955 0.490154 0.272843 0.366859 
0.500000 0.499955 0.490179 0.272831 0.366866 
0.500000 0.499954 0.490199 0.272821 0.366872 
0.500000 0.499954 0.490216 0.272813 0.366876 
0.500000 0.499953 0.490229 0.272806 0.366880 
0.440679 0.499953 0.490240 0.272801 0.366883 
0.500000 0.499962 0.490249 0.272797 0.366885 
0.500000 0.499961 0.490257 0.272793 0.366887 
0.500000 0.499960 0.490263 0.272790 0.366889 
0.500000 0.499959 0.490268 0.272788 0.366891 
0.500000 0.499958 0.490272 0.272786 0.366892 
0.500000 0.499957 0.490275 0.272784 0.366893 
0.500000 0.499956 0.490278 0.272783 0.366893 
0.500000 0.499956 0.490280 0.272782 0.366894 
0.500000 0.499955 0.490282 0.272781 0.366894 
0.440679 0.499954 0.490283 0.272780 0.366895 
0.500000 0.499963 0.490284 0.272779 0.366895 
0.500000 0.499962 0.490286 0.272779 0.366895 
0.500000 0.499961 0.490287 0.272778 0.366896 
0.500000 0.499960 0.490287 0.272778 0.366896 
0.500000 0.499959 0.490288 0.272778 0.366896 
0.500000 0.499958 0.490288 0.272778 0.366896 
0.500000 0.499957 0.490289 0.272777 0.366896 
0.500000 0.499956 0.490289 0.272777 0.366896 
0.500000 0.499955 0.490289 0.272777 0.366896 
0.440679 0.499955 0.490289 0.272777 0.366896 
0.500000 0.499964 0.490289 0.272777 0.366896 
0.500000 0.499963 0.490290 0.272777 0.366897 
0.500000 0.499961 0.490290 0.272777 0.366897 
0.500000 0.499960 0.490290 0.272777 0.366897 
0.500000 0.499959 0.490290 0.272777 0.366897 
0.500000 0.499958 0.490290 0.272777 0.366897 
0.500000 0.499957 0.490290 0.272777 0.366897 
0.500000 0.499956 0.490290 0.272777 0.366897 
0.500000 0.499956 0.490290 0.272777 0.366897 
0.440679 0.499955 0.490290 0.272777 0.366897 
0.500000 0.499964 0.490290 0.272777 0.366897 
0.500000 0.499963 0.490290 0.272777 0.366897 
0.500000 0.499961 0.490290 0.272777 0.366897 
0.500000 0.499960 0.490290 0.272777 0.366897 
0.500000 0.499959 0.490290 0.272777 0.366897 
0.500000 0.499958 0.490290 0.272777 0.366897 
0.500000 0.499957 0.490290 0.272777 0.366897 
0.500000 0.499956 0.490290 0.272777 0.366897 
0.500000 0.499956 0.490290 0.272777 0.366897 
0.440679 0.499955 0.490290 0.272777 0.366897 
0.500000 0.499964 0.490290 0.272777 0.366897 
0.500000 0.499963 0.490290 0.272777 0.366897 
0.500000 0.499961 0.490290 0.272777 0.366897 
0.500000 0.499960 0.490290 0.272777 0.366897 
0.500000 0.499959 0.490290 0.272777 0.366897 
0.500000 0.499958 0.490290 0.272777 0.366897 
0.500000 0.499957 0.490290 0.272777 0.366897 
0.500000 0.499957 0.490290 0.272777 0.366897 
0.500000 0.499956 0.490290 0.272777 0.366897 
0.440679 0.499955 0.490290 0.272777 0.366897 
0.500000 0.499964 0.490290 0.272777 0.366897 
0.500000 0.499963 0.490290 0.272777 0.366897 
0.500000 0.499961 0.490290 0.272777 0.366897 
0.500000 0.499960 0.490290 0.272777 0.366897 
0.500000 0.499959 0.490290 0.272777 0.366897 
0.500000 0.499958 0.490290 0.272777 0.366897 
0.500000 0.499957 0.490290 0.272777 0.366897 
0.500000 0.499957 0.490290 0.272777 0.366897 
0.500000 0.499956 0.490290 0.272777 0.366897 
0.440679 0.268941 0.268941 0.500000 0.500000 
0.500000 0.381019 0.208107 0.368680 0.500000 
0.500000 0.426093 0.226101 0.397423 0.323582 
0.500000 0.454634 0.245116 0.388837 0.311129 
0.440679 0.268941 0.268941 0.500000 0.500000 
0.500000 0.467869 0.272257 0.379839 0.314821 
0.500000 0.381019 0.208107 0.368680 0.500000 
0.500000 0.472761 0.302172 0.367138 0.318716 
0.500000 0.426093 0.226101 0.397423 0.323582 
0.500000 0.472188 0.332156 0.353351 0.324257 
0.500000 0.454634 0.245116 0.388837 0.311129 
0.500000 0.466510 0.359699 0.339772 0.330328 
0.500000 0.467869 0.272257 0.379839 0.314821 
0.500000 0.454165 0.382909 0.327526 0.336363 
0.500000 0.472761 0.302172 0.367138 0.318716 
0.500000 0.432093 0.400447 0.317384 0.341852 
0.500000 0.472188 0.332156 0.353351 0.324257 
0.440679 0.397156 0.411320 0.309834 0.346430 
0.500000 0.466510 0.359699 0.339772 0.330328 
0.500000 0.372311 0.414435 0.305204 0.349857 
0.500000 0.454165 0.382909 0.327526 0.336363 
0.500000 0.320398 0.412993 0.303884 0.351966 
0.500000 0.432093 0.400447 0.317384 0.341852 
0.500000 0.271552 0.400269 0.304494 0.352568 
0.440679 0.397156 0.411320 0.309834 0.346430 
0.500000 0.235777 0.374851 0.309910 0.352290 
0.500000 0.372311 0.414435 0.305204 0.349857 
0.500000 0.217167 0.337119 0.320886 0.349822 
0.500000 0.320398 0.412993 0.303884 0.351966 
0.500000 0.216530 0.293026 0.337548 0.344846 
0.500000 0.271552 0.400269 0.304494 0.352568 
0.500000 0.236820 0.252687 0.357541 0.337357 
0.500000 0.235777 0.374851 0.309910 0.352290 
0.500000 0.282810 0.224764 0.376279 0.328477 
0.500000 0.217167 0.337119 0.320886 0.349822 
0.500000 0.348274 0.212908 0.389473 0.320264 
0.500000 0.216530 0.293026 0.337548 0.344846 
0.440679 0.408214 0.216605 0.395126 0.314547 
0.500000 0.236820 0.252687 0.357541 0.337357 
0.500000 0.456288 0.232864 0.393360 0.312115 
0.500000 0.282810 0.224764 0.376279 0.328477 
0.500000 0.471140 0.260428 0.385628 0.312873 
0.500000 0.348274 0.212908 0.389473 0.320264 
0.500000 0.477028 0.291187 0.372652 0.316208 
0.440679 0.408214 0.216605 0.395126 0.314547 
0.500000 0.477647 0.322741 0.358387 0.321845 
0.500000 0.456288 0.232864 0.393360 0.312115 
0.500000 0.473898 0.352386 0.344008 0.328104 
0.500000 0.471140 0.260428 0.385628 0.312873 
0.500000 0.477028 0.291187 0.372652 0.316208 
0.500000 0.464677 0.378087 0.330755 0.334474 
0.500000 0.477647 0.322741 0.358387 0.321845 
0.500000 0.447144 0.398385 0.319478 0.340400 
0.500000 0.473898 0.352386 0.344008 0.328104 
0.500000 0.417362 0.412304 0.310717 0.345483 
0.500000 0.464677 0.378087 0.330755 0.334474 
0.500000 0.373170 0.418950 0.304786 0.349456 
0.500000 0.447144 0.398385 0.319478 0.340400 
0.440679 0.319386 0.416948 0.301977 0.352157 
0.500000 0.417362 0.412304 0.310717 0.345483 
0.500000 0.292363 0.404073 0.302822 0.353440 
0.500000 0.373170 0.418950 0.304786 0.349456 
0.500000 0.250641 0.385136 0.308286 0.353054 
0.440679 0.319386 0.416948 0.301977 0.352157 
0.500000 0.225370 0.352582 0.316420 0.350562 
0.500000 0.292363 0.404073 0.302822 0.353440 
0.500000 0.217448 0.311022 0.330668 0.346867 
0.500000 0.250641 0.385136 0.308286 0.353054 
0.500000 0.228731 0.268926 0.349317 0.340439 
0.500000 0.263684 0.235980 0.368687 0.332115 
0.500000 0.225370 0.352582 0.316420 0.350562 
0.500000 0.322253 0.217876 0.384153 0.323579 
0.500000 0.217448 0.311022 0.330668 0.346867 
0.500000 0.228731 0.268926 0.349317 0.340439 
0.500000 0.386107 0.215645 0.392754 0.316846 
0.500000 0.263684 0.235980 0.368687 0.332115 
0.500000 0.432364 0.227224 0.393818 0.313134 
0.500000 0.322253 0.217876 0.384153 0.323579 
0.440679 0.457619 0.248858 0.388304 0.312676 
0.500000 0.386107 0.215645 0.392754 0.316846 
0.500000 0.475449 0.276519 0.378077 0.315051 
0.500000 0.432364 0.227224 0.393818 0.313134 
0.500000 0.478130 0.308493 0.365160 0.319482 
0.440679 0.457619 0.248858 0.388304 0.312676 
0.500000 0.475449 0.276519 0.378077 0.315051 
0.500000 0.476404 0.339287 0.350467 0.325125 
0.500000 0.469950 0.367059 0.336580 0.331605 
0.500000 0.478130 0.308493 0.365160 0.319482 
0.500000 0.456707 0.390000 0.324292 0.337790 
0.500000 0.476404 0.339287 0.350467 0.325125 
0.500000 0.433044 0.406967 0.314320 0.343309 
0.500000 0.469950 0.367059 0.336580 0.331605 
0.500000 0.395385 0.417094 0.307053 0.347819 
0.500000 0.344713 0.419303 0.302760 0.351123 
0.500000 0.433044 0.406967 0.314320 0.343309 
0.500000 0.290593 0.411763 0.301828 0.353082 
0.500000 0.395385 0.417094 0.307053 0.347819 
0.440679 0.246164 0.391951 0.305016 0.353508 
0.500000 0.344713 0.419303 0.302760 0.351123 
0.500000 0.238638 0.358420 0.313480 0.352052 
0.500000 0.290593 0.411763 0.301828 0.353082 
0.500000 0.225856 0.322472 0.328089 0.348200 
0.440679 0.246164 0.391951 0.305016 0.353508 
0.500000 0.231768 0.282172 0.344130 0.341599 
0.500000 0.238638 0.358420 0.313480 0.352052 
0.500000 0.259047 0.248259 0.362543 0.334420 
0.500000 0.225856 0.322472 0.328089 0.348200 
0.500000 0.309205 0.227084 0.378359 0.326274 
0.500000 0.231768 0.282172 0.344130 0.341599 
0.500000 0.369887 0.221032 0.388370 0.319359 
0.500000 0.259047 0.248259 0.362543 0.334420 
0.500000 0.419265 0.228992 0.391249 0.315023 
0.500000 0.309205 0.227084 0.378359 0.326274 
0.500000 0.448845 0.247751 0.387464 0.313782 
0.500000 0.369887 0.221032 0.388370 0.319359 
0.500000 0.463464 0.273377 0.378598 0.315414 
0.500000 0.419265 0.228992 0.391249 0.315023 
0.440679 0.469095 0.302259 0.366618 0.319255 
0.500000 0.448845 0.247751 0.387464 0.313782 
0.500000 0.475055 0.331367 0.353311 0.324485 
0.500000 0.463464 0.273377 0.378598 0.315414 
0.500000 0.469683 0.359881 0.340126 0.330346 
0.440679 0.469095 0.302259 0.366618 0.319255 
0.500000 0.475055 0.331367 0.353311 0.324485 
0.500000 0.458014 0.383698 0.327445 0.336205 
0.500000 0.469683 0.359881 0.340126 0.330346 
0.500000 0.436798 0.401872 0.317043 0.341888 
0.500000 0.458014 0.383698 0.327445 0.336205 
0.500000 0.402480 0.413401 0.309225 0.346585 
0.500000 0.436798 0.401872 0.317043 0.341888 
0.500000 0.354886 0.417271 0.304322 0.350134 
0.500000 0.402480 0.413401 0.309225 0.346585 
0.500000 0.301672 0.411844 0.302686 0.352369 
0.500000 0.354886 0.417271 0.304322 0.350134 
0.500000 0.255550 0.394775 0.304981 0.353116 
0.500000 0.301672 0.411844 0.302686 0.352369 
0.500000 0.225092 0.364341 0.312265 0.352068 
0.500000 0.255550 0.394775 0.304981 0.353116 
0.440679 0.500000 0.322641 0.325484 0.348752 
0.500000 0.225092 0.364341 0.312265 0.352068 
0.500000 0.238144 0.369217 0.344053 0.342771 
0.440679 0.500000 0.322641 0.325484 0.348752 
0.500000 0.232409 0.320421 0.323347 0.334454 
0.500000 0.238144 0.369217 0.344053 0.342771 
0.500000 0.236881 0.284917 0.345056 0.343735 
0.500000 0.232409 0.320421 0.323347 0.334454 
0.500000 0.263346 0.251825 0.361275 0.334008 
0.500000 0.311064 0.231361 0.376683 0.326832 
0.500000 0.236881 0.284917 0.345056 0.343735 
0.500000 0.368801 0.225293 0.386341 0.320088 
0.500000 0.263346 0.251825 0.361275 0.334008 
0.500000 0.416540 0.232862 0.389222 0.315899 
0.500000 0.311064 0.231361 0.376683 0.326832 
0.500000 0.445866 0.251024 0.385629 0.314655 
0.500000 0.368801 0.225293 0.386341 0.320088 
0.500000 0.460669 0.275967 0.377059 0.316207 
0.440679 0.466398 0.304127 0.365416 0.319925 
0.500000 0.416540 0.232862 0.389222 0.315899 
0.500000 0.472753 0.332488 0.352458 0.325012 
0.500000 0.445866 0.251024 0.385629 0.314655 
0.500000 0.466966 0.360392 0.339623 0.330723 
0.500000 0.460669 0.275967 0.377059 0.316207 
0.500000 0.454574 0.383568 0.327220 0.336430 
0.440679 0.466398 0.304127 0.365416 0.319925 
0.500000 0.432392 0.401097 0.317099 0.341990 
0.500000 0.472753 0.332488 0.352458 0.325012 
0.500000 0.397239 0.411934 0.309556 0.346559 
0.500000 0.466966 0.360392 0.339623 0.330723 
0.500000 0.349676 0.415002 0.304943 0.349983 
0.500000 0.454574 0.383568 0.327220 0.336430 
0.500000 0.297831 0.408618 0.303644 0.352085 
0.500000 0.432392 0.401097 0.317099 0.341990 
0.500000 0.253886 0.390517 0.306351 0.352678 
0.500000 0.397239 0.411934 0.309556 0.346559 
0.500000 0.225587 0.359351 0.314097 0.351443 
0.500000 0.349676 0.415002 0.304943 0.349983 
0.440679 0.500000 0.317801 0.327679 0.347920 
0.500000 0.297831 0.408618 0.303644 0.352085 
0.500000 0.243350 0.364992 0.346241 0.341783 
0.500000 0.253886 0.390517 0.306351 0.352678 
0.500000 0.239175 0.317914 0.325198 0.333481 
0.500000 0.225587 0.359351 0.314097 0.351443 
0.500000 0.244723 0.284909 0.346190 0.342900 
0.440679 0.500000 0.317801 0.327679 0.347920 
0.500000 0.271526 0.254261 0.361279 0.333504 
0.500000 0.243350 0.364992 0.346241 0.341783 
0.500000 0.317584 0.235674 0.375540 0.326830 
0.500000 0.239175 0.317914 0.325198 0.333481 
0.500000 0.371635 0.230741 0.384297 0.320586 
0.500000 0.244723 0.284909 0.346190 0.342900 
0.500000 0.416022 0.238751 0.386634 0.316783 
0.500000 0.443623 0.256784 0.382842 0.315773 
0.500000 0.271526 0.254261 0.361279 0.333504 
0.500000 0.457708 0.281182 0.374357 0.317413 
0.500000 0.317584 0.235674 0.375540 0.326830 
0.500000 0.371635 0.230741 0.384297 0.320586 
0.500000 0.416022 0.238751 0.386634 0.316783 
0.500000 0.443623 0.256784 0.382842 0.315773 
0.500000 0.457708 0.281182 0.374357 0.317413 
0.440679 0.268941 0.268941 0.500000 0.500000 
0.500000 0.381019 0.208107 0.368680 0.500000 
0.500000 0.426093 0.226101 0.397423 0.323582 
0.500000 0.454634 0.245116 0.388837 0.311129 
0.500000 0.467869 0.272257 0.379839 0.314821 
0.500000 0.472761 0.302172 0.367138 0.318716 
0.500000 0.472188 0.332156 0.353351 0.324257 
0.500000 0.466510 0.359699 0.339772 0.330328 
0.500000 0.454165 0.382909 0.327526 0.336363 
0.500000 0.432093 0.400447 0.317384 0.341852 
0.440679 0.397156 0.411320 0.309834 0.346430 
0.500000 0.372311 0.414435 0.305204 0.349857 
0.500000 0.320398 0.412993 0.303884 0.351966 
0.500000 0.271552 0.400269 0.304494 0.352568 
0.500000 0.235777 0.374851 0.309910 0.352290 
0.500000 0.217167 0.337119 0.320886 0.349822 
0.500000 0.216530 0.293026 0.337548 0.344846 
0.500000 0.236820 0.252687 0.357541 0.337357 
0.500000 0.282810 0.224764 0.376279 0.328477 
0.500000 0.348274 0.212908 0.389473 0.320264 
0.440679 0.408214 0.216605 0.395126 0.314547 
0.500000 0.456288 0.232864 0.393360 0.312115 
0.500000 0.471140 0.260428 0.385628 0.312873 
0.500000 0.477028 0.291187 0.372652 0.316208 
0.500000 0.477647 0.322741 0.358387 0.321845 
0.500000 0.473898 0.352386 0.344008 0.328104 
0.500000 0.464677 0.378087 0.330755 0.334474 
0.500000 0.447144 0.398385 0.319478 0.340400 
0.500000 0.417362 0.412304 0.310717 0.345483 
0.500000 0.373170 0.418950 0.304786 0.349456 
0.440679 0.319386 0.416948 0.301977 0.352157 
0.500000 0.292363 0.404073 0.302822 0.353440 
0.500000 0.250641 0.385136 0.308286 0.353054 
0.500000 0.225370 0.352582 0.316420 0.350562 
0.500000 0.217448 0.311022 0.330668 0.346867 
0.500000 0.228731 0.268926 0.349317 0.340439 
0.500000 0.263684 0.235980 0.368687 0.332115 
0.500000 0.322253 0.217876 0.384153 0.323579 
0.500000 0.386107 0.215645 0.392754 0.316846 
0.500000 0.432364 0.227224 0.393818 0.313134 
0.440679 0.457619 0.248858 0.388304 0.312676 
0.500000 0.475449 0.276519 0.378077 0.315051 
0.500000 0.478130 0.308493 0.365160 0.319482 
0.500000 0.476404 0.339287 0.350467 0.325125 
0.500000 0.469950 0.367059 0.336580 0.331605 
0.500000 0.456707 0.390000 0.324292 0.337790 
0.500000 0.433044 0.406967 0.314320 0.343309 
0.500000 0.395385 0.417094 0.307053 0.347819 
0.500000 0.344713 0.419303 0.302760 0.351123 
0.500000 0.290593 0.411763 0.301828 0.353082 
0.440679 0.246164 0.391951 0.305016 0.353508 
0.500000 0.238638 0.358420 0.313480 0.352052 
0.500000 0.225856 0.322472 0.328089 0.348200 
0.500000 0.231768 0.282172 0.344130 0.341599 
0.500000 0.259047 0.248259 0.362543 0.334420 
0.500000 0.309205 0.227084 0.378359 0.326274 
0.500000 0.369887 0.221032 0.388370 0.319359 
0.500000 0.419265 0.228992 0.391249 0.315023 
0.500000 0.448845 0.247751 0.387464 0.313782 
0.500000 0.463464 0.273377 0.378598 0.315414 
0.440679 0.469095 0.302259 0.366618 0.319255 
0.500000 0.475055 0.331367 0.353311 0.324485 
0.500000 0.469683 0.359881 0.340126 0.330346 
0.500000 0.458014 0.383698 0.327445 0.336205 
0.500000 0.436798 0.401872 0.317043 0.341888 
0.500000 0.402480 0.413401 0.309225 0.346585 
0.500000 0.354886 0.417271 0.304322 0.350134 
0.500000 0.301672 0.411844 0.302686 0.352369 
0.500000 0.255550 0.394775 0.304981 0.353116 
0.500000 0.225092 0.364341 0.312265 0.352068 
0.440679 0.500000 0.322641 0.325484 0.348752 
0.500000 0.238144 0.369217 0.344053 0.342771 
0.500000 0.232409 0.320421 0.323347 0.334454 
0.500000 0.236881 0.284917 0.345056 0.343735 
0.500000 0.263346 0.251825 0.361275 0.334008 
0.500000 0.311064 0.231361 0.376683 0.326832 
0.500000 0.368801 0.225293 0.386341 0.320088 
0.500000 0.416540 0.232862 0.389222 0.315899 
0.500000 0.445866 0.251024 0.385629 0.314655 
0.500000 0.460669 0.275967 0.377059 0.316207 
0.440679 0.466398 0.304127 0.365416 0.319925 
0.500000 0.472753 0.332488 0.352458 0.325012 
0.500000 0.466966 0.360392 0.339623 0.330723 
0.500000 0.454574 0.383568 0.327220 0.336430 
0.500000 0.432392 0.401097 0.317099 0.341990 
0.500000 0.397239 0.411934 0.309556 0.346559 
0.500000 0.349676 0.415002 0.304943 0.349983 
0.500000 0.297831 0.408618 0.303644 0.352085 
0.500000 0.253886 0.390517 0.306351 0.352678 
0.500000 0.225587 0.359351 0.314097 0.351443 
0.440679 0.500000 0.317801 0.327679 0.347920 
0.500000 0.243350 0.364992 0.346241 0.341783 
0.500000 0.239175 0.317914 0.325198 0.333481 
0.500000 0.244723 0.284909 0.346190 0.342900 
0.500000 0.271526 0.254261 0.361279 0.333504 
0.500000 0.317584 0.235674 0.375540 0.326830 
0.500000 0.371635 0.230741 0.384297 0.320586 
0.500000 0.416022 0.238751 0.386634 0.316783 
0.500000 0.443623 0.256784 0.382842 0.315773 
0.500000 0.457708 0.281182 0.374357 0.317413 
