0.675038 0.622459 0.622459 0.500000 0.500000 
0.675038 0.622459 0.622459 0.500000 0.500000 
0.500000 0.682468 0.599003 0.650778 0.500000 
0.500000 0.682468 0.599003 0.650778 0.500000 
0.500000 0.671648 0.600628 0.645428 0.657186 
0.500000 0.671648 0.600628 0.645428 0.657186 
0.500000 0.661345 0.603008 0.645800 0.655979 
0.500000 0.661345 0.603008 0.645800 0.655979 
0.500000 0.651065 0.607176 0.646344 0.656063 
0.500000 0.651065 0.607176 0.646344 0.656063 
0.500000 0.641435 0.612801 0.647296 0.656186 
0.500000 0.641435 0.612801 0.647296 0.656186 
0.500000 0.632923 0.619518 0.648579 0.656401 
0.500000 0.632923 0.619518 0.648579 0.656401 
0.500000 0.625851 0.626894 0.650109 0.656690 
0.500000 0.620367 0.634474 0.651785 0.657035 
0.500000 0.616471 0.641840 0.653503 0.657413 
0.675038 0.614059 0.648661 0.655169 0.657799 
0.500000 0.654461 0.654715 0.656709 0.658174 
0.500000 0.652548 0.652506 0.658072 0.658521 
0.500000 0.649946 0.651367 0.657575 0.658827 
0.500000 0.647301 0.650834 0.657318 0.658715 
0.500000 0.644694 0.650848 0.657198 0.658658 
0.500000 0.625851 0.626894 0.650109 0.656690 
0.500000 0.620367 0.634474 0.651785 0.657035 
0.500000 0.642216 0.651320 0.657202 0.658631 
0.500000 0.639942 0.652155 0.657308 0.658631 
0.500000 0.616471 0.641840 0.653503 0.657413 
0.500000 0.637928 0.653259 0.657496 0.658655 
0.675038 0.614059 0.648661 0.655169 0.657799 
0.500000 0.636207 0.654541 0.657745 0.658698 
0.500000 0.654461 0.654715 0.656709 0.658174 
0.675038 0.634799 0.655918 0.658033 0.658754 
0.500000 0.652548 0.652506 0.658072 0.658521 
0.500000 0.671705 0.657318 0.658343 0.658818 
0.500000 0.649946 0.651367 0.657575 0.658827 
0.500000 0.669420 0.651717 0.658658 0.658888 
0.500000 0.647301 0.650834 0.657318 0.658715 
0.500000 0.666084 0.647611 0.657397 0.658959 
0.500000 0.644694 0.650848 0.657198 0.658658 
0.500000 0.662264 0.644647 0.656472 0.658675 
0.500000 0.642216 0.651320 0.657202 0.658631 
0.500000 0.658112 0.642802 0.655803 0.658467 
0.500000 0.639942 0.652155 0.657308 0.658631 
0.500000 0.637928 0.653259 0.657496 0.658655 
0.500000 0.636207 0.654541 0.657745 0.658698 
0.675038 0.634799 0.655918 0.658033 0.658754 
0.500000 0.671705 0.657318 0.658343 0.658818 
0.500000 0.669420 0.651717 0.658658 0.658888 
0.500000 0.666084 0.647611 0.657397 0.658959 
0.500000 0.653804 0.641994 0.655387 0.658317 
0.500000 0.662264 0.644647 0.656472 0.658675 
0.500000 0.649514 0.642106 0.655204 0.658223 
0.500000 0.658112 0.642802 0.655803 0.658467 
0.500000 0.645405 0.642997 0.655229 0.658182 
0.500000 0.653804 0.641994 0.655387 0.658317 
0.500000 0.641612 0.644510 0.655431 0.658188 
0.500000 0.649514 0.642106 0.655204 0.658223 
0.675038 0.638244 0.646482 0.655772 0.658233 
0.500000 0.645405 0.642997 0.655229 0.658182 
0.500000 0.672998 0.648751 0.656217 0.658310 
0.500000 0.641612 0.644510 0.655431 0.658188 
0.500000 0.669515 0.643935 0.656729 0.658410 
0.675038 0.638244 0.646482 0.655772 0.658233 
0.500000 0.665080 0.640826 0.655642 0.658525 
0.500000 0.672998 0.648751 0.656217 0.658310 
0.500000 0.660299 0.638970 0.654940 0.658281 
0.500000 0.669515 0.643935 0.656729 0.658410 
0.500000 0.655350 0.638288 0.654521 0.658123 
0.500000 0.665080 0.640826 0.655642 0.658525 
0.500000 0.650434 0.638643 0.654366 0.658028 
0.500000 0.660299 0.638970 0.654940 0.658281 
0.500000 0.645739 0.639871 0.654447 0.657994 
0.500000 0.655350 0.638288 0.654521 0.658123 
0.500000 0.641426 0.641789 0.654724 0.658012 
0.500000 0.650434 0.638643 0.654366 0.658028 
0.500000 0.637618 0.644208 0.655158 0.658074 
0.500000 0.645739 0.639871 0.654447 0.657994 
0.675038 0.634399 0.646940 0.655704 0.658172 
0.500000 0.670216 0.649814 0.656321 0.658295 
0.500000 0.641426 0.641789 0.654724 0.658012 
0.500000 0.666952 0.645385 0.656969 0.658433 
0.500000 0.637618 0.644208 0.655158 0.658074 
0.500000 0.662773 0.642572 0.655970 0.658579 
0.675038 0.634399 0.646940 0.655704 0.658172 
0.500000 0.658300 0.640916 0.655335 0.658354 
0.500000 0.653699 0.640339 0.654960 0.658212 
0.500000 0.649155 0.640709 0.654830 0.658127 
0.500000 0.644836 0.641872 0.654914 0.658098 
0.500000 0.640886 0.643657 0.655177 0.658117 
0.500000 0.670216 0.649814 0.656321 0.658295 
0.500000 0.637413 0.645888 0.655580 0.658176 
0.500000 0.666952 0.645385 0.656969 0.658433 
0.500000 0.662773 0.642572 0.655970 0.658579 
0.675038 0.634484 0.648397 0.656083 0.658267 
0.500000 0.670473 0.651027 0.656649 0.658380 
0.500000 0.658300 0.640916 0.655335 0.658354 
0.500000 0.667368 0.646400 0.657242 0.658507 
0.500000 0.653699 0.640339 0.654960 0.658212 
0.500000 0.663326 0.643373 0.656199 0.658641 
0.500000 0.649155 0.640709 0.654830 0.658127 
0.500000 0.658957 0.641502 0.655516 0.658406 
0.500000 0.644836 0.641872 0.654914 0.658098 
0.500000 0.654426 0.640718 0.655093 0.658252 
0.500000 0.640886 0.643657 0.655177 0.658117 
0.500000 0.649916 0.640897 0.654916 0.658157 
0.500000 0.637413 0.645888 0.655580 0.658176 
0.500000 0.645598 0.641891 0.654956 0.658117 
0.675038 0.634484 0.648397 0.656083 0.658267 
0.500000 0.670473 0.651027 0.656649 0.658380 
0.500000 0.641618 0.643534 0.655181 0.658126 
0.500000 0.638088 0.645653 0.655552 0.658177 
0.500000 0.667368 0.646400 0.657242 0.658507 
0.675038 0.635086 0.648078 0.656030 0.658260 
0.500000 0.663326 0.643373 0.656199 0.658641 
0.500000 0.670878 0.650654 0.656577 0.658368 
0.500000 0.658957 0.641502 0.655516 0.658406 
0.500000 0.667709 0.645998 0.657158 0.658491 
0.500000 0.654426 0.640718 0.655093 0.658252 
0.500000 0.663602 0.642959 0.656108 0.658622 
0.500000 0.649916 0.640897 0.654916 0.658157 
0.500000 0.659166 0.641092 0.655422 0.658386 
0.500000 0.654567 0.640327 0.655000 0.658231 
0.500000 0.645598 0.641891 0.654956 0.658117 
0.500000 0.641618 0.643534 0.655181 0.658126 
0.500000 0.649991 0.640536 0.654827 0.658136 
0.500000 0.638088 0.645653 0.655552 0.658177 
0.500000 0.645613 0.641569 0.654875 0.658097 
0.675038 0.635086 0.648078 0.656030 0.658260 
0.500000 0.641580 0.643257 0.655108 0.658108 
0.500000 0.670878 0.650654 0.656577 0.658368 
0.500000 0.638006 0.645425 0.655489 0.658161 
0.500000 0.667709 0.645998 0.657158 0.658491 
0.675038 0.634970 0.647900 0.655979 0.658246 
0.500000 0.663602 0.642959 0.656108 0.658622 
0.500000 0.670769 0.650524 0.656537 0.658356 
0.500000 0.659166 0.641092 0.655422 0.658386 
0.500000 0.667585 0.645904 0.657128 0.658482 
0.500000 0.654567 0.640327 0.655000 0.658231 
0.500000 0.663467 0.642902 0.656087 0.658615 
0.500000 0.645613 0.641569 0.654875 0.658097 
0.500000 0.659026 0.641068 0.655409 0.658381 
0.500000 0.641580 0.643257 0.655108 0.658108 
0.500000 0.654427 0.640332 0.654995 0.658228 
0.500000 0.638006 0.645425 0.655489 0.658161 
0.500000 0.649857 0.640567 0.654829 0.658135 
0.675038 0.634970 0.647900 0.655979 0.658246 
0.500000 0.645489 0.641621 0.654882 0.658098 
0.500000 0.670769 0.650524 0.656537 0.658356 
0.500000 0.641469 0.643324 0.655120 0.658110 
0.500000 0.637912 0.645501 0.655504 0.658163 
0.500000 0.667585 0.645904 0.657128 0.658482 
0.675038 0.634894 0.647981 0.655996 0.658250 
0.500000 0.663467 0.642902 0.656087 0.658615 
0.500000 0.670722 0.650605 0.656555 0.658360 
0.500000 0.659026 0.641068 0.655409 0.658381 
0.500000 0.667552 0.645984 0.657147 0.658486 
0.500000 0.654427 0.640332 0.654995 0.658228 
0.500000 0.663446 0.642978 0.656105 0.658619 
0.500000 0.649857 0.640567 0.654829 0.658135 
0.500000 0.659016 0.641138 0.655426 0.658385 
0.500000 0.645489 0.641621 0.654882 0.658098 
0.500000 0.654428 0.640394 0.655011 0.658232 
0.500000 0.641469 0.643324 0.655120 0.658110 
0.500000 0.649868 0.640620 0.654842 0.658139 
0.500000 0.637912 0.645501 0.655504 0.658163 
0.500000 0.645507 0.641664 0.654894 0.658101 
0.675038 0.634894 0.647981 0.655996 0.658250 
0.500000 0.641494 0.643357 0.655129 0.658112 
0.500000 0.670722 0.650605 0.656555 0.658360 
0.500000 0.637941 0.645525 0.655512 0.658165 
0.500000 0.667552 0.645984 0.657147 0.658486 
0.675038 0.634925 0.647996 0.656001 0.658251 
0.500000 0.663446 0.642978 0.656105 0.658619 
0.500000 0.670748 0.650612 0.656559 0.658362 
0.500000 0.659016 0.641138 0.655426 0.658385 
0.500000 0.667577 0.645985 0.657148 0.658487 
0.500000 0.654428 0.640394 0.655011 0.658232 
0.500000 0.663471 0.642974 0.656105 0.658620 
0.500000 0.659040 0.641130 0.655425 0.658385 
0.500000 0.649868 0.640620 0.654842 0.658139 
0.500000 0.654450 0.640382 0.655009 0.658232 
0.500000 0.645507 0.641664 0.654894 0.658101 
0.500000 0.641494 0.643357 0.655129 0.658112 
0.500000 0.649888 0.640606 0.654840 0.658138 
0.500000 0.637941 0.645525 0.655512 0.658165 
0.500000 0.645524 0.641648 0.654890 0.658100 
0.675038 0.634925 0.647996 0.656001 0.658251 
0.500000 0.641508 0.643341 0.655126 0.658112 
0.500000 0.670748 0.650612 0.656559 0.658362 
0.500000 0.637952 0.645508 0.655508 0.658165 
0.500000 0.667577 0.645985 0.657148 0.658487 
0.500000 0.663471 0.642974 0.656105 0.658620 
0.500000 0.659040 0.641130 0.655425 0.658385 
0.500000 0.654450 0.640382 0.655009 0.658232 
0.500000 0.649888 0.640606 0.654840 0.658138 
0.500000 0.645524 0.641648 0.654890 0.658100 
0.500000 0.641508 0.643341 0.655126 0.658112 
0.500000 0.637952 0.645508 0.655508 0.658165 
