0.500000 0.433167 0.500000 0.406720 0.389321 0.500000 0.433167 0.500000 0.500000 
0.500000 0.433167 0.380120 0.421478 0.420289 0.393370 0.500000 0.403881 0.500000 
0.500000 0.433167 0.385202 0.445927 0.418573 0.393370 0.406098 0.396448 0.500000 
0.500000 0.433167 0.387535 0.464143 0.412856 0.393370 0.404873 0.396858 0.500000 
0.500000 0.433167 0.388008 0.476879 0.406069 0.393370 0.404311 0.398228 0.500000 
0.500000 0.433167 0.387417 0.485396 0.399720 0.393370 0.404197 0.399855 0.500000 
0.500000 0.433167 0.386344 0.490915 0.394441 0.393370 0.404339 0.401380 0.500000 
0.500000 0.433167 0.385158 0.494411 0.390354 0.393370 0.404598 0.402649 0.500000 
0.500000 0.433167 0.384059 0.496589 0.387332 0.393370 0.404884 0.403632 0.500000 
0.500000 0.433167 0.383135 0.497931 0.385169 0.393370 0.405148 0.404360 0.500000 
0.500000 0.433167 0.382404 0.498750 0.383655 0.393370 0.405371 0.404881 0.500000 
0.500000 0.433167 0.381850 0.499247 0.382614 0.393370 0.405547 0.405246 0.500000 
0.500000 0.433167 0.381443 0.499547 0.381908 0.393370 0.405681 0.405497 0.500000 
0.500000 0.433167 0.381152 0.499728 0.381433 0.393370 0.405779 0.405667 0.500000 
0.500000 0.433167 0.380947 0.499837 0.381116 0.393370 0.405849 0.405781 0.500000 
0.500000 0.433167 0.380805 0.499902 0.380907 0.393370 0.405899 0.405858 0.500000 
0.500000 0.433167 0.380708 0.499941 0.380769 0.393370 0.405933 0.405908 0.500000 
0.500000 0.433167 0.380642 0.499965 0.380679 0.393370 0.405956 0.405941 0.500000 
0.500000 0.433167 0.380598 0.499979 0.380620 0.393370 0.405972 0.405963 0.500000 
0.500000 0.433167 0.380568 0.499987 0.380582 0.393370 0.405983 0.405977 0.500000 
0.500000 0.433167 0.380549 0.499992 0.380557 0.393370 0.405990 0.405987 0.500000 
0.500000 0.433167 0.380536 0.499995 0.380541 0.393370 0.405995 0.405993 0.500000 
0.500000 0.433167 0.380528 0.499997 0.380530 0.393370 0.405998 0.405996 0.500000 
0.500000 0.433167 0.380522 0.499998 0.380524 0.393370 0.406000 0.405999 0.500000 
0.500000 0.433167 0.380518 0.499999 0.380519 0.393370 0.406001 0.406001 0.500000 
0.500000 0.433167 0.380516 0.499999 0.380517 0.393370 0.406002 0.406002 0.500000 
0.500000 0.433167 0.380515 0.500000 0.380515 0.393370 0.406002 0.406002 0.500000 
0.500000 0.433167 0.380514 0.500000 0.380514 0.393370 0.406003 0.406003 0.500000 
0.500000 0.433167 0.380513 0.500000 0.380513 0.393370 0.406003 0.406003 0.500000 
0.500000 0.433167 0.380513 0.500000 0.380513 0.393370 0.406003 0.406003 0.500000 
0.500000 0.433167 0.380512 0.500000 0.380512 0.393370 0.406003 0.406003 0.500000 
0.500000 0.433167 0.380512 0.500000 0.380512 0.393370 0.406003 0.406003 0.500000 
0.500000 0.433167 0.380512 0.500000 0.380512 0.393370 0.406003 0.406003 0.500000 
0.500000 0.433167 0.380512 0.500000 0.380512 0.393370 0.406003 0.406003 0.500000 
0.500000 0.433167 0.380512 0.500000 0.380512 0.393370 0.406003 0.406003 0.500000 
0.500000 0.433167 0.380512 0.500000 0.380512 0.393370 0.406003 0.406003 0.500000 
0.500000 0.433167 0.380512 0.500000 0.380512 0.393370 0.406003 0.406003 0.500000 
0.500000 0.433167 0.380512 0.500000 0.380512 0.393370 0.406003 0.406003 0.500000 
0.500000 0.433167 0.380512 0.500000 0.380512 0.393370 0.406003 0.406003 0.500000 
0.500000 0.433167 0.380512 0.500000 0.380512 0.393370 0.406003 0.406003 0.500000 
0.500000 0.433167 0.380512 0.500000 0.380512 0.393370 0.406003 0.406003 0.500000 
0.500000 0.433167 0.380512 0.500000 0.380512 0.393370 0.406003 0.406003 0.500000 
0.500000 0.433167 0.380512 0.500000 0.380512 0.393370 0.406003 0.406003 0.500000 
0.500000 0.433167 0.380512 0.500000 0.380512 0.393370 0.406003 0.406003 0.500000 
0.500000 0.433167 0.380512 0.500000 0.380512 0.393370 0.406003 0.406003 0.500000 
0.500000 0.433167 0.380512 0.500000 0.380512 0.393370 0.406003 0.406003 0.500000 
0.500000 0.433167 0.380512 0.500000 0.380512 0.393370 0.406003 0.406003 0.500000 
0.500000 0.433167 0.380512 0.500000 0.380512 0.393370 0.406003 0.406003 0.500000 
0.500000 0.433167 0.380512 0.500000 0.380512 0.393370 0.406003 0.406003 0.500000 
0.500000 0.433167 0.380512 0.500000 0.380512 0.393370 0.406003 0.406003 0.500000 
0.500000 0.433167 0.380512 0.500000 0.380512 0.393370 0.406003 0.406003 0.500000 
0.500000 0.433167 0.380512 0.500000 0.380512 0.393370 0.406003 0.406003 0.500000 
0.500000 0.433167 0.380512 0.500000 0.380512 0.393370 0.406003 0.406003 0.500000 
0.500000 0.433167 0.380512 0.500000 0.380512 0.393370 0.406003 0.406003 0.500000 
0.500000 0.433167 0.380512 0.500000 0.380512 0.393370 0.406003 0.406003 0.500000 
0.500000 0.433167 0.380512 0.500000 0.380512 0.393370 0.406003 0.406003 0.500000 
0.500000 0.433167 0.380512 0.500000 0.380512 0.393370 0.406003 0.406003 0.500000 
0.500000 0.433167 0.380512 0.500000 0.380512 0.393370 0.406003 0.406003 0.500000 
0.500000 0.433167 0.380512 0.500000 0.380512 0.393370 0.406003 0.406003 0.500000 
0.500000 0.433167 0.380512 0.500000 0.380512 0.393370 0.406003 0.406003 0.500000 
0.500000 0.433167 0.380512 0.500000 0.380512 0.393370 0.406003 0.406003 0.500000 
0.500000 0.433167 0.380512 0.500000 0.380512 0.393370 0.406003 0.406003 0.500000 
0.500000 0.433167 0.380512 0.500000 0.380512 0.393370 0.406003 0.406003 0.500000 
0.500000 0.433167 0.380512 0.500000 0.380512 0.393370 0.406003 0.406003 0.500000 
0.500000 0.433167 0.380512 0.500000 0.380512 0.393370 0.406003 0.406003 0.500000 
0.500000 0.433167 0.380512 0.500000 0.380512 0.393370 0.406003 0.406003 0.500000 
0.500000 0.433167 0.380512 0.500000 0.380512 0.393370 0.406003 0.406003 0.500000 
0.500000 0.433167 0.380512 0.500000 0.380512 0.393370 0.406003 0.406003 0.500000 
0.500000 0.433167 0.380512 0.500000 0.380512 0.393370 0.406003 0.406003 0.500000 
0.500000 0.433167 0.380512 0.500000 0.380512 0.393370 0.406003 0.406003 0.500000 
0.500000 0.433167 0.380512 0.500000 0.380512 0.393370 0.406003 0.406003 0.500000 
0.500000 0.433167 0.380512 0.500000 0.380512 0.393370 0.406003 0.406003 0.500000 
0.500000 0.433167 0.380512 0.500000 0.380512 0.393370 0.406003 0.406003 0.500000 
0.500000 0.433167 0.380512 0.500000 0.380512 0.393370 0.406003 0.406003 0.500000 
0.500000 0.433167 0.380512 0.500000 0.380512 0.393370 0.406003 0.406003 0.500000 
0.500000 0.433167 0.380512 0.500000 0.380512 0.393370 0.406003 0.406003 0.500000 
0.500000 0.433167 0.380512 0.500000 0.380512 0.393370 0.406003 0.406003 0.500000 
0.500000 0.433167 0.380512 0.500000 0.380512 0.393370 0.406003 0.406003 0.500000 
0.500000 0.433167 0.380512 0.500000 0.380512 0.393370 0.406003 0.406003 0.500000 
0.500000 0.433167 0.380512 0.500000 0.380512 0.393370 0.406003 0.406003 0.500000 
0.500000 0.433167 0.380512 0.500000 0.380512 0.393370 0.406003 0.406003 0.500000 
0.500000 0.433167 0.380512 0.500000 0.380512 0.393370 0.406003 0.406003 0.500000 
0.500000 0.433167 0.380512 0.500000 0.380512 0.393370 0.406003 0.406003 0.500000 
0.500000 0.433167 0.380512 0.500000 0.380512 0.393370 0.406003 0.406003 0.500000 
0.500000 0.433167 0.380512 0.500000 0.380512 0.393370 0.406003 0.406003 0.500000 
0.500000 0.433167 0.380512 0.500000 0.380512 0.393370 0.406003 0.406003 0.500000 
0.500000 0.433167 0.380512 0.500000 0.380512 0.393370 0.406003 0.406003 0.500000 
0.500000 0.433167 0.380512 0.500000 0.380512 0.393370 0.406003 0.406003 0.500000 
0.500000 0.433167 0.380512 0.500000 0.380512 0.393370 0.406003 0.406003 0.500000 
0.500000 0.433167 0.380512 0.500000 0.380512 0.393370 0.406003 0.406003 0.500000 
0.500000 0.433167 0.380512 0.500000 0.380512 0.393370 0.406003 0.406003 0.500000 
0.500000 0.433167 0.380512 0.500000 0.380512 0.393370 0.406003 0.406003 0.500000 
0.500000 0.433167 0.380512 0.500000 0.380512 0.393370 0.406003 0.406003 0.500000 
0.500000 0.433167 0.380512 0.500000 0.380512 0.393370 0.406003 0.406003 0.500000 
0.500000 0.433167 0.380512 0.500000 0.380512 0.393370 0.406003 0.406003 0.500000 
0.500000 0.433167 0.380512 0.500000 0.380512 0.393370 0.406003 0.406003 0.500000 
0.500000 0.433167 0.380512 0.500000 0.380512 0.393370 0.406003 0.406003 0.500000 
0.500000 0.433167 0.380512 0.500000 0.380512 0.393370 0.406003 0.406003 0.500000 
0.500000 0.433167 0.380512 0.500000 0.380512 0.393370 0.406003 0.406003 0.500000 
0.500000 0.433167 0.380512 0.500000 0.380512 0.393370 0.406003 0.406003 0.500000 
