0.500000 0.440679 0.500000 0.268941 0.500000 0.500000 0.500000 0.500000 0.500000 
0.500000 0.440679 0.500000 0.257399 0.500000 0.500000 0.500000 0.500000 0.500000 
0.500000 0.440679 0.500000 0.254012 0.362458 0.500000 0.500000 0.500000 0.500000 
0.500000 0.440679 0.500000 0.253004 0.383804 0.500000 0.500000 0.326312 0.500000 
0.500000 0.440679 0.500000 0.252702 0.395908 0.500000 0.500000 0.316997 0.500000 
0.500000 0.440679 0.500000 0.252611 0.402842 0.500000 0.500000 0.311779 0.500000 
0.500000 0.440679 0.500000 0.252584 0.406870 0.500000 0.500000 0.308811 0.500000 
0.500000 0.440679 0.500000 0.252576 0.409236 0.500000 0.500000 0.307094 0.500000 
0.500000 0.440679 0.500000 0.252573 0.410637 0.500000 0.500000 0.306088 0.500000 
0.500000 0.440679 0.500000 0.252573 0.411471 0.500000 0.500000 0.305493 0.500000 
0.500000 0.440679 0.500000 0.252572 0.411968 0.500000 0.500000 0.305140 0.500000 
0.500000 0.440679 0.500000 0.252572 0.412266 0.500000 0.500000 0.304929 0.500000 
0.500000 0.440679 0.500000 0.252572 0.412444 0.500000 0.500000 0.304803 0.500000 
0.500000 0.440679 0.500000 0.252572 0.412551 0.500000 0.500000 0.304727 0.500000 
0.500000 0.440679 0.500000 0.252572 0.412615 0.500000 0.500000 0.304682 0.500000 
0.500000 0.440679 0.500000 0.252572 0.412653 0.500000 0.500000 0.304655 0.500000 
0.500000 0.440679 0.500000 0.252572 0.412676 0.500000 0.500000 0.304638 0.500000 
0.500000 0.440679 0.500000 0.252572 0.412690 0.500000 0.500000 0.304629 0.500000 
0.500000 0.440679 0.500000 0.252572 0.412699 0.500000 0.500000 0.304623 0.500000 
0.500000 0.440679 0.500000 0.252572 0.412704 0.500000 0.500000 0.304619 0.500000 
0.500000 0.440679 0.500000 0.252572 0.412707 0.500000 0.500000 0.304617 0.500000 
0.500000 0.440679 0.500000 0.252572 0.412708 0.500000 0.500000 0.304616 0.500000 
0.500000 0.440679 0.500000 0.252572 0.412709 0.500000 0.500000 0.304615 0.500000 
0.500000 0.440679 0.500000 0.252572 0.412710 0.500000 0.500000 0.304615 0.500000 
0.500000 0.440679 0.500000 0.252572 0.412710 0.500000 0.500000 0.304614 0.500000 
0.500000 0.440679 0.500000 0.252572 0.412711 0.500000 0.500000 0.304614 0.500000 
0.500000 0.440679 0.500000 0.252572 0.412711 0.500000 0.500000 0.304614 0.500000 
0.500000 0.440679 0.500000 0.252572 0.412711 0.500000 0.500000 0.304614 0.500000 
0.500000 0.440679 0.500000 0.252572 0.412711 0.500000 0.500000 0.304614 0.500000 
0.500000 0.440679 0.500000 0.252572 0.412711 0.500000 0.500000 0.304614 0.500000 
0.500000 0.440679 0.500000 0.252572 0.412711 0.500000 0.500000 0.304614 0.500000 
0.500000 0.440679 0.500000 0.252572 0.412711 0.500000 0.500000 0.304614 0.500000 
0.500000 0.440679 0.500000 0.252572 0.412711 0.500000 0.500000 0.304614 0.500000 
0.500000 0.440679 0.500000 0.252572 0.412711 0.500000 0.500000 0.304614 0.500000 
0.500000 0.440679 0.500000 0.252572 0.412711 0.500000 0.500000 0.304614 0.500000 
0.500000 0.440679 0.500000 0.252572 0.412711 0.500000 0.500000 0.304614 0.500000 
0.500000 0.440679 0.500000 0.252572 0.412711 0.500000 0.500000 0.304614 0.500000 
0.500000 0.440679 0.500000 0.252572 0.412711 0.500000 0.500000 0.304614 0.500000 
0.500000 0.440679 0.500000 0.252572 0.412711 0.500000 0.500000 0.304614 0.500000 
0.500000 0.440679 0.500000 0.252572 0.412711 0.500000 0.500000 0.304614 0.500000 
0.500000 0.440679 0.500000 0.252572 0.412711 0.500000 0.500000 0.304614 0.500000 
0.500000 0.440679 0.500000 0.252572 0.412711 0.500000 0.500000 0.304614 0.500000 
0.500000 0.440679 0.500000 0.252572 0.412711 0.500000 0.500000 0.304614 0.500000 
0.500000 0.440679 0.500000 0.252572 0.412711 0.500000 0.500000 0.304614 0.500000 
0.500000 0.440679 0.500000 0.252572 0.412711 0.500000 0.500000 0.304614 0.500000 
0.500000 0.440679 0.500000 0.252572 0.412711 0.500000 0.500000 0.304614 0.500000 
0.500000 0.440679 0.500000 0.252572 0.412711 0.500000 0.500000 0.304614 0.500000 
0.500000 0.440679 0.500000 0.252572 0.412711 0.500000 0.500000 0.304614 0.500000 
0.500000 0.440679 0.500000 0.252572 0.412711 0.500000 0.500000 0.304614 0.500000 
0.500000 0.440679 0.500000 0.252572 0.412711 0.500000 0.500000 0.304614 0.500000 
0.500000 0.440679 0.500000 0.252572 0.412711 0.500000 0.500000 0.304614 0.500000 
0.500000 0.440679 0.500000 0.252572 0.412711 0.500000 0.500000 0.304614 0.500000 
0.500000 0.440679 0.500000 0.252572 0.412711 0.500000 0.500000 0.304614 0.500000 
0.500000 0.440679 0.500000 0.252572 0.412711 0.500000 0.500000 0.304614 0.500000 
0.500000 0.440679 0.500000 0.252572 0.412711 0.500000 0.500000 0.304614 0.500000 
0.500000 0.440679 0.500000 0.252572 0.412711 0.500000 0.500000 0.304614 0.500000 
0.500000 0.440679 0.500000 0.252572 0.412711 0.500000 0.500000 0.304614 0.500000 
0.500000 0.440679 0.500000 0.252572 0.412711 0.500000 0.500000 0.304614 0.500000 
0.500000 0.440679 0.500000 0.252572 0.412711 0.500000 0.500000 0.304614 0.500000 
0.500000 0.440679 0.500000 0.252572 0.412711 0.500000 0.500000 0.304614 0.500000 
0.500000 0.440679 0.500000 0.252572 0.412711 0.500000 0.500000 0.304614 0.500000 
0.500000 0.440679 0.500000 0.252572 0.412711 0.500000 0.500000 0.304614 0.500000 
0.500000 0.440679 0.500000 0.252572 0.412711 0.500000 0.500000 0.304614 0.500000 
0.500000 0.440679 0.500000 0.252572 0.412711 0.500000 0.500000 0.304614 0.500000 
0.500000 0.440679 0.500000 0.252572 0.412711 0.500000 0.500000 0.304614 0.500000 
0.500000 0.440679 0.500000 0.252572 0.412711 0.500000 0.500000 0.304614 0.500000 
0.500000 0.440679 0.500000 0.252572 0.412711 0.500000 0.500000 0.304614 0.500000 
0.500000 0.440679 0.500000 0.252572 0.412711 0.500000 0.500000 0.304614 0.500000 
0.500000 0.440679 0.500000 0.252572 0.412711 0.500000 0.500000 0.304614 0.500000 
0.500000 0.440679 0.500000 0.252572 0.412711 0.500000 0.500000 0.304614 0.500000 
0.500000 0.440679 0.500000 0.252572 0.412711 0.500000 0.500000 0.304614 0.500000 
0.500000 0.440679 0.500000 0.252572 0.412711 0.500000 0.500000 0.304614 0.500000 
0.500000 0.440679 0.500000 0.252572 0.412711 0.500000 0.500000 0.304614 0.500000 
0.500000 0.440679 0.500000 0.252572 0.412711 0.500000 0.500000 0.304614 0.500000 
0.500000 0.440679 0.500000 0.252572 0.412711 0.500000 0.500000 0.304614 0.500000 
0.500000 0.440679 0.500000 0.252572 0.412711 0.500000 0.500000 0.304614 0.500000 
0.500000 0.440679 0.500000 0.252572 0.412711 0.500000 0.500000 0.304614 0.500000 
0.500000 0.440679 0.500000 0.252572 0.412711 0.500000 0.500000 0.304614 0.500000 
0.500000 0.440679 0.500000 0.252572 0.412711 0.500000 0.500000 0.304614 0.500000 
0.500000 0.440679 0.500000 0.252572 0.412711 0.500000 0.500000 0.304614 0.500000 
0.500000 0.440679 0.500000 0.252572 0.412711 0.500000 0.500000 0.304614 0.500000 
0.500000 0.440679 0.500000 0.252572 0.412711 0.500000 0.500000 0.304614 0.500000 
0.500000 0.440679 0.500000 0.252572 0.412711 0.500000 0.500000 0.304614 0.500000 
0.500000 0.440679 0.500000 0.252572 0.412711 0.500000 0.500000 0.304614 0.500000 
0.500000 0.440679 0.500000 0.252572 0.412711 0.500000 0.500000 0.304614 0.500000 
0.500000 0.440679 0.500000 0.252572 0.412711 0.500000 0.500000 0.304614 0.500000 
0.500000 0.440679 0.500000 0.252572 0.412711 0.500000 0.500000 0.304614 0.500000 
0.500000 0.440679 0.500000 0.252572 0.412711 0.500000 0.500000 0.304614 0.500000 
0.500000 0.440679 0.500000 0.252572 0.412711 0.500000 0.500000 0.304614 0.500000 
0.500000 0.440679 0.500000 0.252572 0.412711 0.500000 0.500000 0.304614 0.500000 
0.500000 0.440679 0.500000 0.252572 0.412711 0.500000 0.500000 0.304614 0.500000 
0.500000 0.440679 0.500000 0.252572 0.412711 0.500000 0.500000 0.304614 0.500000 
0.500000 0.440679 0.500000 0.252572 0.412711 0.500000 0.500000 0.304614 0.500000 
0.500000 0.440679 0.500000 0.252572 0.412711 0.500000 0.500000 0.304614 0.500000 
0.500000 0.440679 0.500000 0.252572 0.412711 0.500000 0.500000 0.304614 0.500000 
0.500000 0.440679 0.500000 0.252572 0.412711 0.500000 0.500000 0.304614 0.500000 
0.500000 0.440679 0.500000 0.252572 0.412711 0.500000 0.500000 0.304614 0.500000 
0.500000 0.440679 0.500000 0.252572 0.412711 0.500000 0.500000 0.304614 0.500000 
0.500000 0.440679 0.500000 0.252572 0.412711 0.500000 0.500000 0.304614 0.500000 
0.500000 0.440679 0.500000 0.252572 0.412711 0.500000 0.500000 0.304614 0.500000 
