0.500000 0.268941 0.268941 0.500000 0.500000 
0.500000 0.259233 0.208107 0.368680 0.500000 
0.500000 0.262866 0.165406 0.397423 0.323582 
0.500000 0.259901 0.158008 0.418043 0.311129 
0.500000 0.254310 0.157377 0.421647 0.302360 
0.500000 0.248913 0.156821 0.421955 0.300841 
0.500000 0.244075 0.155935 0.422226 0.300712 
0.500000 0.239715 0.154997 0.422658 0.300598 
0.500000 0.235755 0.154122 0.423116 0.300416 
0.500000 0.232150 0.153329 0.423544 0.300224 
0.440679 0.228868 0.152612 0.423931 0.300044 
0.500000 0.246702 0.500000 0.424281 0.299882 
0.500000 0.257448 0.153940 0.500000 0.299735 
0.500000 0.242737 0.165559 0.423632 0.500000 
0.500000 0.239012 0.158501 0.417968 0.300007 
0.500000 0.235868 0.154843 0.421406 0.302391 
0.500000 0.232478 0.153442 0.423192 0.300943 
0.500000 0.229202 0.152661 0.423876 0.300192 
0.500000 0.226183 0.500000 0.424257 0.299905 
0.500000 0.238035 0.500000 0.500000 0.299745 
0.440679 0.240967 0.161280 0.500000 0.500000 
0.500000 0.250387 0.166423 0.420052 0.500000 
0.500000 0.246238 0.159435 0.417548 0.301513 
0.500000 0.242378 0.156079 0.420951 0.302568 
0.500000 0.238365 0.154695 0.422588 0.301134 
0.500000 0.234549 0.153825 0.423264 0.300446 
0.500000 0.231050 0.153077 0.423688 0.300162 
0.500000 0.227864 0.152392 0.424054 0.299983 
0.500000 0.224965 0.500000 0.424388 0.299830 
0.500000 0.236852 0.500000 0.500000 0.299690 
0.440679 0.239888 0.160981 0.500000 0.500000 
0.500000 0.249356 0.166111 0.420198 0.500000 
0.500000 0.245288 0.159200 0.417700 0.301452 
0.500000 0.241505 0.155886 0.421066 0.302504 
0.500000 0.237567 0.154521 0.422682 0.301086 
0.500000 0.233823 0.153667 0.423349 0.300406 
0.500000 0.230389 0.152933 0.423766 0.300126 
0.500000 0.227262 0.500000 0.424124 0.299951 
0.500000 0.239083 0.500000 0.500000 0.299800 
0.500000 0.241923 0.161548 0.500000 0.500000 
0.440679 0.230041 0.166701 0.419921 0.500000 
0.500000 0.249276 0.156670 0.417413 0.301568 
0.500000 0.244894 0.155411 0.422300 0.302625 
0.500000 0.240394 0.154904 0.422914 0.300567 
0.500000 0.236321 0.154199 0.423162 0.300309 
0.500000 0.232650 0.153435 0.423506 0.300205 
0.500000 0.229321 0.152712 0.423879 0.300060 
0.500000 0.226292 0.500000 0.424232 0.299903 
0.500000 0.238142 0.500000 0.500000 0.299755 
0.500000 0.241065 0.161309 0.500000 0.500000 
0.440679 0.229298 0.166452 0.420038 0.500000 
0.500000 0.248515 0.156500 0.417534 0.301519 
0.500000 0.244196 0.155262 0.422383 0.302574 
0.500000 0.239759 0.154765 0.422987 0.300532 
0.500000 0.235742 0.154072 0.423230 0.300278 
0.500000 0.232124 0.153320 0.423568 0.300176 
0.500000 0.228842 0.152608 0.423935 0.300034 
0.500000 0.225855 0.500000 0.424283 0.299880 
0.500000 0.237718 0.500000 0.500000 0.299734 
0.500000 0.240678 0.161201 0.500000 0.500000 
0.440679 0.228963 0.166339 0.420090 0.500000 
0.500000 0.248172 0.156423 0.417589 0.301497 
0.500000 0.243881 0.155194 0.422420 0.302551 
0.500000 0.239472 0.154702 0.423020 0.300516 
0.500000 0.235482 0.154014 0.423260 0.300264 
0.500000 0.231886 0.153268 0.423596 0.300163 
0.500000 0.228625 0.152561 0.423961 0.300022 
0.500000 0.225659 0.500000 0.424306 0.299869 
0.500000 0.237527 0.500000 0.500000 0.299724 
0.500000 0.240503 0.161152 0.500000 0.500000 
0.440679 0.228813 0.166289 0.420114 0.500000 
0.500000 0.248017 0.156389 0.417614 0.301487 
0.500000 0.243739 0.155164 0.422437 0.302541 
0.500000 0.239343 0.154674 0.423035 0.300509 
0.500000 0.235364 0.153989 0.423274 0.300258 
0.500000 0.231779 0.153244 0.423609 0.300158 
0.500000 0.228528 0.152540 0.423972 0.300017 
0.500000 0.225570 0.500000 0.424316 0.299864 
0.500000 0.237441 0.500000 0.500000 0.299720 
0.500000 0.240425 0.161131 0.500000 0.500000 
0.440679 0.228744 0.166266 0.420125 0.500000 
0.500000 0.247947 0.156373 0.417625 0.301482 
0.500000 0.243675 0.155150 0.422445 0.302536 
0.500000 0.239284 0.154661 0.423041 0.300506 
0.500000 0.235311 0.153977 0.423280 0.300255 
0.500000 0.231731 0.153234 0.423614 0.300155 
0.500000 0.228484 0.152530 0.423977 0.300015 
0.500000 0.225530 0.500000 0.424321 0.299862 
0.500000 0.237402 0.500000 0.500000 0.299718 
0.500000 0.240389 0.161121 0.500000 0.500000 
0.440679 0.228714 0.166256 0.420130 0.500000 
0.500000 0.247916 0.156366 0.417630 0.301480 
0.500000 0.243646 0.155144 0.422448 0.302534 
0.500000 0.239258 0.154656 0.423044 0.300505 
0.500000 0.235287 0.153972 0.423283 0.300254 
0.500000 0.231709 0.153229 0.423617 0.300154 
0.500000 0.228464 0.152526 0.423980 0.300013 
0.500000 0.225512 0.500000 0.424323 0.299861 
0.500000 0.237384 0.500000 0.500000 0.299717 
0.500000 0.240373 0.161116 0.500000 0.500000 
0.500000 0.268941 0.268941 0.500000 0.500000 
0.500000 0.259233 0.208107 0.368680 0.500000 
0.500000 0.262866 0.181099 0.397423 0.323582 
0.500000 0.260954 0.174221 0.410428 0.311129 
0.500000 0.257246 0.171846 0.413760 0.305582 
0.500000 0.253402 0.170416 0.414913 0.304170 
0.500000 0.249759 0.169246 0.415607 0.303682 
0.500000 0.246367 0.168200 0.416176 0.303388 
0.500000 0.243223 0.167243 0.416684 0.303148 
0.500000 0.240312 0.166364 0.417150 0.302933 
0.440679 0.237618 0.165555 0.417577 0.302737 
0.500000 0.256875 0.164812 0.417970 0.302556 
0.500000 0.252113 0.167659 0.418332 0.302390 
0.500000 0.248044 0.168062 0.416947 0.302238 
0.500000 0.244617 0.167495 0.416751 0.302822 
0.500000 0.241559 0.166696 0.417027 0.302905 
0.500000 0.238760 0.165886 0.417416 0.302789 
0.500000 0.236180 0.165123 0.417809 0.302625 
0.500000 0.233795 0.164416 0.418181 0.302458 
0.500000 0.231591 0.163764 0.418525 0.302302 
0.440679 0.229552 0.163163 0.418842 0.302156 
0.500000 0.248680 0.162611 0.419135 0.302023 
0.500000 0.244577 0.165447 0.419404 0.301899 
0.500000 0.241098 0.165967 0.418023 0.301786 
0.500000 0.238196 0.165558 0.417770 0.302368 
0.500000 0.235619 0.164914 0.417969 0.302475 
0.500000 0.233266 0.164248 0.418283 0.302391 
0.500000 0.231099 0.163615 0.418607 0.302259 
0.500000 0.229097 0.163029 0.418915 0.302122 
0.500000 0.227247 0.162487 0.419200 0.301992 
0.440679 0.225537 0.161988 0.419464 0.301872 
0.500000 0.244567 0.161529 0.419707 0.301761 
0.500000 0.240800 0.164354 0.419931 0.301658 
0.500000 0.237621 0.164930 0.418555 0.301564 
0.500000 0.234984 0.164598 0.418275 0.302144 
0.500000 0.232649 0.164031 0.418436 0.302262 
0.500000 0.230520 0.163436 0.418712 0.302194 
0.500000 0.228560 0.162869 0.419002 0.302077 
0.500000 0.226750 0.162341 0.419278 0.301955 
0.500000 0.225077 0.161854 0.419535 0.301839 
0.440679 0.223530 0.161406 0.419772 0.301731 
0.500000 0.242503 0.160992 0.419991 0.301631 
0.500000 0.238906 0.163811 0.420192 0.301539 
0.500000 0.235878 0.164413 0.418819 0.301454 
0.500000 0.233375 0.164120 0.418526 0.302032 
0.500000 0.231162 0.163591 0.418669 0.302156 
0.500000 0.229145 0.163031 0.418927 0.302096 
0.500000 0.227289 0.162496 0.419199 0.301987 
0.500000 0.225574 0.161998 0.419460 0.301872 
0.500000 0.223990 0.161539 0.419702 0.301762 
0.440679 0.222526 0.161115 0.419926 0.301660 
0.500000 0.241468 0.160724 0.420132 0.301566 
0.500000 0.237956 0.163539 0.420323 0.301479 
0.500000 0.235004 0.164155 0.418952 0.301399 
0.500000 0.232568 0.163881 0.418652 0.301977 
0.500000 0.230416 0.163371 0.418785 0.302103 
0.500000 0.228455 0.162829 0.419034 0.302047 
0.500000 0.226651 0.162310 0.419298 0.301942 
0.500000 0.224985 0.161827 0.419550 0.301831 
0.500000 0.223445 0.161381 0.419786 0.301724 
0.440679 0.222022 0.160969 0.420003 0.301625 
0.500000 0.240948 0.160590 0.420203 0.301534 
0.500000 0.237479 0.163403 0.420388 0.301449 
0.500000 0.234565 0.164026 0.419018 0.301371 
0.500000 0.232163 0.163761 0.418715 0.301949 
0.500000 0.230041 0.163260 0.418844 0.302076 
0.500000 0.228109 0.162727 0.419087 0.302022 
0.500000 0.226331 0.162216 0.419347 0.301919 
0.500000 0.224689 0.161741 0.419596 0.301810 
0.500000 0.223172 0.161301 0.419827 0.301705 
0.440679 0.221769 0.160896 0.420042 0.301607 
0.500000 0.240686 0.160523 0.420239 0.301517 
0.500000 0.237239 0.163335 0.420421 0.301434 
0.500000 0.234345 0.163961 0.419051 0.301357 
0.500000 0.231959 0.163701 0.418746 0.301935 
0.500000 0.229853 0.163205 0.418873 0.302063 
0.500000 0.227935 0.162676 0.419114 0.302010 
0.500000 0.226170 0.162170 0.419372 0.301908 
0.500000 0.224540 0.161698 0.419619 0.301799 
0.500000 0.223034 0.161262 0.419848 0.301695 
0.440679 0.221642 0.160860 0.420061 0.301599 
0.500000 0.240555 0.160489 0.420257 0.301509 
0.500000 0.237119 0.163301 0.420437 0.301427 
0.500000 0.234234 0.163928 0.419068 0.301351 
0.500000 0.231857 0.163671 0.418762 0.301928 
0.500000 0.229759 0.163177 0.418887 0.302056 
0.500000 0.227848 0.162651 0.419128 0.302004 
0.500000 0.226090 0.162146 0.419384 0.301902 
0.500000 0.224466 0.161676 0.419630 0.301794 
0.500000 0.222965 0.161242 0.419859 0.301691 
0.440679 0.221578 0.160841 0.420071 0.301594 
0.500000 0.240489 0.160472 0.420266 0.301505 
0.500000 0.237058 0.163283 0.420446 0.301423 
0.500000 0.234179 0.163912 0.419076 0.301347 
0.500000 0.231806 0.163656 0.418770 0.301924 
0.500000 0.229712 0.163163 0.418895 0.302053 
0.500000 0.227804 0.162638 0.419135 0.302001 
0.500000 0.226049 0.162134 0.419391 0.301899 
0.500000 0.224428 0.161665 0.419636 0.301792 
0.500000 0.222931 0.161232 0.419864 0.301688 
0.500000 0.268941 0.268941 0.500000 0.500000 
0.500000 0.259233 0.208107 0.368680 0.500000 
0.500000 0.262866 0.196665 0.397423 0.323582 
0.500000 0.261934 0.183443 0.402916 0.311129 
0.500000 0.259613 0.173192 0.409294 0.308779 
0.500000 0.256118 0.164781 0.414260 0.306064 
0.500000 0.251869 0.157848 0.418347 0.303958 
0.500000 0.247163 0.500000 0.421725 0.302232 
0.500000 0.258179 0.500000 0.500000 0.300809 
0.500000 0.259241 0.500000 0.500000 0.500000 
0.440679 0.260199 0.500000 0.500000 0.500000 
0.500000 0.284667 0.500000 0.500000 0.500000 
0.500000 0.283075 0.500000 0.500000 0.500000 
0.500000 0.281646 0.500000 0.500000 0.500000 
0.500000 0.280362 0.500000 0.500000 0.500000 
0.500000 0.279209 0.500000 0.500000 0.500000 
0.500000 0.278173 0.500000 0.500000 0.500000 
0.500000 0.277242 0.500000 0.500000 0.500000 
0.500000 0.276406 0.500000 0.500000 0.500000 
0.500000 0.275654 0.500000 0.500000 0.500000 
0.440679 0.274979 0.500000 0.500000 0.500000 
0.500000 0.298513 0.500000 0.500000 0.500000 
0.500000 0.295510 0.500000 0.500000 0.500000 
0.500000 0.292812 0.500000 0.500000 0.500000 
0.500000 0.290389 0.500000 0.500000 0.500000 
0.500000 0.288214 0.500000 0.500000 0.500000 
0.500000 0.286260 0.500000 0.500000 0.500000 
0.500000 0.284506 0.500000 0.500000 0.500000 
0.500000 0.282931 0.500000 0.500000 0.500000 
0.500000 0.281516 0.500000 0.500000 0.500000 
0.440679 0.280246 0.500000 0.500000 0.500000 
0.500000 0.303372 0.500000 0.500000 0.500000 
0.500000 0.299877 0.500000 0.500000 0.500000 
0.500000 0.296735 0.500000 0.500000 0.500000 
0.500000 0.293912 0.500000 0.500000 0.500000 
0.500000 0.291377 0.500000 0.500000 0.500000 
0.500000 0.289101 0.500000 0.500000 0.500000 
0.500000 0.287057 0.500000 0.500000 0.500000 
0.500000 0.285221 0.500000 0.500000 0.500000 
0.500000 0.283573 0.500000 0.500000 0.500000 
0.440679 0.282093 0.500000 0.500000 0.500000 
0.500000 0.305068 0.500000 0.500000 0.500000 
0.500000 0.301401 0.500000 0.500000 0.500000 
0.500000 0.298105 0.500000 0.500000 0.500000 
0.500000 0.295143 0.500000 0.500000 0.500000 
0.500000 0.292483 0.500000 0.500000 0.500000 
0.500000 0.290094 0.500000 0.500000 0.500000 
0.500000 0.287948 0.500000 0.500000 0.500000 
0.500000 0.286022 0.500000 0.500000 0.500000 
0.500000 0.284292 0.500000 0.500000 0.500000 
0.440679 0.282738 0.500000 0.500000 0.500000 
0.500000 0.305660 0.500000 0.500000 0.500000 
0.500000 0.301933 0.500000 0.500000 0.500000 
0.500000 0.298583 0.500000 0.500000 0.500000 
0.500000 0.295573 0.500000 0.500000 0.500000 
0.500000 0.292868 0.500000 0.500000 0.500000 
0.500000 0.290440 0.500000 0.500000 0.500000 
0.500000 0.288259 0.500000 0.500000 0.500000 
0.500000 0.286301 0.500000 0.500000 0.500000 
0.500000 0.284543 0.500000 0.500000 0.500000 
0.440679 0.282964 0.500000 0.500000 0.500000 
0.500000 0.305866 0.500000 0.500000 0.500000 
0.500000 0.302119 0.500000 0.500000 0.500000 
0.500000 0.298750 0.500000 0.500000 0.500000 
0.500000 0.295722 0.500000 0.500000 0.500000 
0.500000 0.293003 0.500000 0.500000 0.500000 
0.500000 0.290561 0.500000 0.500000 0.500000 
0.500000 0.288368 0.500000 0.500000 0.500000 
0.500000 0.286398 0.500000 0.500000 0.500000 
0.500000 0.284630 0.500000 0.500000 0.500000 
0.440679 0.283042 0.500000 0.500000 0.500000 
0.500000 0.305938 0.500000 0.500000 0.500000 
0.500000 0.302183 0.500000 0.500000 0.500000 
0.500000 0.298808 0.500000 0.500000 0.500000 
0.500000 0.295775 0.500000 0.500000 0.500000 
0.500000 0.293050 0.500000 0.500000 0.500000 
0.500000 0.290603 0.500000 0.500000 0.500000 
0.500000 0.288405 0.500000 0.500000 0.500000 
0.500000 0.286432 0.500000 0.500000 0.500000 
0.500000 0.284661 0.500000 0.500000 0.500000 
0.440679 0.283070 0.500000 0.500000 0.500000 
0.500000 0.305963 0.500000 0.500000 0.500000 
0.500000 0.302206 0.500000 0.500000 0.500000 
0.500000 0.298828 0.500000 0.500000 0.500000 
0.500000 0.295793 0.500000 0.500000 0.500000 
0.500000 0.293066 0.500000 0.500000 0.500000 
0.500000 0.290617 0.500000 0.500000 0.500000 
0.500000 0.288419 0.500000 0.500000 0.500000 
0.500000 0.286444 0.500000 0.500000 0.500000 
0.500000 0.284671 0.500000 0.500000 0.500000 
0.440679 0.283079 0.500000 0.500000 0.500000 
0.500000 0.305971 0.500000 0.500000 0.500000 
0.500000 0.302214 0.500000 0.500000 0.500000 
0.500000 0.298835 0.500000 0.500000 0.500000 
0.500000 0.295799 0.500000 0.500000 0.500000 
0.500000 0.293072 0.500000 0.500000 0.500000 
0.500000 0.290623 0.500000 0.500000 0.500000 
0.500000 0.288423 0.500000 0.500000 0.500000 
0.500000 0.286448 0.500000 0.500000 0.500000 
0.500000 0.284675 0.500000 0.500000 0.500000 
