0.500000 0.440679 0.500000 0.268941 0.500000 0.500000 0.500000 0.500000 0.500000 
0.500000 0.440679 0.500000 0.257399 0.500000 0.500000 0.500000 0.500000 0.500000 
0.500000 0.440679 0.500000 0.254012 0.500000 0.500000 0.500000 0.500000 0.500000 
0.500000 0.440679 0.500000 0.253004 0.383804 0.500000 0.500000 0.500000 0.500000 
0.500000 0.440679 0.500000 0.252702 0.395908 0.500000 0.500000 0.316997 0.500000 
0.500000 0.440679 0.500000 0.252611 0.402842 0.500000 0.500000 0.311779 0.500000 
0.500000 0.440679 0.500000 0.252584 0.406870 0.500000 0.500000 0.308811 0.500000 
0.500000 0.440679 0.500000 0.252576 0.409236 0.500000 0.500000 0.307094 0.500000 
0.500000 0.440679 0.500000 0.252573 0.410637 0.500000 0.500000 0.306088 0.500000 
0.500000 0.440679 0.500000 0.252573 0.411471 0.500000 0.500000 0.305493 0.500000 
0.500000 0.440679 0.500000 0.252572 0.411968 0.500000 0.500000 0.305140 0.500000 
0.500000 0.440679 0.500000 0.252572 0.412266 0.500000 0.500000 0.304929 0.500000 
0.500000 0.440679 0.370388 0.252572 0.412444 0.500000 0.500000 0.304803 0.500000 
0.500000 0.440679 0.373133 0.294505 0.396645 0.500000 0.322834 0.304727 0.500000 
0.500000 0.440679 0.373821 0.306597 0.373833 0.500000 0.321635 0.311463 0.500000 
0.500000 0.440679 0.371840 0.309989 0.500000 0.500000 0.321335 0.321330 0.500000 
0.500000 0.440679 0.383711 0.311702 0.500000 0.500000 0.322200 0.500000 0.500000 
0.500000 0.440679 0.393809 0.308068 0.500000 0.500000 0.317037 0.500000 0.500000 
0.500000 0.440679 0.402393 0.303486 0.500000 0.500000 0.312680 0.500000 0.500000 
0.500000 0.440679 0.409697 0.299172 0.500000 0.500000 0.309003 0.500000 0.500000 
0.500000 0.440679 0.415924 0.295399 0.500000 0.500000 0.305892 0.500000 0.500000 
0.500000 0.440679 0.421247 0.292170 0.500000 0.500000 0.303254 0.500000 0.500000 
0.500000 0.440679 0.425812 0.289421 0.500000 0.500000 0.301010 0.500000 0.500000 
0.500000 0.440679 0.429738 0.287078 0.500000 0.500000 0.299092 0.500000 0.500000 
0.500000 0.440679 0.433128 0.285076 0.500000 0.500000 0.297449 0.500000 0.500000 
0.500000 0.440679 0.436062 0.283359 0.500000 0.500000 0.296034 0.500000 0.500000 
0.500000 0.440679 0.438612 0.281881 0.500000 0.500000 0.294812 0.500000 0.500000 
0.500000 0.440679 0.440833 0.280604 0.500000 0.500000 0.293753 0.500000 0.500000 
0.500000 0.440679 0.442773 0.279497 0.369951 0.500000 0.292833 0.500000 0.500000 
0.500000 0.440679 0.436176 0.278534 0.371973 0.500000 0.292030 0.323026 0.500000 
0.500000 0.440679 0.429866 0.280396 0.372515 0.500000 0.294765 0.322142 0.500000 
0.500000 0.440679 0.423808 0.283028 0.371328 0.500000 0.297395 0.321905 0.500000 
0.500000 0.440679 0.417910 0.285825 0.368880 0.500000 0.299933 0.322424 0.500000 
0.500000 0.440679 0.412088 0.288632 0.500000 0.500000 0.302416 0.323494 0.500000 
0.500000 0.440679 0.417966 0.291430 0.500000 0.500000 0.304878 0.500000 0.500000 
0.500000 0.440679 0.422996 0.290296 0.500000 0.500000 0.302392 0.500000 0.500000 
0.500000 0.440679 0.427315 0.288276 0.500000 0.500000 0.300274 0.500000 0.500000 
0.500000 0.440679 0.431035 0.286237 0.500000 0.500000 0.298463 0.500000 0.500000 
0.500000 0.440679 0.434249 0.284396 0.500000 0.500000 0.296907 0.500000 0.500000 
0.500000 0.440679 0.437035 0.282787 0.500000 0.500000 0.295567 0.500000 0.500000 
0.500000 0.440679 0.439459 0.281391 0.500000 0.500000 0.294408 0.500000 0.500000 
0.500000 0.440679 0.441572 0.280181 0.369107 0.500000 0.293402 0.500000 0.500000 
0.500000 0.440679 0.434932 0.279129 0.371079 0.500000 0.292527 0.323395 0.500000 
0.500000 0.440679 0.428588 0.280982 0.371611 0.500000 0.295283 0.322532 0.500000 
0.500000 0.440679 0.422507 0.283626 0.370409 0.500000 0.297930 0.322300 0.500000 
0.500000 0.440679 0.416590 0.286437 0.500000 0.500000 0.300480 0.322825 0.500000 
0.500000 0.440679 0.421818 0.289258 0.500000 0.500000 0.302973 0.500000 0.500000 
0.500000 0.440679 0.426302 0.288358 0.500000 0.500000 0.300770 0.500000 0.500000 
0.500000 0.440679 0.430161 0.286597 0.500000 0.500000 0.298887 0.500000 0.500000 
0.500000 0.440679 0.433493 0.284793 0.500000 0.500000 0.297272 0.500000 0.500000 
0.500000 0.440679 0.436379 0.283154 0.500000 0.500000 0.295882 0.500000 0.500000 
0.500000 0.440679 0.438888 0.281716 0.500000 0.500000 0.294681 0.500000 0.500000 
0.500000 0.440679 0.441074 0.280465 0.368873 0.500000 0.293639 0.500000 0.500000 
0.500000 0.440679 0.434424 0.279377 0.370777 0.500000 0.292733 0.323497 0.500000 
0.500000 0.440679 0.428072 0.281223 0.371277 0.500000 0.295494 0.322664 0.500000 
0.500000 0.440679 0.421984 0.283869 0.370055 0.500000 0.298146 0.322446 0.500000 
0.500000 0.440679 0.416061 0.286684 0.500000 0.500000 0.300700 0.322980 0.500000 
0.500000 0.440679 0.421365 0.289510 0.500000 0.500000 0.303197 0.500000 0.500000 
0.500000 0.440679 0.425912 0.288585 0.500000 0.500000 0.300960 0.500000 0.500000 
0.500000 0.440679 0.429825 0.286794 0.500000 0.500000 0.299050 0.500000 0.500000 
0.500000 0.440679 0.433203 0.284962 0.500000 0.500000 0.297412 0.500000 0.500000 
0.500000 0.440679 0.436128 0.283300 0.500000 0.500000 0.296003 0.500000 0.500000 
0.500000 0.440679 0.438668 0.281842 0.500000 0.500000 0.294785 0.500000 0.500000 
0.500000 0.440679 0.440882 0.280574 0.500000 0.500000 0.293730 0.500000 0.500000 
0.500000 0.440679 0.442817 0.279472 0.370579 0.500000 0.292812 0.500000 0.500000 
0.500000 0.440679 0.436263 0.278512 0.372361 0.500000 0.292012 0.322751 0.500000 
0.500000 0.440679 0.429980 0.280361 0.372767 0.500000 0.294729 0.321972 0.500000 
0.500000 0.440679 0.423939 0.282980 0.371508 0.500000 0.297348 0.321795 0.500000 
0.500000 0.440679 0.418050 0.285767 0.369024 0.500000 0.299878 0.322345 0.500000 
0.500000 0.440679 0.412233 0.288568 0.500000 0.500000 0.302357 0.323431 0.500000 
0.500000 0.440679 0.418090 0.291362 0.500000 0.500000 0.304816 0.500000 0.500000 
0.500000 0.440679 0.423103 0.290234 0.500000 0.500000 0.302340 0.500000 0.500000 
0.500000 0.440679 0.427407 0.288222 0.500000 0.500000 0.300229 0.500000 0.500000 
0.500000 0.440679 0.431114 0.286190 0.500000 0.500000 0.298424 0.500000 0.500000 
0.500000 0.440679 0.434317 0.284356 0.500000 0.500000 0.296874 0.500000 0.500000 
0.500000 0.440679 0.437095 0.282752 0.500000 0.500000 0.295538 0.500000 0.500000 
0.500000 0.440679 0.439511 0.281361 0.500000 0.500000 0.294383 0.500000 0.500000 
0.500000 0.440679 0.441618 0.280155 0.369162 0.500000 0.293381 0.500000 0.500000 
0.500000 0.440679 0.434981 0.279107 0.371127 0.500000 0.292508 0.323371 0.500000 
0.500000 0.440679 0.428639 0.280960 0.371653 0.500000 0.295262 0.322512 0.500000 
0.500000 0.440679 0.422559 0.283603 0.370449 0.500000 0.297908 0.322282 0.500000 
0.500000 0.440679 0.416644 0.286413 0.500000 0.500000 0.300458 0.322808 0.500000 
0.500000 0.440679 0.421863 0.289233 0.500000 0.500000 0.302950 0.500000 0.500000 
0.500000 0.440679 0.426341 0.288335 0.500000 0.500000 0.300750 0.500000 0.500000 
0.500000 0.440679 0.430195 0.286577 0.500000 0.500000 0.298871 0.500000 0.500000 
0.500000 0.440679 0.433522 0.284775 0.500000 0.500000 0.297258 0.500000 0.500000 
0.500000 0.440679 0.436405 0.283139 0.500000 0.500000 0.295870 0.500000 0.500000 
0.500000 0.440679 0.438910 0.281703 0.500000 0.500000 0.294670 0.500000 0.500000 
0.500000 0.440679 0.441093 0.280454 0.368896 0.500000 0.293630 0.500000 0.500000 
0.500000 0.440679 0.434445 0.279367 0.370797 0.500000 0.292725 0.323487 0.500000 
0.500000 0.440679 0.428093 0.281213 0.371295 0.500000 0.295485 0.322656 0.500000 
0.500000 0.440679 0.422006 0.283859 0.370072 0.500000 0.298137 0.322438 0.500000 
0.500000 0.440679 0.416084 0.286674 0.500000 0.500000 0.300691 0.322973 0.500000 
0.500000 0.440679 0.421384 0.289499 0.500000 0.500000 0.303187 0.500000 0.500000 
0.500000 0.440679 0.425929 0.288575 0.500000 0.500000 0.300952 0.500000 0.500000 
0.500000 0.440679 0.429840 0.286786 0.500000 0.500000 0.299043 0.500000 0.500000 
0.500000 0.440679 0.433215 0.284955 0.500000 0.500000 0.297406 0.500000 0.500000 
0.500000 0.440679 0.436138 0.283294 0.500000 0.500000 0.295998 0.500000 0.500000 
0.500000 0.440679 0.438678 0.281837 0.500000 0.500000 0.294781 0.500000 0.500000 
0.500000 0.440679 0.440890 0.280569 0.500000 0.500000 0.293726 0.500000 0.500000 
