0.500000 0.268941 0.268941 0.500000 0.500000 
0.500000 0.359370 0.208107 0.368680 0.500000 
0.500000 0.429402 0.220802 0.397423 0.323582 
0.500000 0.465043 0.241272 0.391359 0.311129 
0.500000 0.480088 0.270954 0.381651 0.313734 
0.500000 0.486200 0.303980 0.367744 0.317930 
0.500000 0.488336 0.337148 0.352525 0.323992 
0.500000 0.488243 0.367894 0.337536 0.330694 
0.500000 0.486324 0.394497 0.323926 0.337362 
0.500000 0.482310 0.416112 0.312385 0.343474 
0.440679 0.475478 0.432690 0.303175 0.348697 
0.500000 0.471819 0.444699 0.296216 0.352892 
0.500000 0.458087 0.453624 0.291234 0.356077 
0.500000 0.438668 0.459102 0.287563 0.358365 
0.500000 0.413353 0.461645 0.285324 0.360055 
0.500000 0.383416 0.461374 0.284288 0.361087 
0.500000 0.351674 0.458075 0.284398 0.361566 
0.500000 0.321742 0.451210 0.285743 0.361514 
0.500000 0.296905 0.440033 0.288553 0.360894 
0.500000 0.279459 0.423919 0.293164 0.359599 
0.440679 0.270836 0.402962 0.299887 0.357478 
0.500000 0.296167 0.378657 0.308760 0.354396 
0.500000 0.306047 0.361994 0.319230 0.350346 
0.500000 0.323509 0.347336 0.326515 0.345595 
0.500000 0.346011 0.338218 0.332994 0.342307 
0.500000 0.369744 0.335570 0.337057 0.339396 
0.500000 0.390842 0.339223 0.338242 0.337576 
0.500000 0.406930 0.347880 0.336608 0.337047 
0.500000 0.417395 0.359709 0.332753 0.337777 
0.500000 0.422652 0.372859 0.327521 0.339504 
0.440679 0.423378 0.385783 0.321755 0.341854 
0.500000 0.434680 0.397359 0.316140 0.344454 
0.500000 0.427498 0.409912 0.311157 0.346994 
0.500000 0.416753 0.418992 0.305801 0.349256 
0.500000 0.402804 0.425068 0.301960 0.351694 
0.500000 0.386440 0.428111 0.299404 0.353448 
0.500000 0.368881 0.428188 0.298129 0.354616 
0.500000 0.351692 0.425332 0.298097 0.355200 
0.500000 0.336543 0.419592 0.299293 0.355215 
0.500000 0.324941 0.411137 0.301707 0.354667 
0.440679 0.318056 0.400411 0.305281 0.353563 
0.500000 0.340749 0.388266 0.309850 0.351931 
0.500000 0.342532 0.382672 0.315068 0.349850 
0.500000 0.347176 0.376856 0.317487 0.347480 
0.500000 0.353889 0.372578 0.320013 0.346384 
0.500000 0.361809 0.370133 0.321878 0.345241 
0.500000 0.369932 0.369739 0.322946 0.344398 
0.500000 0.377331 0.371296 0.323118 0.343916 
0.500000 0.383295 0.374464 0.322437 0.343838 
0.500000 0.387388 0.378745 0.321055 0.344145 
0.440679 0.389431 0.383583 0.319191 0.344770 
0.500000 0.408056 0.388445 0.317092 0.345612 
0.500000 0.404646 0.397230 0.314991 0.346562 
0.500000 0.398629 0.403756 0.311212 0.347515 
0.500000 0.390423 0.408511 0.308421 0.349230 
0.500000 0.380703 0.411225 0.306396 0.350500 
0.500000 0.370276 0.411866 0.305244 0.351422 
0.500000 0.360068 0.410469 0.304972 0.351948 
0.500000 0.351031 0.407164 0.305564 0.352072 
0.500000 0.344032 0.402196 0.306969 0.351802 
0.440679 0.339752 0.395963 0.309087 0.351161 
0.500000 0.361741 0.389032 0.311755 0.350197 
0.500000 0.361456 0.388158 0.314737 0.348983 
0.500000 0.362030 0.386452 0.315114 0.347630 
0.500000 0.363216 0.385104 0.315851 0.347459 
0.500000 0.364883 0.384092 0.316434 0.347125 
0.500000 0.366828 0.383526 0.316872 0.346860 
0.500000 0.368838 0.383436 0.317117 0.346662 
0.500000 0.370706 0.383805 0.317156 0.346551 
0.500000 0.372255 0.384565 0.316997 0.346533 
0.440679 0.373354 0.385614 0.316668 0.346606 
0.500000 0.394232 0.386829 0.316214 0.346755 
0.500000 0.392326 0.393027 0.315688 0.346960 
0.500000 0.388569 0.397536 0.313017 0.347198 
0.500000 0.383247 0.400963 0.311081 0.348410 
0.500000 0.376879 0.403002 0.309614 0.349290 
0.500000 0.370041 0.403600 0.308743 0.349957 
0.500000 0.363360 0.402774 0.308487 0.350354 
0.500000 0.357457 0.400636 0.308840 0.350470 
0.500000 0.352888 0.397391 0.309753 0.350309 
0.440679 0.350078 0.393341 0.311143 0.349894 
0.500000 0.371710 0.388882 0.312881 0.349262 
0.500000 0.370696 0.390185 0.314802 0.348472 
0.500000 0.369656 0.390383 0.314240 0.347600 
0.500000 0.368551 0.390456 0.314155 0.347855 
0.500000 0.367514 0.390267 0.314123 0.347894 
0.500000 0.366637 0.389867 0.314205 0.347908 
0.500000 0.365999 0.389302 0.314377 0.347871 
0.500000 0.365651 0.388636 0.314621 0.347793 
0.500000 0.365614 0.387938 0.314908 0.347683 
0.440679 0.365874 0.387279 0.315209 0.347552 
0.500000 0.387421 0.386721 0.315494 0.347416 
0.500000 0.386061 0.391528 0.315735 0.347286 
0.500000 0.383313 0.394885 0.313662 0.347177 
0.500000 0.379368 0.397486 0.312218 0.348118 
0.500000 0.374643 0.399041 0.311102 0.348773 
0.500000 0.369583 0.399504 0.310436 0.349280 
0.500000 0.364662 0.398886 0.310238 0.349583 
0.500000 0.360342 0.397281 0.310502 0.349673 
0.500000 0.357021 0.394859 0.311190 0.349553 
0.500000 0.268941 0.268941 0.500000 0.500000 
0.500000 0.339926 0.208107 0.368680 0.500000 
0.500000 0.398519 0.216078 0.397423 0.323582 
0.500000 0.438090 0.229345 0.393612 0.311129 
0.500000 0.459680 0.252322 0.387297 0.312765 
0.500000 0.470415 0.280427 0.376450 0.315486 
0.500000 0.475067 0.310812 0.363350 0.320190 
0.500000 0.475961 0.340852 0.349412 0.325919 
0.500000 0.473931 0.368441 0.335881 0.332073 
0.500000 0.468963 0.392112 0.323686 0.338102 
0.440679 0.460535 0.411125 0.313410 0.343582 
0.500000 0.457957 0.425369 0.305286 0.348232 
0.500000 0.442143 0.436692 0.299278 0.351929 
0.500000 0.421030 0.443613 0.294550 0.354674 
0.500000 0.395046 0.446717 0.291683 0.356841 
0.500000 0.365985 0.446103 0.290402 0.358159 
0.500000 0.336709 0.441574 0.290655 0.358748 
0.500000 0.310331 0.432657 0.292526 0.358631 
0.500000 0.289395 0.418810 0.296230 0.357771 
0.500000 0.275565 0.399854 0.302036 0.356070 
0.440679 0.269867 0.376553 0.310088 0.353412 
0.500000 0.297142 0.351033 0.320145 0.349741 
0.500000 0.307497 0.334951 0.331354 0.345181 
0.500000 0.324006 0.321099 0.338519 0.340131 
0.500000 0.344283 0.312745 0.344750 0.336923 
0.500000 0.365349 0.310321 0.348534 0.334144 
0.500000 0.384275 0.313622 0.349636 0.332463 
0.500000 0.399173 0.321647 0.348136 0.331974 
0.500000 0.409371 0.332986 0.344502 0.332639 
0.500000 0.414996 0.346113 0.339399 0.334255 
0.440679 0.416475 0.359606 0.333538 0.336529 
0.500000 0.429623 0.372287 0.327566 0.339152 
0.500000 0.423323 0.387023 0.322005 0.341834 
0.500000 0.413572 0.398202 0.315604 0.344341 
0.500000 0.400630 0.406259 0.310795 0.347237 
0.500000 0.385165 0.410975 0.307354 0.349420 
0.500000 0.368224 0.412348 0.305350 0.350986 
0.500000 0.351200 0.410389 0.304768 0.351900 
0.500000 0.335633 0.405144 0.305599 0.352165 
0.500000 0.322968 0.396769 0.307829 0.351786 
0.440679 0.314372 0.385661 0.311409 0.350770 
0.500000 0.334922 0.372592 0.316193 0.349141 
0.500000 0.334044 0.366042 0.321871 0.346970 
0.500000 0.336279 0.358444 0.324738 0.344401 
0.500000 0.341096 0.351896 0.328078 0.343108 
0.500000 0.347950 0.346855 0.330972 0.341603 
0.500000 0.356013 0.343841 0.333208 0.340303 
0.500000 0.364354 0.343068 0.334549 0.339300 
0.500000 0.372088 0.344474 0.334893 0.338699 
0.500000 0.378514 0.347757 0.334267 0.338545 
0.440679 0.383171 0.352440 0.332808 0.338825 
0.500000 0.404863 0.357963 0.330731 0.339479 
0.500000 0.403635 0.368897 0.328291 0.340411 
0.500000 0.399633 0.377786 0.323487 0.341508 
0.500000 0.393093 0.385140 0.319608 0.343672 
0.500000 0.384529 0.390422 0.316418 0.345424 
0.500000 0.374568 0.393448 0.314138 0.346868 
0.500000 0.363994 0.394132 0.312836 0.347901 
0.500000 0.353694 0.392499 0.312541 0.348493 
0.500000 0.344576 0.388682 0.313244 0.348626 
0.440679 0.337459 0.382950 0.314888 0.348308 
0.500000 0.356435 0.375742 0.317367 0.347561 
0.500000 0.352795 0.374267 0.320498 0.346438 
0.500000 0.350477 0.371033 0.321141 0.345021 
0.500000 0.349437 0.367546 0.322552 0.344731 
0.500000 0.349773 0.363943 0.324078 0.344094 
0.500000 0.351401 0.360598 0.325659 0.343405 
0.500000 0.354113 0.357823 0.327130 0.342693 
0.500000 0.357596 0.355869 0.328353 0.342030 
0.500000 0.361469 0.354892 0.329215 0.341480 
0.440679 0.365333 0.354939 0.329646 0.341092 
0.500000 0.389626 0.355947 0.329626 0.340898 
0.500000 0.390217 0.363589 0.329180 0.340908 
0.500000 0.388759 0.369864 0.325814 0.341108 
0.500000 0.385327 0.375480 0.323064 0.342623 
0.500000 0.380293 0.379867 0.320612 0.343863 
0.500000 0.374088 0.382803 0.318704 0.344970 
0.500000 0.367234 0.384144 0.317431 0.345833 
0.500000 0.360312 0.383859 0.316850 0.346409 
0.500000 0.353921 0.382017 0.316973 0.346672 
0.440679 0.348622 0.378791 0.317771 0.346616 
0.500000 0.367623 0.374463 0.319172 0.346255 
0.500000 0.363670 0.375673 0.321056 0.345621 
0.500000 0.360050 0.374961 0.320528 0.344769 
0.500000 0.356865 0.373581 0.320838 0.345008 
0.500000 0.354422 0.371493 0.321440 0.344868 
0.500000 0.352920 0.368927 0.322352 0.344596 
0.500000 0.352469 0.366122 0.323474 0.344184 
0.500000 0.353077 0.363345 0.324703 0.343678 
0.500000 0.354646 0.360856 0.325922 0.343124 
0.440679 0.356983 0.358884 0.327016 0.342574 
0.500000 0.381439 0.357598 0.327885 0.342081 
0.500000 0.382184 0.363212 0.328452 0.341691 
0.500000 0.381471 0.367639 0.325980 0.341436 
0.500000 0.379273 0.371750 0.324037 0.342548 
0.500000 0.375868 0.375038 0.322239 0.343423 
0.500000 0.371574 0.377320 0.320805 0.344235 
0.500000 0.366774 0.378465 0.319811 0.344883 
0.500000 0.361887 0.378432 0.319313 0.345332 
0.500000 0.357340 0.377268 0.319327 0.345557 
