1.000000 1.623713 1.000000 1.000000 1.000000 1.000000 1.000000 1.000000 1.000000 
1.000000 1.623713 1.670613 1.670613 1.670613 1.670613 1.000000 1.000000 1.000000 
1.000000 1.623713 1.663591 1.751637 1.741048 1.670613 1.683315 1.683315 1.000000 
1.000000 1.623713 1.646068 1.760551 1.754791 1.670613 1.681439 1.701640 1.000000 
1.000000 1.623713 1.632838 1.761482 1.757961 1.670613 1.676718 1.705112 1.000000 
1.000000 1.623713 1.624882 1.761582 1.759010 1.670613 1.673116 1.705908 1.000000 
1.000000 1.623713 1.620453 1.761593 1.759445 1.670613 1.670935 1.706171 1.000000 
1.000000 1.623713 1.618069 1.761594 1.759648 1.670613 1.669715 1.706280 1.000000 
1.000000 1.623713 1.616805 1.761594 1.759750 1.670613 1.669057 1.706331 1.000000 
1.000000 1.623713 1.616139 1.761594 1.759802 1.670613 1.668708 1.706357 1.000000 
1.000000 1.623713 1.615790 1.761594 1.759829 1.670613 1.668524 1.706370 1.000000 
1.000000 1.623713 1.615607 1.761594 1.759844 1.670613 1.668427 1.706377 1.000000 
1.000000 1.623713 1.615511 1.761594 1.759852 1.670613 1.668377 1.706380 1.000000 
1.000000 1.623713 1.615460 1.761594 1.759856 1.670613 1.668350 1.706382 1.000000 
1.000000 1.623713 1.615434 1.761594 1.759858 1.670613 1.668336 1.706383 1.000000 
1.000000 1.623713 1.615420 1.761594 1.759859 1.670613 1.668329 1.706384 1.000000 
1.000000 1.623713 1.615413 1.761594 1.759860 1.670613 1.668325 1.706384 1.000000 
1.000000 1.623713 1.615409 1.761594 1.759860 1.670613 1.668323 1.706384 1.000000 
1.000000 1.623713 1.615407 1.761594 1.759860 1.670613 1.668322 1.706384 1.000000 
1.000000 1.623713 1.615406 1.761594 1.759861 1.670613 1.668321 1.706384 1.000000 
1.000000 1.623713 1.615405 1.761594 1.759861 1.670613 1.668321 1.706384 1.000000 
1.000000 1.623713 1.615405 1.761594 1.759861 1.670613 1.668321 1.706384 1.000000 
1.000000 1.623713 1.615405 1.761594 1.759861 1.670613 1.668321 1.706384 1.000000 
1.000000 1.623713 1.615405 1.761594 1.759861 1.670613 1.668321 1.706384 1.000000 
1.000000 1.623713 1.615405 1.761594 1.759861 1.670613 1.668321 1.706384 1.000000 
1.000000 1.623713 1.615405 1.761594 1.759861 1.670613 1.668321 1.706384 1.000000 
1.000000 1.623713 1.615405 1.761594 1.759861 1.670613 1.668321 1.706384 1.000000 
1.000000 1.623713 1.615405 1.761594 1.759861 1.670613 1.668321 1.706384 1.000000 
1.000000 1.623713 1.615405 1.761594 1.759861 1.670613 1.668321 1.706384 1.000000 
1.000000 1.623713 1.615405 1.761594 1.759861 1.670613 1.668321 1.706384 1.000000 
1.000000 1.623713 1.615405 1.761594 1.759861 1.670613 1.668321 1.706384 1.000000 
1.000000 1.623713 1.615405 1.761594 1.759861 1.670613 1.668321 1.706384 1.000000 
1.000000 1.623713 1.615405 1.761594 1.759861 1.670613 1.668321 1.706384 1.000000 
1.000000 1.623713 1.615405 1.761594 1.759861 1.670613 1.668321 1.706384 1.000000 
1.000000 1.623713 1.615405 1.761594 1.759861 1.670613 1.668321 1.706384 1.000000 
1.000000 1.623713 1.615405 1.761594 1.759861 1.670613 1.668321 1.706384 1.000000 
1.000000 1.623713 1.615405 1.761594 1.759861 1.670613 1.668321 1.706384 1.000000 
1.000000 1.623713 1.615405 1.761594 1.759861 1.670613 1.668321 1.706384 1.000000 
1.000000 1.623713 1.615405 1.761594 1.759861 1.670613 1.668321 1.706384 1.000000 
1.000000 1.623713 1.615405 1.761594 1.759861 1.670613 1.668321 1.706384 1.000000 
1.000000 1.623713 1.615405 1.761594 1.759861 1.670613 1.668321 1.706384 1.000000 
1.000000 1.623713 1.615405 1.761594 1.759861 1.670613 1.668321 1.706384 1.000000 
1.000000 1.623713 1.615405 1.761594 1.759861 1.670613 1.668321 1.706384 1.000000 
1.000000 1.623713 1.615405 1.761594 1.759861 1.670613 1.668321 1.706384 1.000000 
1.000000 1.623713 1.615405 1.761594 1.759861 1.670613 1.668321 1.706384 1.000000 
1.000000 1.623713 1.615405 1.761594 1.759861 1.670613 1.668321 1.706384 1.000000 
1.000000 1.623713 1.615405 1.761594 1.759861 1.670613 1.668321 1.706384 1.000000 
1.000000 1.623713 1.615405 1.761594 1.759861 1.670613 1.668321 1.706384 1.000000 
1.000000 1.623713 1.615405 1.761594 1.759861 1.670613 1.668321 1.706384 1.000000 
1.000000 1.623713 1.615405 1.761594 1.759861 1.670613 1.668321 1.706384 1.000000 
1.000000 1.623713 1.615405 1.761594 1.759861 1.670613 1.668321 1.706384 1.000000 
1.000000 1.623713 1.615405 1.761594 1.759861 1.670613 1.668321 1.706384 1.000000 
1.000000 1.623713 1.615405 1.761594 1.759861 1.670613 1.668321 1.706384 1.000000 
1.000000 1.623713 1.615405 1.761594 1.759861 1.670613 1.668321 1.706384 1.000000 
1.000000 1.623713 1.615405 1.761594 1.759861 1.670613 1.668321 1.706384 1.000000 
1.000000 1.623713 1.615405 1.761594 1.759861 1.670613 1.668321 1.706384 1.000000 
1.000000 1.623713 1.615405 1.761594 1.759861 1.670613 1.668321 1.706384 1.000000 
1.000000 1.623713 1.615405 1.761594 1.759861 1.670613 1.668321 1.706384 1.000000 
1.000000 1.623713 1.615405 1.761594 1.759861 1.670613 1.668321 1.706384 1.000000 
1.000000 1.623713 1.615405 1.761594 1.759861 1.670613 1.668321 1.706384 1.000000 
1.000000 1.623713 1.615405 1.761594 1.759861 1.670613 1.668321 1.706384 1.000000 
1.000000 1.623713 1.615405 1.761594 1.759861 1.670613 1.668321 1.706384 1.000000 
1.000000 1.623713 1.615405 1.761594 1.759861 1.670613 1.668321 1.706384 1.000000 
1.000000 1.623713 1.615405 1.761594 1.759861 1.670613 1.668321 1.706384 1.000000 
1.000000 1.623713 1.615405 1.761594 1.759861 1.670613 1.668321 1.706384 1.000000 
1.000000 1.623713 1.615405 1.761594 1.759861 1.670613 1.668321 1.706384 1.000000 
1.000000 1.623713 1.615405 1.761594 1.759861 1.670613 1.668321 1.706384 1.000000 
1.000000 1.623713 1.615405 1.761594 1.759861 1.670613 1.668321 1.706384 1.000000 
1.000000 1.623713 1.615405 1.761594 1.759861 1.670613 1.668321 1.706384 1.000000 
1.000000 1.623713 1.615405 1.761594 1.759861 1.670613 1.668321 1.706384 1.000000 
1.000000 1.623713 1.615405 1.761594 1.759861 1.670613 1.668321 1.706384 1.000000 
1.000000 1.623713 1.615405 1.761594 1.759861 1.670613 1.668321 1.706384 1.000000 
1.000000 1.623713 1.615405 1.761594 1.759861 1.670613 1.668321 1.706384 1.000000 
1.000000 1.623713 1.615405 1.761594 1.759861 1.670613 1.668321 1.706384 1.000000 
1.000000 1.623713 1.615405 1.761594 1.759861 1.670613 1.668321 1.706384 1.000000 
1.000000 1.623713 1.615405 1.761594 1.759861 1.670613 1.668321 1.706384 1.000000 
1.000000 1.623713 1.615405 1.761594 1.759861 1.670613 1.668321 1.706384 1.000000 
1.000000 1.623713 1.615405 1.761594 1.759861 1.670613 1.668321 1.706384 1.000000 
1.000000 1.623713 1.615405 1.761594 1.759861 1.670613 1.668321 1.706384 1.000000 
1.000000 1.623713 1.615405 1.761594 1.759861 1.670613 1.668321 1.706384 1.000000 
1.000000 1.623713 1.615405 1.761594 1.759861 1.670613 1.668321 1.706384 1.000000 
1.000000 1.623713 1.615405 1.761594 1.759861 1.670613 1.668321 1.706384 1.000000 
1.000000 1.623713 1.615405 1.761594 1.759861 1.670613 1.668321 1.706384 1.000000 
1.000000 1.623713 1.615405 1.761594 1.759861 1.670613 1.668321 1.706384 1.000000 
1.000000 1.623713 1.615405 1.761594 1.759861 1.670613 1.668321 1.706384 1.000000 
1.000000 1.623713 1.615405 1.761594 1.759861 1.670613 1.668321 1.706384 1.000000 
1.000000 1.623713 1.615405 1.761594 1.759861 1.670613 1.668321 1.706384 1.000000 
1.000000 1.623713 1.615405 1.761594 1.759861 1.670613 1.668321 1.706384 1.000000 
1.000000 1.623713 1.615405 1.761594 1.759861 1.670613 1.668321 1.706384 1.000000 
1.000000 1.623713 1.615405 1.761594 1.759861 1.670613 1.668321 1.706384 1.000000 
1.000000 1.623713 1.615405 1.761594 1.759861 1.670613 1.668321 1.706384 1.000000 
1.000000 1.623713 1.615405 1.761594 1.759861 1.670613 1.668321 1.706384 1.000000 
1.000000 1.623713 1.615405 1.761594 1.759861 1.670613 1.668321 1.706384 1.000000 
1.000000 1.623713 1.615405 1.761594 1.759861 1.670613 1.668321 1.706384 1.000000 
1.000000 1.623713 1.615405 1.761594 1.759861 1.670613 1.668321 1.706384 1.000000 
1.000000 1.623713 1.615405 1.761594 1.759861 1.670613 1.668321 1.706384 1.000000 
1.000000 1.623713 1.615405 1.761594 1.759861 1.670613 1.668321 1.706384 1.000000 
1.000000 1.623713 1.615405 1.761594 1.759861 1.670613 1.668321 1.706384 1.000000 
1.000000 1.623713 1.615405 1.761594 1.759861 1.670613 1.668321 1.706384 1.000000 
1.000000 1.623713 1.615405 1.761594 1.759861 1.670613 1.668321 1.706384 1.000000 
