0.500000 0.440679 0.500000 0.359370 0.500000 0.500000 0.429546 0.429546 0.500000 
0.500000 0.440679 0.500000 0.362120 0.293430 0.292896 0.500000 0.500000 0.500000 
0.500000 0.440679 0.500000 0.364574 0.316906 0.292896 0.500000 0.357356 0.500000 
0.500000 0.440679 0.500000 0.366764 0.337047 0.292896 0.500000 0.346647 0.500000 
0.500000 0.440679 0.500000 0.368719 0.353956 0.292896 0.500000 0.337581 0.500000 
0.500000 0.440679 0.500000 0.370467 0.367974 0.292896 0.500000 0.330060 0.500000 
0.500000 0.440679 0.500000 0.372029 0.379520 0.292896 0.500000 0.323891 0.500000 
0.500000 0.440679 0.500000 0.373426 0.389005 0.292896 0.500000 0.318855 0.500000 
0.500000 0.440679 0.500000 0.374676 0.396798 0.292896 0.500000 0.314749 0.500000 
0.500000 0.440679 0.500000 0.375796 0.403209 0.292896 0.500000 0.311397 0.500000 
0.500000 0.440679 0.500000 0.376798 0.408493 0.292896 0.500000 0.308654 0.500000 
0.500000 0.440679 0.500000 0.377697 0.412858 0.292896 0.500000 0.306404 0.500000 
0.500000 0.440679 0.500000 0.378503 0.416471 0.292896 0.500000 0.304552 0.500000 
0.500000 0.440679 0.500000 0.379225 0.419466 0.292896 0.500000 0.303023 0.500000 
0.500000 0.440679 0.500000 0.379873 0.421951 0.292896 0.500000 0.301760 0.500000 
0.500000 0.440679 0.500000 0.380454 0.424015 0.292896 0.500000 0.300713 0.500000 
0.500000 0.440679 0.500000 0.380976 0.425728 0.292896 0.500000 0.299846 0.500000 
0.500000 0.440679 0.500000 0.381445 0.427149 0.292896 0.500000 0.299127 0.500000 
0.500000 0.440679 0.500000 0.381866 0.428325 0.292896 0.500000 0.298532 0.500000 
0.500000 0.440679 0.500000 0.382244 0.429296 0.292896 0.500000 0.298040 0.500000 
0.500000 0.440679 0.500000 0.382583 0.430094 0.292896 0.500000 0.297634 0.500000 
0.500000 0.440679 0.500000 0.382888 0.430747 0.292896 0.500000 0.297300 0.500000 
0.500000 0.440679 0.500000 0.383162 0.431277 0.292896 0.500000 0.297027 0.500000 
0.500000 0.440679 0.500000 0.383409 0.431705 0.292896 0.500000 0.296806 0.500000 
0.500000 0.440679 0.500000 0.383630 0.432045 0.292896 0.500000 0.296628 0.500000 
0.500000 0.440679 0.500000 0.383830 0.432313 0.292896 0.500000 0.296485 0.500000 
0.500000 0.440679 0.500000 0.384009 0.432519 0.292896 0.500000 0.296374 0.500000 
0.500000 0.440679 0.500000 0.384170 0.432673 0.292896 0.500000 0.296288 0.500000 
0.500000 0.440679 0.500000 0.384314 0.432785 0.292896 0.500000 0.296224 0.500000 
0.500000 0.440679 0.500000 0.384445 0.432860 0.292896 0.500000 0.296177 0.500000 
0.500000 0.440679 0.500000 0.384562 0.432906 0.292896 0.500000 0.296146 0.500000 
0.500000 0.440679 0.500000 0.384667 0.432928 0.292896 0.500000 0.296126 0.500000 
0.500000 0.440679 0.500000 0.384762 0.432929 0.292896 0.500000 0.296118 0.500000 
0.500000 0.440679 0.500000 0.384847 0.432914 0.292896 0.500000 0.296117 0.500000 
0.500000 0.440679 0.500000 0.384924 0.432886 0.292896 0.500000 0.296123 0.500000 
0.500000 0.440679 0.500000 0.384993 0.432848 0.292896 0.500000 0.296135 0.500000 
0.500000 0.440679 0.500000 0.385055 0.432803 0.292896 0.500000 0.296150 0.500000 
0.500000 0.440679 0.500000 0.385111 0.432751 0.292896 0.500000 0.296170 0.500000 
0.500000 0.440679 0.500000 0.385161 0.432694 0.292896 0.500000 0.296191 0.500000 
0.500000 0.440679 0.500000 0.385206 0.432635 0.292896 0.500000 0.296215 0.500000 
0.500000 0.440679 0.500000 0.385247 0.432574 0.292896 0.500000 0.296239 0.500000 
0.500000 0.440679 0.500000 0.385283 0.432512 0.292896 0.500000 0.296265 0.500000 
0.500000 0.440679 0.500000 0.385316 0.432450 0.292896 0.500000 0.296291 0.500000 
0.500000 0.440679 0.500000 0.385346 0.432389 0.292896 0.500000 0.296316 0.500000 
0.500000 0.440679 0.500000 0.385373 0.432329 0.292896 0.500000 0.296342 0.500000 
0.500000 0.440679 0.500000 0.385397 0.432270 0.292896 0.500000 0.296367 0.500000 
0.500000 0.440679 0.500000 0.385418 0.432213 0.292896 0.500000 0.296392 0.500000 
0.500000 0.440679 0.500000 0.385438 0.432157 0.292896 0.500000 0.296416 0.500000 
0.500000 0.440679 0.500000 0.385455 0.432104 0.292896 0.500000 0.296439 0.500000 
0.500000 0.440679 0.500000 0.385471 0.432054 0.292896 0.500000 0.296461 0.500000 
0.500000 0.440679 0.500000 0.385485 0.432005 0.292896 0.500000 0.296482 0.500000 
0.500000 0.440679 0.500000 0.385498 0.431959 0.292896 0.500000 0.296502 0.500000 
0.500000 0.440679 0.500000 0.385509 0.431916 0.292896 0.500000 0.296521 0.500000 
0.500000 0.440679 0.500000 0.385520 0.431874 0.292896 0.500000 0.296539 0.500000 
0.500000 0.440679 0.500000 0.385529 0.431836 0.292896 0.500000 0.296557 0.500000 
0.500000 0.440679 0.500000 0.385537 0.431799 0.292896 0.500000 0.296573 0.500000 
0.500000 0.440679 0.500000 0.385545 0.431764 0.292896 0.500000 0.296588 0.500000 
0.500000 0.440679 0.500000 0.385552 0.431732 0.292896 0.500000 0.296603 0.500000 
0.500000 0.440679 0.500000 0.385558 0.431702 0.292896 0.500000 0.296616 0.500000 
0.500000 0.440679 0.500000 0.385563 0.431674 0.292896 0.500000 0.296629 0.500000 
0.500000 0.440679 0.500000 0.385568 0.431647 0.292896 0.500000 0.296640 0.500000 
0.500000 0.440679 0.500000 0.385573 0.431623 0.292896 0.500000 0.296651 0.500000 
0.500000 0.440679 0.500000 0.385577 0.431600 0.292896 0.500000 0.296662 0.500000 
0.500000 0.440679 0.500000 0.385580 0.431579 0.292896 0.500000 0.296671 0.500000 
0.500000 0.440679 0.500000 0.385583 0.431559 0.292896 0.500000 0.296680 0.500000 
0.500000 0.440679 0.500000 0.385586 0.431540 0.292896 0.500000 0.296688 0.500000 
0.500000 0.440679 0.500000 0.385589 0.431523 0.292896 0.500000 0.296696 0.500000 
0.500000 0.440679 0.500000 0.385591 0.431507 0.292896 0.500000 0.296703 0.500000 
0.500000 0.440679 0.500000 0.385593 0.431493 0.292896 0.500000 0.296710 0.500000 
0.500000 0.440679 0.500000 0.385595 0.431479 0.292896 0.500000 0.296716 0.500000 
0.500000 0.440679 0.500000 0.385597 0.431467 0.292896 0.500000 0.296722 0.500000 
0.500000 0.440679 0.500000 0.385599 0.431455 0.292896 0.500000 0.296727 0.500000 
0.500000 0.440679 0.500000 0.385600 0.431445 0.292896 0.500000 0.296732 0.500000 
0.500000 0.440679 0.500000 0.385601 0.431435 0.292896 0.500000 0.296736 0.500000 
0.500000 0.440679 0.500000 0.385602 0.431426 0.292896 0.500000 0.296740 0.500000 
0.500000 0.440679 0.500000 0.385603 0.431417 0.292896 0.500000 0.296744 0.500000 
0.500000 0.440679 0.500000 0.385604 0.431410 0.292896 0.500000 0.296747 0.500000 
0.500000 0.440679 0.500000 0.385605 0.431402 0.292896 0.500000 0.296751 0.500000 
0.500000 0.440679 0.500000 0.385606 0.431396 0.292896 0.500000 0.296754 0.500000 
0.500000 0.440679 0.500000 0.385607 0.431390 0.292896 0.500000 0.296756 0.500000 
0.500000 0.440679 0.500000 0.385607 0.431384 0.292896 0.500000 0.296759 0.500000 
0.500000 0.440679 0.500000 0.385608 0.431379 0.292896 0.500000 0.296761 0.500000 
0.500000 0.440679 0.500000 0.385608 0.431375 0.292896 0.500000 0.296763 0.500000 
0.500000 0.440679 0.500000 0.385609 0.431370 0.292896 0.500000 0.296765 0.500000 
0.500000 0.440679 0.500000 0.385609 0.431366 0.292896 0.500000 0.296767 0.500000 
0.500000 0.440679 0.500000 0.385609 0.431363 0.292896 0.500000 0.296769 0.500000 
0.500000 0.440679 0.500000 0.385610 0.431360 0.292896 0.500000 0.296770 0.500000 
0.500000 0.440679 0.500000 0.385610 0.431357 0.292896 0.500000 0.296772 0.500000 
0.500000 0.440679 0.500000 0.385610 0.431354 0.292896 0.500000 0.296773 0.500000 
0.500000 0.440679 0.500000 0.385611 0.431351 0.292896 0.500000 0.296774 0.500000 
0.500000 0.440679 0.500000 0.385611 0.431349 0.292896 0.500000 0.296775 0.500000 
0.500000 0.440679 0.500000 0.385611 0.431347 0.292896 0.500000 0.296776 0.500000 
0.500000 0.440679 0.500000 0.385611 0.431345 0.292896 0.500000 0.296777 0.500000 
0.500000 0.440679 0.500000 0.385611 0.431343 0.292896 0.500000 0.296778 0.500000 
0.500000 0.440679 0.500000 0.385611 0.431341 0.292896 0.500000 0.296778 0.500000 
0.500000 0.440679 0.500000 0.385611 0.431340 0.292896 0.500000 0.296779 0.500000 
0.500000 0.440679 0.500000 0.385612 0.431339 0.292896 0.500000 0.296780 0.500000 
0.500000 0.440679 0.500000 0.385612 0.431337 0.292896 0.500000 0.296780 0.500000 
0.500000 0.440679 0.500000 0.385612 0.431336 0.292896 0.500000 0.296781 0.500000 
0.500000 0.440679 0.500000 0.385612 0.431335 0.292896 0.500000 0.296781 0.500000 
