0.500000 0.440679 0.500000 0.268941 0.500000 0.500000 0.500000 0.500000 0.500000 
0.500000 0.440679 0.500000 0.257399 0.500000 0.500000 0.500000 0.500000 0.500000 
0.500000 0.440679 0.500000 0.251776 0.372692 0.500000 0.500000 0.500000 0.500000 
0.500000 0.440679 0.500000 0.249005 0.406477 0.500000 0.500000 0.321828 0.500000 
0.500000 0.440679 0.500000 0.247631 0.429157 0.500000 0.500000 0.307262 0.500000 
0.500000 0.440679 0.500000 0.246946 0.444192 0.500000 0.500000 0.297692 0.500000 
0.500000 0.440679 0.500000 0.246604 0.454282 0.500000 0.500000 0.291443 0.500000 
0.500000 0.440679 0.500000 0.246434 0.461200 0.500000 0.500000 0.287294 0.500000 
0.500000 0.440679 0.500000 0.246349 0.466056 0.500000 0.500000 0.284469 0.500000 
0.500000 0.440679 0.375701 0.246306 0.469541 0.500000 0.500000 0.282496 0.500000 
0.500000 0.440679 0.383897 0.285743 0.466245 0.500000 0.320516 0.281086 0.500000 
0.500000 0.440679 0.390661 0.303639 0.458819 0.500000 0.316956 0.282420 0.500000 
0.500000 0.440679 0.395817 0.310292 0.449696 0.500000 0.314035 0.285439 0.500000 
0.500000 0.440679 0.399460 0.311843 0.440487 0.500000 0.311818 0.289175 0.500000 
0.500000 0.440679 0.401809 0.311369 0.432188 0.500000 0.310257 0.292976 0.500000 
0.500000 0.440679 0.403125 0.310329 0.425231 0.500000 0.309252 0.296426 0.500000 
0.500000 0.440679 0.403655 0.309359 0.419639 0.500000 0.308690 0.299336 0.500000 
0.500000 0.440679 0.403612 0.308693 0.415218 0.500000 0.308464 0.301687 0.500000 
0.500000 0.440679 0.403160 0.308375 0.411701 0.500000 0.308482 0.303553 0.500000 
0.500000 0.440679 0.402420 0.308370 0.408833 0.500000 0.308675 0.305042 0.500000 
0.500000 0.440679 0.401478 0.308621 0.406401 0.500000 0.308991 0.306259 0.500000 
0.500000 0.440679 0.400391 0.309068 0.404242 0.500000 0.309394 0.307294 0.500000 
0.500000 0.440679 0.399197 0.309663 0.402240 0.500000 0.309858 0.308214 0.500000 
0.500000 0.440679 0.397917 0.310369 0.400313 0.500000 0.310369 0.309068 0.500000 
0.500000 0.440679 0.396565 0.311161 0.398404 0.500000 0.310917 0.309892 0.500000 
0.500000 0.440679 0.395147 0.312020 0.396475 0.500000 0.311497 0.310709 0.500000 
0.500000 0.440679 0.393665 0.312937 0.394498 0.500000 0.312105 0.311536 0.500000 
0.500000 0.440679 0.392117 0.313904 0.392455 0.500000 0.312742 0.312384 0.500000 
0.500000 0.440679 0.390500 0.314920 0.390329 0.500000 0.313408 0.313263 0.500000 
0.500000 0.440679 0.388809 0.315984 0.388107 0.500000 0.314104 0.314178 0.500000 
0.500000 0.440679 0.387038 0.317099 0.385778 0.500000 0.314834 0.315136 0.500000 
0.500000 0.440679 0.385179 0.318266 0.383330 0.500000 0.315598 0.316142 0.500000 
0.500000 0.440679 0.383225 0.319492 0.380751 0.500000 0.316402 0.317202 0.500000 
0.500000 0.440679 0.381165 0.320779 0.378027 0.500000 0.317248 0.318320 0.500000 
0.500000 0.440679 0.378990 0.322134 0.375143 0.500000 0.318141 0.319504 0.500000 
0.500000 0.440679 0.376687 0.323564 0.372085 0.500000 0.319085 0.320759 0.500000 
0.500000 0.440679 0.374243 0.325076 0.368833 0.500000 0.320087 0.322093 0.500000 
0.500000 0.440679 0.371643 0.326678 0.500000 0.500000 0.321151 0.323515 0.500000 
0.500000 0.440679 0.383543 0.328380 0.500000 0.500000 0.322286 0.500000 0.500000 
0.500000 0.440679 0.393666 0.325118 0.500000 0.500000 0.317110 0.500000 0.500000 
0.500000 0.440679 0.402272 0.320004 0.500000 0.500000 0.312742 0.500000 0.500000 
0.500000 0.440679 0.409594 0.314495 0.500000 0.500000 0.309054 0.500000 0.500000 
0.500000 0.440679 0.415836 0.309241 0.371121 0.500000 0.305936 0.500000 0.500000 
0.500000 0.440679 0.410332 0.304496 0.378104 0.500000 0.303292 0.322514 0.500000 
0.500000 0.440679 0.405826 0.303989 0.384090 0.500000 0.305623 0.319470 0.500000 
0.500000 0.440679 0.402217 0.305268 0.388267 0.500000 0.307539 0.316873 0.500000 
0.500000 0.440679 0.399301 0.307139 0.390701 0.500000 0.309078 0.315067 0.500000 
0.500000 0.440679 0.396870 0.309072 0.391725 0.500000 0.310325 0.314018 0.500000 
0.500000 0.440679 0.394752 0.310871 0.391690 0.500000 0.311366 0.313577 0.500000 
0.500000 0.440679 0.392819 0.312498 0.390889 0.500000 0.312275 0.313592 0.500000 
0.500000 0.440679 0.390976 0.313976 0.389539 0.500000 0.313106 0.313937 0.500000 
0.500000 0.440679 0.389159 0.315348 0.387791 0.500000 0.313899 0.314519 0.500000 
0.500000 0.440679 0.387322 0.316660 0.385747 0.500000 0.314683 0.315273 0.500000 
0.500000 0.440679 0.385435 0.317949 0.383467 0.500000 0.315475 0.316156 0.500000 
0.500000 0.440679 0.383472 0.319245 0.380988 0.500000 0.316291 0.317143 0.500000 
0.500000 0.440679 0.381416 0.320570 0.378325 0.500000 0.317141 0.318217 0.500000 
0.500000 0.440679 0.379251 0.321943 0.375483 0.500000 0.318032 0.319374 0.500000 
0.500000 0.440679 0.376963 0.323378 0.372456 0.500000 0.318971 0.320611 0.500000 
0.500000 0.440679 0.374537 0.324887 0.369231 0.500000 0.319966 0.321931 0.500000 
0.500000 0.440679 0.371957 0.326482 0.500000 0.500000 0.321023 0.323340 0.500000 
0.500000 0.440679 0.383810 0.328173 0.500000 0.500000 0.322149 0.500000 0.500000 
0.500000 0.440679 0.393893 0.324923 0.500000 0.500000 0.316994 0.500000 0.500000 
0.500000 0.440679 0.402465 0.319828 0.500000 0.500000 0.312644 0.500000 0.500000 
0.500000 0.440679 0.409758 0.314340 0.500000 0.500000 0.308972 0.500000 0.500000 
0.500000 0.440679 0.415976 0.309108 0.371545 0.500000 0.305866 0.500000 0.500000 
0.500000 0.440679 0.410504 0.304382 0.378491 0.500000 0.303232 0.322329 0.500000 
0.500000 0.440679 0.406022 0.303874 0.384447 0.500000 0.305550 0.319302 0.500000 
0.500000 0.440679 0.402433 0.305143 0.388605 0.500000 0.307455 0.316718 0.500000 
0.500000 0.440679 0.399533 0.307002 0.391031 0.500000 0.308985 0.314922 0.500000 
0.500000 0.440679 0.397115 0.308924 0.392055 0.500000 0.310225 0.313876 0.500000 
0.500000 0.440679 0.395009 0.310714 0.392028 0.500000 0.311261 0.313435 0.500000 
0.500000 0.440679 0.393087 0.312331 0.391238 0.500000 0.312165 0.313447 0.500000 
0.500000 0.440679 0.391256 0.313800 0.389902 0.500000 0.312991 0.313787 0.500000 
0.500000 0.440679 0.389452 0.315164 0.388172 0.500000 0.313779 0.314362 0.500000 
0.500000 0.440679 0.387629 0.316467 0.386147 0.500000 0.314556 0.315108 0.500000 
0.500000 0.440679 0.385756 0.317747 0.383889 0.500000 0.315343 0.315983 0.500000 
0.500000 0.440679 0.383810 0.319033 0.381433 0.500000 0.316152 0.316960 0.500000 
0.500000 0.440679 0.381772 0.320347 0.378796 0.500000 0.316994 0.318024 0.500000 
0.500000 0.440679 0.379628 0.321709 0.375982 0.500000 0.317877 0.319169 0.500000 
0.500000 0.440679 0.377362 0.323131 0.372985 0.500000 0.318808 0.320394 0.500000 
0.500000 0.440679 0.374960 0.324625 0.369795 0.500000 0.319793 0.321700 0.500000 
0.500000 0.440679 0.372408 0.326204 0.500000 0.500000 0.320839 0.323094 0.500000 
0.500000 0.440679 0.384194 0.327878 0.500000 0.500000 0.321952 0.500000 0.500000 
0.500000 0.440679 0.394220 0.324642 0.500000 0.500000 0.316828 0.500000 0.500000 
0.500000 0.440679 0.402743 0.319575 0.500000 0.500000 0.312504 0.500000 0.500000 
0.500000 0.440679 0.409995 0.314119 0.500000 0.500000 0.308853 0.500000 0.500000 
0.500000 0.440679 0.416178 0.308916 0.372148 0.500000 0.305766 0.500000 0.500000 
0.500000 0.440679 0.410750 0.304218 0.379043 0.500000 0.303147 0.322066 0.500000 
0.500000 0.440679 0.406304 0.303708 0.384956 0.500000 0.305445 0.319062 0.500000 
0.500000 0.440679 0.402743 0.304965 0.389088 0.500000 0.307335 0.316498 0.500000 
0.500000 0.440679 0.399864 0.306808 0.391502 0.500000 0.308853 0.314713 0.500000 
0.500000 0.440679 0.397465 0.308713 0.392527 0.500000 0.310084 0.313673 0.500000 
0.500000 0.440679 0.395376 0.310488 0.392509 0.500000 0.311111 0.313232 0.500000 
0.500000 0.440679 0.393470 0.312092 0.391736 0.500000 0.312007 0.313239 0.500000 
0.500000 0.440679 0.391656 0.313549 0.390421 0.500000 0.312826 0.313572 0.500000 
0.500000 0.440679 0.389870 0.314901 0.388715 0.500000 0.313607 0.314138 0.500000 
0.500000 0.440679 0.388066 0.316192 0.386717 0.500000 0.314376 0.314874 0.500000 
0.500000 0.440679 0.386215 0.317459 0.384489 0.500000 0.315154 0.315737 0.500000 
0.500000 0.440679 0.384292 0.318730 0.382067 0.500000 0.315954 0.316700 0.500000 
0.500000 0.440679 0.382280 0.320030 0.379466 0.500000 0.316786 0.317749 0.500000 
