0.440679 0.268941 0.268941 0.500000 0.500000 
0.500000 0.235259 0.231942 0.368680 0.500000 
0.500000 0.217356 0.306646 0.386065 0.323582 
0.500000 0.500000 0.229370 0.351309 0.316019 
0.500000 0.500000 0.363056 0.387285 0.331232 
0.500000 0.500000 0.229189 0.326049 0.315491 
0.500000 0.500000 0.372555 0.387371 0.342517 
0.500000 0.218880 0.221485 0.321888 0.315454 
0.500000 0.500000 0.333420 0.391034 0.344394 
0.500000 0.500000 0.252335 0.339205 0.313875 
0.440679 0.500000 0.345436 0.376444 0.336616 
0.500000 0.242326 0.247408 0.333839 0.320192 
0.500000 0.239499 0.306294 0.378760 0.339017 
0.500000 0.236893 0.236354 0.351469 0.319185 
0.500000 0.225378 0.309214 0.383976 0.331161 
0.500000 0.222684 0.229713 0.350139 0.316922 
0.500000 0.500000 0.313583 0.387122 0.331751 
0.500000 0.500000 0.270652 0.348153 0.315562 
0.500000 0.500000 0.324695 0.367884 0.332632 
0.500000 0.216133 0.268277 0.343127 0.323930 
0.440679 0.217076 0.276395 0.368990 0.334867 
0.500000 0.231216 0.259434 0.365218 0.323446 
0.500000 0.221965 0.279382 0.373117 0.325099 
0.500000 0.215983 0.256443 0.363834 0.321643 
0.500000 0.500000 0.279230 0.374517 0.325707 
0.500000 0.500000 0.306222 0.363904 0.321032 
0.500000 0.500000 0.286041 0.351502 0.325676 
0.500000 0.500000 0.309184 0.360757 0.331147 
0.500000 0.500000 0.284653 0.350153 0.327060 
0.500000 0.216922 0.310998 0.361397 0.331745 
0.440679 0.222028 0.234134 0.349328 0.326778 
0.500000 0.231427 0.308985 0.385026 0.332110 
0.500000 0.227945 0.230708 0.350243 0.316468 
0.500000 0.216308 0.313694 0.386650 0.331704 
0.500000 0.500000 0.223847 0.348103 0.315766 
0.500000 0.500000 0.369750 0.389909 0.332654 
0.500000 0.500000 0.222960 0.323113 0.314359 
0.500000 0.500000 0.379628 0.390331 0.343840 
0.500000 0.219137 0.214948 0.318808 0.314177 
0.500000 0.500000 0.342210 0.394151 0.345786 
0.440679 0.215982 0.243951 0.335276 0.312533 
0.500000 0.232801 0.303067 0.380388 0.338373 
0.500000 0.229306 0.236986 0.352942 0.318478 
0.500000 0.218325 0.306207 0.383677 0.330509 
0.500000 0.500000 0.230657 0.351509 0.317052 
0.500000 0.500000 0.361701 0.386674 0.331144 
0.500000 0.500000 0.230486 0.326644 0.315755 
0.500000 0.500000 0.371088 0.386755 0.342249 
0.500000 0.220338 0.222856 0.322529 0.315720 
0.500000 0.216045 0.331959 0.390381 0.344104 
0.440679 0.216923 0.210106 0.339860 0.314156 
0.500000 0.222536 0.338892 0.396466 0.336324 
0.500000 0.222771 0.205016 0.336756 0.311540 
0.500000 0.500000 0.347695 0.398905 0.337711 
0.500000 0.500000 0.237867 0.332835 0.310494 
0.500000 0.500000 0.361679 0.383260 0.339467 
0.500000 0.217263 0.231610 0.326654 0.317232 
0.500000 0.500000 0.319904 0.386222 0.342244 
0.500000 0.500000 0.265538 0.345290 0.315951 
0.500000 0.500000 0.330608 0.370266 0.333904 
0.440679 0.220295 0.262270 0.340467 0.322888 
0.500000 0.240632 0.284023 0.371791 0.336053 
0.500000 0.234674 0.256981 0.361688 0.322221 
0.500000 0.225577 0.283875 0.374265 0.326650 
0.500000 0.219989 0.253023 0.361756 0.321142 
0.500000 0.500000 0.284278 0.376121 0.326620 
0.500000 0.500000 0.300961 0.361570 0.320333 
0.500000 0.500000 0.291655 0.353904 0.326702 
0.500000 0.500000 0.303109 0.358171 0.330083 
0.500000 0.217271 0.291087 0.352922 0.328199 
0.440679 0.220474 0.253006 0.358432 0.330518 
0.500000 0.232049 0.285723 0.376129 0.328084 
0.500000 0.225786 0.252187 0.360903 0.320330 
0.500000 0.216610 0.286784 0.376513 0.326995 
0.500000 0.500000 0.247879 0.360414 0.320162 
0.500000 0.500000 0.341409 0.378538 0.327211 
0.500000 0.500000 0.250057 0.335632 0.319281 
0.500000 0.500000 0.348997 0.377514 0.338214 
0.500000 0.217367 0.244045 0.332257 0.319727 
0.500000 0.215708 0.304560 0.380344 0.339726 
0.440679 0.500000 0.232450 0.352260 0.318497 
0.500000 0.221633 0.359642 0.385824 0.330811 
0.500000 0.229767 0.194580 0.327551 0.316123 
0.500000 0.500000 0.365966 0.403920 0.341841 
0.500000 0.218897 0.221699 0.324771 0.308351 
0.500000 0.500000 0.331988 0.390932 0.343093 
0.500000 0.500000 0.253572 0.339847 0.313918 
0.500000 0.500000 0.344014 0.375863 0.336330 
0.500000 0.220914 0.248811 0.334472 0.320445 
0.500000 0.219548 0.299683 0.378100 0.338733 
0.440679 0.216875 0.237702 0.354489 0.319472 
0.500000 0.225539 0.301884 0.383338 0.329825 
0.500000 0.221354 0.235470 0.353482 0.317199 
0.500000 0.500000 0.305718 0.384394 0.330270 
0.500000 0.500000 0.278543 0.351732 0.316741 
0.500000 0.500000 0.315957 0.364222 0.331045 
0.500000 0.500000 0.277316 0.347077 0.325536 
0.500000 0.216541 0.318973 0.364790 0.333110 
0.500000 0.222379 0.226987 0.345711 0.325287 
0.500000 0.500000 0.318306 0.388416 0.333717 
0.440679 0.268941 0.268941 0.500000 0.500000 
0.500000 0.235259 0.223581 0.368680 0.500000 
0.500000 0.500000 0.303782 0.390036 0.323582 
0.500000 0.500000 0.278099 0.352615 0.314304 
0.500000 0.500000 0.316009 0.364428 0.330654 
0.500000 0.216192 0.277191 0.347053 0.325446 
0.500000 0.218021 0.254477 0.364848 0.333120 
0.500000 0.500000 0.268485 0.375439 0.325261 
0.500000 0.500000 0.315850 0.368893 0.320630 
0.500000 0.500000 0.275602 0.347125 0.323489 
0.440679 0.500000 0.320532 0.365585 0.333088 
0.500000 0.232647 0.272781 0.345006 0.324938 
0.500000 0.233354 0.263594 0.366895 0.334030 
0.500000 0.224415 0.263624 0.371173 0.324364 
0.500000 0.500000 0.259560 0.371159 0.322491 
0.500000 0.500000 0.325980 0.373058 0.322497 
0.500000 0.500000 0.265213 0.342548 0.321668 
0.500000 0.500000 0.332015 0.370417 0.335125 
0.500000 0.218432 0.261004 0.339835 0.322822 
0.500000 0.218541 0.272259 0.372383 0.336335 
0.440679 0.500000 0.250030 0.367137 0.321963 
0.500000 0.219346 0.336718 0.377527 0.324257 
0.500000 0.225081 0.202000 0.337728 0.319721 
0.500000 0.500000 0.339441 0.400352 0.337276 
0.500000 0.500000 0.244113 0.336511 0.309875 
0.500000 0.500000 0.354296 0.380312 0.337821 
0.500000 0.215915 0.238672 0.329910 0.318511 
0.500000 0.500000 0.297494 0.382880 0.340780 
0.500000 0.500000 0.286400 0.355491 0.317397 
0.500000 0.500000 0.307243 0.360591 0.329382 
0.440679 0.215849 0.286442 0.351037 0.327133 
0.500000 0.238601 0.245253 0.360572 0.331353 
0.500000 0.226362 0.284916 0.379774 0.327141 
0.500000 0.219271 0.239182 0.361275 0.318744 
0.500000 0.500000 0.285243 0.382639 0.326832 
0.500000 0.500000 0.297527 0.361125 0.317502 
0.500000 0.500000 0.294911 0.355476 0.326898 
0.500000 0.500000 0.299531 0.356676 0.329388 
0.500000 0.500000 0.294891 0.354558 0.328859 
0.500000 0.215646 0.299919 0.356685 0.329794 
0.440679 0.219742 0.232703 0.354381 0.328855 
0.500000 0.227057 0.294928 0.385704 0.329873 
0.500000 0.220428 0.229722 0.356668 0.316175 
0.500000 0.500000 0.297433 0.387118 0.328862 
0.500000 0.500000 0.284823 0.355519 0.315564 
0.500000 0.500000 0.308671 0.361319 0.329370 
0.500000 0.500000 0.284886 0.350386 0.326813 
0.500000 0.500000 0.310690 0.361289 0.331641 
0.500000 0.217102 0.283109 0.349468 0.326825 
0.500000 0.219534 0.248883 0.362110 0.332048 
0.440679 0.500000 0.275311 0.378066 0.326464 
0.500000 0.220639 0.308446 0.365720 0.319487 
0.500000 0.223707 0.224687 0.350488 0.324879 
0.500000 0.500000 0.306481 0.389510 0.331596 
0.500000 0.500000 0.275933 0.351384 0.314531 
0.500000 0.500000 0.318503 0.365432 0.331199 
0.500000 0.500000 0.274615 0.345924 0.325005 
0.500000 0.500000 0.321930 0.366043 0.333622 
0.500000 0.221144 0.271385 0.344374 0.324737 
0.500000 0.222225 0.261893 0.367544 0.334312 
0.440679 0.500000 0.261851 0.371967 0.324079 
0.500000 0.223185 0.323482 0.371987 0.322144 
0.500000 0.227630 0.212912 0.343674 0.322136 
0.500000 0.500000 0.324137 0.395124 0.334623 
0.500000 0.500000 0.258682 0.343379 0.312115 
0.500000 0.500000 0.337795 0.373469 0.334755 
0.500000 0.217436 0.254939 0.337246 0.321489 
0.500000 0.216921 0.278708 0.375222 0.337492 
0.500000 0.500000 0.243258 0.364146 0.320725 
0.500000 0.500000 0.344479 0.380714 0.325570 
0.440679 0.500000 0.246711 0.334265 0.318336 
0.500000 0.224012 0.352699 0.379088 0.338826 
0.500000 0.232781 0.192810 0.330616 0.319043 
0.500000 0.216021 0.356559 0.404772 0.340463 
0.500000 0.217786 0.183426 0.328910 0.307988 
0.500000 0.500000 0.366405 0.409302 0.341229 
0.500000 0.500000 0.219748 0.324578 0.306060 
0.500000 0.500000 0.382222 0.391861 0.343180 
0.500000 0.500000 0.212452 0.317682 0.313518 
0.500000 0.500000 0.391719 0.395344 0.346295 
0.440679 0.217157 0.204052 0.313579 0.312021 
0.500000 0.229851 0.344357 0.399367 0.348155 
0.500000 0.230034 0.193880 0.334319 0.310296 
0.500000 0.500000 0.352926 0.404257 0.338802 
0.500000 0.500000 0.231914 0.330516 0.308207 
0.500000 0.500000 0.368274 0.386078 0.340508 
0.500000 0.220000 0.225339 0.323759 0.316013 
0.500000 0.216005 0.315699 0.389199 0.343549 
0.500000 0.500000 0.211542 0.347194 0.314665 
0.500000 0.500000 0.382583 0.395779 0.333058 
0.440679 0.500000 0.211057 0.317526 0.311834 
0.500000 0.222792 0.393131 0.396011 0.346366 
0.500000 0.234979 0.167403 0.312972 0.311735 
0.500000 0.500000 0.400580 0.417072 0.348431 
0.500000 0.222617 0.191963 0.309777 0.302770 
0.500000 0.500000 0.363114 0.405180 0.349883 
0.500000 0.216577 0.223556 0.326023 0.307814 
0.500000 0.500000 0.315724 0.390047 0.342529 
0.500000 0.500000 0.267713 0.347182 0.314299 
0.500000 0.500000 0.327819 0.369252 0.333063 
0.440679 0.268941 0.268941 0.500000 0.500000 
0.500000 0.262931 0.223581 0.368680 0.500000 
0.500000 0.274093 0.311384 0.390036 0.323582 
0.500000 0.290392 0.226764 0.349152 0.314304 
0.500000 0.309017 0.322674 0.388522 0.332188 
0.500000 0.325994 0.226025 0.344039 0.314957 
0.500000 0.344388 0.334011 0.388873 0.334461 
0.500000 0.360089 0.224248 0.338940 0.314806 
0.500000 0.376880 0.345503 0.389718 0.336735 
0.500000 0.390336 0.221272 0.333809 0.314441 
0.440679 0.404675 0.356958 0.391135 0.339030 
0.500000 0.430681 0.217041 0.328734 0.313831 
0.500000 0.439941 0.371110 0.393152 0.341309 
0.500000 0.446571 0.211512 0.322519 0.312963 
0.500000 0.453997 0.381966 0.395793 0.344109 
0.500000 0.458823 0.204794 0.317793 0.311828 
0.500000 0.464462 0.392614 0.399011 0.346245 
0.500000 0.467895 0.197550 0.313194 0.310449 
0.500000 0.472168 0.403015 0.402490 0.348330 
0.500000 0.474587 0.190097 0.308737 0.308961 
0.440679 0.477846 0.413034 0.406080 0.350356 
0.500000 0.483736 0.182727 0.304477 0.307430 
0.500000 0.485583 0.423045 0.409640 0.352298 
0.500000 0.486399 0.175668 0.300254 0.305917 
0.500000 0.487886 0.431727 0.413059 0.354228 
0.500000 0.488451 0.169109 0.296618 0.304467 
0.500000 0.489652 0.439595 0.416243 0.355893 
0.500000 0.490037 0.500000 0.293345 0.303120 
0.500000 0.494463 0.446582 0.500000 0.357394 
0.500000 0.492636 0.500000 0.290457 0.500000 
0.440679 0.495906 0.462684 0.500000 0.358722 
0.500000 0.495713 0.500000 0.283865 0.500000 
0.500000 0.497627 0.473179 0.500000 0.361761 
0.500000 0.496804 0.500000 0.279618 0.500000 
0.500000 0.498240 0.479927 0.500000 0.363724 
0.500000 0.497612 0.500000 0.276907 0.500000 
0.500000 0.498682 0.484365 0.500000 0.364980 
0.500000 0.498195 0.500000 0.275134 0.500000 
0.500000 0.498999 0.487353 0.500000 0.365802 
0.500000 0.498614 0.500000 0.273944 0.500000 
0.440679 0.499226 0.489417 0.500000 0.366355 
0.500000 0.499146 0.500000 0.273123 0.500000 
0.500000 0.499513 0.490884 0.500000 0.366736 
0.500000 0.499304 0.500000 0.272541 0.500000 
0.500000 0.499600 0.491943 0.500000 0.367006 
0.500000 0.499424 0.500000 0.272121 0.500000 
0.500000 0.499666 0.492726 0.500000 0.367201 
0.500000 0.499515 0.500000 0.271811 0.500000 
0.500000 0.499717 0.493315 0.500000 0.367345 
0.500000 0.499586 0.500000 0.271578 0.500000 
0.440679 0.499757 0.493764 0.500000 0.367454 
0.500000 0.499718 0.500000 0.271401 0.500000 
0.500000 0.499831 0.494111 0.500000 0.367536 
0.500000 0.499746 0.500000 0.271263 0.500000 
0.500000 0.499848 0.494382 0.500000 0.367600 
0.500000 0.499770 0.500000 0.271156 0.500000 
0.500000 0.499861 0.494594 0.500000 0.367650 
0.500000 0.499790 0.500000 0.271072 0.500000 
0.500000 0.499873 0.494763 0.500000 0.367689 
0.500000 0.499806 0.500000 0.271006 0.500000 
0.440679 0.499882 0.494897 0.500000 0.367720 
0.500000 0.499858 0.500000 0.270953 0.500000 
0.500000 0.499913 0.495005 0.500000 0.367744 
0.500000 0.499864 0.500000 0.270910 0.500000 
0.500000 0.499916 0.495091 0.500000 0.367764 
0.500000 0.499870 0.500000 0.270876 0.500000 
0.500000 0.499919 0.495161 0.500000 0.367780 
0.500000 0.499874 0.500000 0.270848 0.500000 
0.500000 0.499922 0.495218 0.500000 0.367793 
0.500000 0.499878 0.500000 0.270826 0.500000 
0.440679 0.499924 0.495263 0.500000 0.367803 
0.500000 0.499907 0.500000 0.270808 0.500000 
0.500000 0.499941 0.495300 0.500000 0.367812 
0.500000 0.499907 0.500000 0.270793 0.500000 
0.500000 0.499942 0.495331 0.500000 0.367819 
0.500000 0.499908 0.500000 0.270781 0.500000 
0.500000 0.499942 0.495355 0.500000 0.367824 
0.500000 0.499908 0.500000 0.270772 0.500000 
0.500000 0.499942 0.495375 0.500000 0.367829 
0.500000 0.499908 0.500000 0.270764 0.500000 
0.440679 0.499942 0.495392 0.500000 0.367832 
0.500000 0.499928 0.500000 0.270757 0.500000 
0.500000 0.499954 0.495405 0.500000 0.367835 
0.500000 0.499926 0.500000 0.270752 0.500000 
0.500000 0.499953 0.495416 0.500000 0.367838 
0.500000 0.499925 0.500000 0.270748 0.500000 
0.500000 0.499952 0.495425 0.500000 0.367840 
0.500000 0.499924 0.500000 0.270744 0.500000 
0.500000 0.499951 0.495432 0.500000 0.367841 
0.500000 0.499923 0.500000 0.270741 0.500000 
0.440679 0.499951 0.495438 0.500000 0.367843 
0.500000 0.499938 0.500000 0.270739 0.500000 
0.500000 0.499960 0.495443 0.500000 0.367844 
0.500000 0.499936 0.500000 0.270737 0.500000 
0.500000 0.499959 0.495447 0.500000 0.367845 
0.500000 0.499934 0.500000 0.270736 0.500000 
0.500000 0.499958 0.495450 0.500000 0.367845 
0.500000 0.499932 0.500000 0.270734 0.500000 
0.500000 0.499956 0.495453 0.500000 0.367846 
0.500000 0.499930 0.500000 0.270733 0.500000 
0.440679 0.268941 0.268941 0.500000 0.500000 
0.500000 0.226745 0.223581 0.368680 0.500000 
0.500000 0.500000 0.301322 0.390036 0.323582 
0.500000 0.500000 0.280264 0.353739 0.314304 
0.500000 0.500000 0.313565 0.363425 0.330156 
0.500000 0.500000 0.279732 0.348162 0.325886 
0.500000 0.500000 0.316312 0.363672 0.332628 
0.500000 0.500000 0.277218 0.346916 0.325778 
0.500000 0.500000 0.319128 0.364836 0.333181 
0.500000 0.500000 0.274297 0.345641 0.325267 
0.440679 0.500000 0.322338 0.366191 0.333748 
0.500000 0.500000 0.270973 0.344190 0.324672 
0.500000 0.500000 0.326001 0.367735 0.334394 
0.500000 0.500000 0.267201 0.342539 0.323995 
0.500000 0.500000 0.330169 0.369491 0.335129 
0.500000 0.500000 0.262938 0.340664 0.323227 
0.500000 0.500000 0.334896 0.371479 0.335965 
0.500000 0.500000 0.258141 0.338543 0.322358 
0.500000 0.500000 0.340233 0.373722 0.336912 
0.500000 0.500000 0.252775 0.336157 0.321378 
0.440679 0.500000 0.346226 0.376237 0.337979 
0.500000 0.500000 0.246816 0.333488 0.320282 
0.500000 0.500000 0.352903 0.379038 0.339174 
0.500000 0.500000 0.240261 0.330526 0.319064 
0.500000 0.500000 0.360275 0.382129 0.340503 
0.500000 0.500000 0.233132 0.327272 0.317723 
0.500000 0.500000 0.368316 0.385501 0.341966 
0.500000 0.500000 0.225486 0.323741 0.316262 
0.500000 0.500000 0.376964 0.389130 0.343557 
0.500000 0.500000 0.217422 0.319966 0.314695 
0.440679 0.500000 0.386103 0.392970 0.345262 
0.500000 0.500000 0.209083 0.316002 0.313041 
0.500000 0.500000 0.395567 0.396956 0.347056 
0.500000 0.500000 0.200650 0.311925 0.311329 
0.500000 0.500000 0.405146 0.401000 0.348906 
0.500000 0.500000 0.192328 0.307828 0.309598 
0.500000 0.500000 0.414598 0.405005 0.350770 
0.500000 0.500000 0.184326 0.303815 0.307889 
0.500000 0.500000 0.423683 0.408867 0.352600 
0.500000 0.500000 0.176832 0.299986 0.306245 
0.440679 0.500000 0.432186 0.412494 0.354350 
0.500000 0.500000 0.169992 0.296427 0.304706 
0.500000 0.500000 0.439944 0.415813 0.355980 
0.500000 0.500000 0.500000 0.293201 0.303301 
0.500000 0.254991 0.446859 0.500000 0.357461 
0.500000 0.241883 0.500000 0.290343 0.500000 
0.500000 0.322979 0.459887 0.500000 0.358775 
0.500000 0.308726 0.500000 0.285004 0.500000 
0.500000 0.386368 0.469474 0.500000 0.361235 
0.500000 0.373694 0.500000 0.281113 0.500000 
0.440679 0.432342 0.476478 0.500000 0.363033 
0.500000 0.436839 0.500000 0.278291 0.500000 
0.500000 0.468231 0.482040 0.500000 0.364339 
0.500000 0.462292 0.500000 0.276062 0.500000 
0.500000 0.481286 0.485543 0.500000 0.365372 
0.500000 0.477275 0.500000 0.274664 0.500000 
0.500000 0.488688 0.488037 0.500000 0.366020 
0.500000 0.485959 0.500000 0.273671 0.500000 
0.500000 0.492935 0.489831 0.500000 0.366481 
0.500000 0.491047 0.500000 0.272959 0.500000 
0.440679 0.495430 0.491138 0.500000 0.366812 
0.500000 0.495335 0.500000 0.272440 0.500000 
0.500000 0.497556 0.492125 0.500000 0.367053 
0.500000 0.496746 0.500000 0.272049 0.500000 
0.500000 0.498269 0.492850 0.500000 0.367235 
0.500000 0.497659 0.500000 0.271762 0.500000 
0.500000 0.498737 0.493401 0.500000 0.367368 
0.500000 0.498267 0.500000 0.271544 0.500000 
0.500000 0.499052 0.493825 0.500000 0.367469 
0.500000 0.498682 0.500000 0.271377 0.500000 
0.440679 0.499270 0.494154 0.500000 0.367547 
0.500000 0.499190 0.500000 0.271246 0.500000 
0.500000 0.499541 0.494414 0.500000 0.367608 
0.500000 0.499338 0.500000 0.271143 0.500000 
0.500000 0.499621 0.494619 0.500000 0.367656 
0.500000 0.499450 0.500000 0.271063 0.500000 
0.500000 0.499682 0.494781 0.500000 0.367693 
0.500000 0.499534 0.500000 0.270999 0.500000 
0.500000 0.499729 0.494910 0.500000 0.367723 
0.500000 0.499600 0.500000 0.270947 0.500000 
0.440679 0.499765 0.495015 0.500000 0.367747 
0.500000 0.499725 0.500000 0.270906 0.500000 
0.500000 0.499836 0.495099 0.500000 0.367766 
0.500000 0.499751 0.500000 0.270873 0.500000 
0.500000 0.499851 0.495167 0.500000 0.367782 
0.500000 0.499773 0.500000 0.270846 0.500000 
0.500000 0.499863 0.495222 0.500000 0.367794 
0.500000 0.499791 0.500000 0.270824 0.500000 
0.500000 0.499874 0.495266 0.500000 0.367804 
0.500000 0.499806 0.500000 0.270807 0.500000 
0.440679 0.499882 0.495303 0.500000 0.367812 
0.500000 0.499857 0.500000 0.270793 0.500000 
0.500000 0.499912 0.495332 0.500000 0.367819 
0.500000 0.499863 0.500000 0.270781 0.500000 
0.500000 0.499915 0.495356 0.500000 0.367824 
0.500000 0.499867 0.500000 0.270771 0.500000 
0.500000 0.499918 0.495376 0.500000 0.367829 
0.500000 0.499871 0.500000 0.270764 0.500000 
0.500000 0.499920 0.495392 0.500000 0.367832 
0.500000 0.499875 0.500000 0.270757 0.500000 
0.440679 0.268941 0.268941 0.500000 0.500000 
0.500000 0.244151 0.223581 0.368680 0.500000 
0.500000 0.233069 0.306288 0.390036 0.323582 
0.500000 0.234194 0.221534 0.351472 0.314304 
0.500000 0.229205 0.312713 0.391010 0.331160 
0.500000 0.231465 0.215931 0.348548 0.313885 
0.500000 0.226280 0.319651 0.393682 0.332456 
0.500000 0.229152 0.209912 0.345405 0.312735 
0.500000 0.223699 0.327533 0.396559 0.333853 
0.500000 0.227255 0.203565 0.341849 0.311500 
0.440679 0.221537 0.336396 0.399601 0.335437 
0.500000 0.246682 0.196965 0.337872 0.310196 
0.500000 0.238974 0.351849 0.402772 0.337212 
0.500000 0.244816 0.190339 0.330993 0.308841 
0.500000 0.237840 0.362908 0.405963 0.340294 
0.500000 0.244814 0.183274 0.326114 0.307480 
0.500000 0.237543 0.374574 0.409375 0.342488 
0.500000 0.245646 0.176353 0.321007 0.306029 
0.500000 0.238091 0.386616 0.412726 0.344791 
0.500000 0.247385 0.169736 0.315780 0.304607 
0.440679 0.239560 0.398692 0.415938 0.347157 
0.500000 0.273030 0.500000 0.310585 0.303249 
0.500000 0.345562 0.414619 0.500000 0.349515 
0.500000 0.324477 0.500000 0.303806 0.500000 
0.500000 0.391740 0.437365 0.500000 0.352604 
0.500000 0.375578 0.500000 0.294271 0.500000 
0.500000 0.430134 0.454580 0.500000 0.356969 
0.500000 0.418696 0.500000 0.287172 0.500000 
0.500000 0.457170 0.466871 0.500000 0.360235 
0.500000 0.449416 0.500000 0.282166 0.500000 
0.440679 0.474237 0.475336 0.500000 0.362546 
0.500000 0.475277 0.500000 0.278750 0.500000 
0.500000 0.487497 0.481316 0.500000 0.364126 
0.500000 0.484510 0.500000 0.276351 0.500000 
0.500000 0.492140 0.485192 0.500000 0.365238 
0.500000 0.490085 0.500000 0.274804 0.500000 
0.500000 0.494918 0.487866 0.500000 0.365955 
0.500000 0.493473 0.500000 0.273740 0.500000 
0.500000 0.496611 0.489748 0.500000 0.366449 
0.500000 0.495571 0.500000 0.272992 0.500000 
0.440679 0.497668 0.491100 0.500000 0.366797 
0.500000 0.497555 0.500000 0.272456 0.500000 
0.500000 0.498679 0.492100 0.500000 0.367046 
0.500000 0.498197 0.500000 0.272059 0.500000 
0.500000 0.499013 0.492838 0.500000 0.367230 
0.500000 0.498635 0.500000 0.271767 0.500000 
0.500000 0.499244 0.493395 0.500000 0.367366 
0.500000 0.498940 0.500000 0.271546 0.500000 
0.500000 0.499406 0.493823 0.500000 0.367468 
0.500000 0.499159 0.500000 0.271377 0.500000 
0.440679 0.499524 0.494154 0.500000 0.367547 
0.500000 0.499463 0.500000 0.271246 0.500000 
0.500000 0.499689 0.494415 0.500000 0.367608 
0.500000 0.499545 0.500000 0.271143 0.500000 
0.500000 0.499735 0.494620 0.500000 0.367656 
0.500000 0.499609 0.500000 0.271062 0.500000 
0.500000 0.499771 0.494783 0.500000 0.367694 
0.500000 0.499660 0.500000 0.270998 0.500000 
0.500000 0.499799 0.494912 0.500000 0.367723 
0.500000 0.499700 0.500000 0.270947 0.500000 
0.440679 0.499821 0.495016 0.500000 0.367747 
0.500000 0.499789 0.500000 0.270906 0.500000 
0.500000 0.499872 0.495101 0.500000 0.367766 
0.500000 0.499805 0.500000 0.270872 0.500000 
0.500000 0.499881 0.495168 0.500000 0.367782 
0.500000 0.499818 0.500000 0.270846 0.500000 
0.500000 0.499889 0.495223 0.500000 0.367794 
0.500000 0.499830 0.500000 0.270824 0.500000 
0.500000 0.499896 0.495268 0.500000 0.367804 
0.500000 0.499839 0.500000 0.270806 0.500000 
0.440679 0.499902 0.495304 0.500000 0.367812 
0.500000 0.499880 0.500000 0.270792 0.500000 
0.500000 0.499925 0.495333 0.500000 0.367819 
0.500000 0.499883 0.500000 0.270780 0.500000 
0.500000 0.499927 0.495357 0.500000 0.367825 
0.500000 0.499886 0.500000 0.270771 0.500000 
0.500000 0.499929 0.495377 0.500000 0.367829 
0.500000 0.499888 0.500000 0.270763 0.500000 
0.500000 0.499930 0.495393 0.500000 0.367833 
0.500000 0.499890 0.500000 0.270757 0.500000 
0.440679 0.499931 0.495406 0.500000 0.367835 
0.500000 0.499915 0.500000 0.270752 0.500000 
0.500000 0.499946 0.495417 0.500000 0.367838 
0.500000 0.499914 0.500000 0.270748 0.500000 
0.500000 0.499946 0.495425 0.500000 0.367840 
0.500000 0.499913 0.500000 0.270744 0.500000 
0.500000 0.499945 0.495432 0.500000 0.367841 
0.500000 0.499913 0.500000 0.270741 0.500000 
0.500000 0.499945 0.495438 0.500000 0.367843 
0.500000 0.499912 0.500000 0.270739 0.500000 
0.440679 0.499945 0.495443 0.500000 0.367844 
0.500000 0.499931 0.500000 0.270737 0.500000 
0.500000 0.499956 0.495447 0.500000 0.367845 
0.500000 0.499929 0.500000 0.270736 0.500000 
0.500000 0.499954 0.495450 0.500000 0.367845 
0.500000 0.499927 0.500000 0.270734 0.500000 
0.500000 0.499953 0.495453 0.500000 0.367846 
0.500000 0.499925 0.500000 0.270733 0.500000 
0.500000 0.499952 0.495455 0.500000 0.367847 
0.500000 0.499924 0.500000 0.270732 0.500000 
0.440679 0.268941 0.268941 0.500000 0.500000 
0.500000 0.253388 0.223581 0.368680 0.500000 
0.500000 0.252844 0.308826 0.390036 0.323582 
0.500000 0.261268 0.224095 0.350316 0.314304 
0.500000 0.267394 0.317723 0.389791 0.331672 
0.500000 0.277142 0.220907 0.346276 0.314410 
0.500000 0.283537 0.327083 0.391309 0.333465 
0.500000 0.293882 0.217114 0.342052 0.313756 
0.500000 0.300365 0.337261 0.393117 0.335346 
0.500000 0.311148 0.212726 0.337485 0.312978 
0.440679 0.317589 0.348193 0.395213 0.337385 
0.500000 0.352270 0.207744 0.332614 0.312077 
0.500000 0.357072 0.364686 0.397597 0.339566 
0.500000 0.367204 0.202322 0.325333 0.311054 
0.500000 0.372533 0.376545 0.400197 0.342840 
0.500000 0.382261 0.195980 0.320149 0.309941 
0.500000 0.386983 0.388416 0.403246 0.345179 
0.500000 0.396048 0.189347 0.315003 0.308639 
0.500000 0.400095 0.400074 0.406442 0.347509 
0.500000 0.408390 0.182631 0.309994 0.307276 
0.440679 0.411748 0.411239 0.409686 0.349784 
0.500000 0.433887 0.176044 0.305238 0.305897 
0.500000 0.435521 0.423587 0.412876 0.351951 
0.500000 0.440796 0.169823 0.300026 0.304544 
0.500000 0.442207 0.432749 0.415895 0.354332 
0.500000 0.446893 0.500000 0.296192 0.303267 
0.500000 0.471327 0.440887 0.500000 0.356088 
0.500000 0.464298 0.500000 0.292810 0.500000 
0.500000 0.480963 0.458395 0.500000 0.357640 
0.500000 0.476322 0.500000 0.285612 0.500000 
0.440679 0.487651 0.470093 0.500000 0.360954 
0.500000 0.487732 0.500000 0.280863 0.500000 
0.500000 0.493595 0.477923 0.500000 0.363148 
0.500000 0.491785 0.500000 0.277711 0.500000 
0.500000 0.495701 0.482985 0.500000 0.364608 
0.500000 0.494414 0.500000 0.275684 0.500000 
0.500000 0.497054 0.486388 0.500000 0.365547 
0.500000 0.496117 0.500000 0.274328 0.500000 
0.500000 0.497930 0.488729 0.500000 0.366176 
0.500000 0.497232 0.500000 0.273396 0.500000 
0.440679 0.498507 0.490379 0.500000 0.366609 
0.500000 0.498403 0.500000 0.272741 0.500000 
0.500000 0.499119 0.491576 0.500000 0.366913 
0.500000 0.498774 0.500000 0.272267 0.500000 
0.500000 0.499316 0.492450 0.500000 0.367134 
0.500000 0.499038 0.500000 0.271921 0.500000 
0.500000 0.499458 0.493104 0.500000 0.367294 
0.500000 0.499229 0.500000 0.271662 0.500000 
0.500000 0.499561 0.493601 0.500000 0.367415 
0.500000 0.499370 0.500000 0.271465 0.500000 
0.440679 0.499638 0.493983 0.500000 0.367506 
0.500000 0.499586 0.500000 0.271314 0.500000 
0.500000 0.499758 0.494281 0.500000 0.367576 
0.500000 0.499642 0.500000 0.271196 0.500000 
0.500000 0.499789 0.494515 0.500000 0.367631 
0.500000 0.499686 0.500000 0.271104 0.500000 
0.500000 0.499813 0.494699 0.500000 0.367674 
0.500000 0.499721 0.500000 0.271031 0.500000 
0.500000 0.499833 0.494846 0.500000 0.367708 
0.500000 0.499749 0.500000 0.270973 0.500000 
0.440679 0.499849 0.494964 0.500000 0.367735 
0.500000 0.499821 0.500000 0.270926 0.500000 
0.500000 0.499891 0.495058 0.500000 0.367757 
0.500000 0.499832 0.500000 0.270889 0.500000 
0.500000 0.499897 0.495134 0.500000 0.367774 
0.500000 0.499842 0.500000 0.270859 0.500000 
0.500000 0.499903 0.495196 0.500000 0.367788 
0.500000 0.499850 0.500000 0.270835 0.500000 
0.500000 0.499908 0.495245 0.500000 0.367799 
0.500000 0.499857 0.500000 0.270815 0.500000 
0.440679 0.499912 0.495286 0.500000 0.367808 
0.500000 0.499892 0.500000 0.270799 0.500000 
0.500000 0.499933 0.495319 0.500000 0.367816 
0.500000 0.499894 0.500000 0.270786 0.500000 
0.500000 0.499934 0.495345 0.500000 0.367822 
0.500000 0.499895 0.500000 0.270776 0.500000 
0.500000 0.499935 0.495367 0.500000 0.367827 
0.500000 0.499897 0.500000 0.270767 0.500000 
0.500000 0.499935 0.495385 0.500000 0.367831 
0.500000 0.499898 0.500000 0.270760 0.500000 
0.440679 0.499936 0.495399 0.500000 0.367834 
0.500000 0.499921 0.500000 0.270754 0.500000 
0.500000 0.499950 0.495411 0.500000 0.367837 
0.500000 0.499920 0.500000 0.270750 0.500000 
0.500000 0.499949 0.495421 0.500000 0.367839 
0.500000 0.499919 0.500000 0.270746 0.500000 
0.500000 0.499948 0.495429 0.500000 0.367841 
0.500000 0.499918 0.500000 0.270743 0.500000 
0.500000 0.499948 0.495435 0.500000 0.367842 
0.500000 0.499917 0.500000 0.270740 0.500000 
0.440679 0.499947 0.495441 0.500000 0.367843 
0.500000 0.499934 0.500000 0.270738 0.500000 
0.500000 0.499958 0.495445 0.500000 0.367844 
0.500000 0.499932 0.500000 0.270736 0.500000 
0.500000 0.499956 0.495449 0.500000 0.367845 
0.500000 0.499930 0.500000 0.270735 0.500000 
0.500000 0.499955 0.495452 0.500000 0.367846 
0.500000 0.499928 0.500000 0.270734 0.500000 
0.500000 0.499954 0.495454 0.500000 0.367846 
0.500000 0.499927 0.500000 0.270733 0.500000 
0.440679 0.268941 0.268941 0.500000 0.500000 
0.500000 0.253388 0.500000 0.368680 0.500000 
0.500000 0.302336 0.308826 0.500000 0.323582 
0.500000 0.268137 0.500000 0.350316 0.500000 
0.500000 0.324622 0.344786 0.500000 0.331672 
0.500000 0.295500 0.500000 0.334128 0.500000 
0.500000 0.356642 0.379648 0.500000 0.338887 
0.500000 0.333050 0.500000 0.318799 0.500000 
0.500000 0.393162 0.410576 0.500000 0.345790 
0.500000 0.375390 0.500000 0.305519 0.500000 
0.440679 0.427106 0.435514 0.500000 0.351822 
0.500000 0.429922 0.500000 0.295040 0.500000 
0.500000 0.462141 0.455256 0.500000 0.356616 
0.500000 0.454693 0.500000 0.286895 0.500000 
0.500000 0.476472 0.467771 0.500000 0.360363 
0.500000 0.471515 0.500000 0.281802 0.500000 
0.500000 0.485449 0.476146 0.500000 0.362714 
0.500000 0.482112 0.500000 0.278424 0.500000 
0.500000 0.490883 0.481732 0.500000 0.364277 
0.500000 0.488597 0.500000 0.276185 0.500000 
0.440679 0.494152 0.485502 0.500000 0.365315 
0.500000 0.494114 0.500000 0.274681 0.500000 
0.500000 0.496917 0.488131 0.500000 0.366013 
0.500000 0.495956 0.500000 0.273634 0.500000 
0.500000 0.497856 0.489948 0.500000 0.366498 
0.500000 0.497143 0.500000 0.272912 0.500000 
0.500000 0.498465 0.491252 0.500000 0.366834 
0.500000 0.497924 0.500000 0.272395 0.500000 
0.500000 0.498870 0.492207 0.500000 0.367074 
0.500000 0.498450 0.500000 0.272017 0.500000 
0.440679 0.499146 0.492919 0.500000 0.367250 
0.500000 0.499064 0.500000 0.271735 0.500000 
0.500000 0.499472 0.493461 0.500000 0.367381 
0.500000 0.499249 0.500000 0.271520 0.500000 
0.500000 0.499572 0.493875 0.500000 0.367480 
0.500000 0.499385 0.500000 0.271357 0.500000 
0.500000 0.499646 0.494196 0.500000 0.367557 
0.500000 0.499487 0.500000 0.271230 0.500000 
0.500000 0.499703 0.494447 0.500000 0.367616 
0.500000 0.499565 0.500000 0.271131 0.500000 
0.440679 0.499746 0.494645 0.500000 0.367662 
0.500000 0.499705 0.500000 0.271052 0.500000 
0.500000 0.499824 0.494803 0.500000 0.367698 
0.500000 0.499736 0.500000 0.270990 0.500000 
0.500000 0.499842 0.494929 0.500000 0.367727 
0.500000 0.499762 0.500000 0.270940 0.500000 
0.500000 0.499857 0.495030 0.500000 0.367750 
0.500000 0.499783 0.500000 0.270900 0.500000 
0.500000 0.499869 0.495111 0.500000 0.367769 
0.500000 0.499800 0.500000 0.270868 0.500000 
0.440679 0.499879 0.495177 0.500000 0.367784 
0.500000 0.499854 0.500000 0.270842 0.500000 
0.500000 0.499910 0.495231 0.500000 0.367796 
0.500000 0.499861 0.500000 0.270821 0.500000 
0.500000 0.499914 0.495274 0.500000 0.367806 
0.500000 0.499866 0.500000 0.270804 0.500000 
0.500000 0.499917 0.495309 0.500000 0.367814 
0.500000 0.499871 0.500000 0.270790 0.500000 
0.500000 0.499920 0.495337 0.500000 0.367820 
0.500000 0.499876 0.500000 0.270779 0.500000 
0.440679 0.499923 0.495360 0.500000 0.367825 
0.500000 0.499905 0.500000 0.270770 0.500000 
0.500000 0.499940 0.495380 0.500000 0.367830 
0.500000 0.499905 0.500000 0.270762 0.500000 
0.500000 0.499940 0.495395 0.500000 0.367833 
0.500000 0.499906 0.500000 0.270756 0.500000 
0.500000 0.499941 0.495408 0.500000 0.367836 
0.500000 0.499906 0.500000 0.270751 0.500000 
0.500000 0.499941 0.495418 0.500000 0.367838 
0.500000 0.499906 0.500000 0.270747 0.500000 
0.440679 0.499941 0.495426 0.500000 0.367840 
0.500000 0.499926 0.500000 0.270744 0.500000 
0.500000 0.499953 0.495433 0.500000 0.367842 
0.500000 0.499925 0.500000 0.270741 0.500000 
0.500000 0.499952 0.495439 0.500000 0.367843 
0.500000 0.499924 0.500000 0.270739 0.500000 
0.500000 0.499951 0.495444 0.500000 0.367844 
0.500000 0.499922 0.500000 0.270737 0.500000 
0.500000 0.499951 0.495448 0.500000 0.367845 
0.500000 0.499921 0.500000 0.270735 0.500000 
0.440679 0.499950 0.495451 0.500000 0.367846 
0.500000 0.499937 0.500000 0.270734 0.500000 
0.500000 0.499960 0.495453 0.500000 0.367846 
0.500000 0.499935 0.500000 0.270733 0.500000 
0.500000 0.499958 0.495455 0.500000 0.367847 
0.500000 0.499933 0.500000 0.270732 0.500000 
0.500000 0.499957 0.495457 0.500000 0.367847 
0.500000 0.499931 0.500000 0.270732 0.500000 
0.500000 0.499956 0.495458 0.500000 0.367847 
0.500000 0.499929 0.500000 0.270731 0.500000 
0.440679 0.499955 0.495460 0.500000 0.367848 
0.500000 0.499943 0.500000 0.270731 0.500000 
0.500000 0.499963 0.495461 0.500000 0.367848 
0.500000 0.499940 0.500000 0.270730 0.500000 
0.500000 0.499961 0.495461 0.500000 0.367848 
0.500000 0.499937 0.500000 0.270730 0.500000 
0.500000 0.499960 0.495462 0.500000 0.367848 
0.500000 0.499935 0.500000 0.270730 0.500000 
0.500000 0.499958 0.495462 0.500000 0.367848 
0.500000 0.499933 0.500000 0.270729 0.500000 
0.440679 0.268941 0.268941 0.500000 0.500000 
0.500000 0.235259 0.223581 0.368680 0.500000 
0.500000 0.500000 0.303782 0.390036 0.323582 
0.500000 0.500000 0.278099 0.352615 0.314304 
0.500000 0.500000 0.316009 0.364428 0.330654 
0.500000 0.216192 0.277191 0.347053 0.325446 
0.500000 0.218021 0.254477 0.364848 0.333120 
0.500000 0.500000 0.268485 0.375439 0.325261 
0.500000 0.500000 0.315850 0.368893 0.320630 
0.500000 0.500000 0.275602 0.347125 0.323489 
0.440679 0.500000 0.320532 0.365585 0.333088 
0.500000 0.232647 0.272781 0.345006 0.324938 
0.500000 0.233354 0.263594 0.366895 0.334030 
0.500000 0.224415 0.263624 0.371173 0.324364 
0.500000 0.500000 0.259560 0.371159 0.322491 
0.500000 0.500000 0.325980 0.373058 0.322497 
0.500000 0.500000 0.265213 0.342548 0.321668 
0.500000 0.500000 0.332015 0.370417 0.335125 
0.500000 0.218432 0.261004 0.339835 0.322822 
0.500000 0.218541 0.272259 0.372383 0.336335 
0.440679 0.500000 0.250030 0.367137 0.321963 
0.500000 0.219346 0.336718 0.377527 0.324257 
0.500000 0.225081 0.202000 0.337728 0.319721 
0.500000 0.500000 0.339441 0.400352 0.337276 
0.500000 0.500000 0.244113 0.336511 0.309875 
0.500000 0.500000 0.354296 0.380312 0.337821 
0.500000 0.215915 0.238672 0.329910 0.318511 
0.500000 0.500000 0.297494 0.382880 0.340780 
0.500000 0.500000 0.286400 0.355491 0.317397 
0.500000 0.500000 0.307243 0.360591 0.329382 
0.440679 0.215849 0.286442 0.351037 0.327133 
0.500000 0.238601 0.245253 0.360572 0.331353 
0.500000 0.226362 0.284916 0.379774 0.327141 
0.500000 0.219271 0.239182 0.361275 0.318744 
0.500000 0.500000 0.285243 0.382639 0.326832 
0.500000 0.500000 0.297527 0.361125 0.317502 
0.500000 0.500000 0.294911 0.355476 0.326898 
0.500000 0.500000 0.299531 0.356676 0.329388 
0.500000 0.500000 0.294891 0.354558 0.328859 
0.500000 0.215646 0.299919 0.356685 0.329794 
0.440679 0.219742 0.232703 0.354381 0.328855 
0.500000 0.227057 0.294928 0.385704 0.329873 
0.500000 0.220428 0.229722 0.356668 0.316175 
0.500000 0.500000 0.297433 0.387118 0.328862 
0.500000 0.500000 0.284823 0.355519 0.315564 
0.500000 0.500000 0.308671 0.361319 0.329370 
0.500000 0.500000 0.284886 0.350386 0.326813 
0.500000 0.500000 0.310690 0.361289 0.331641 
0.500000 0.217102 0.283109 0.349468 0.326825 
0.500000 0.219534 0.248883 0.362110 0.332048 
0.440679 0.500000 0.275311 0.378066 0.326464 
0.500000 0.220639 0.308446 0.365720 0.319487 
0.500000 0.223707 0.224687 0.350488 0.324879 
0.500000 0.500000 0.306481 0.389510 0.331596 
0.500000 0.500000 0.275933 0.351384 0.314531 
0.500000 0.500000 0.318503 0.365432 0.331199 
0.500000 0.500000 0.274615 0.345924 0.325005 
0.500000 0.500000 0.321930 0.366043 0.333622 
0.500000 0.221144 0.271385 0.344374 0.324737 
0.500000 0.222225 0.261893 0.367544 0.334312 
0.440679 0.500000 0.261851 0.371967 0.324079 
0.500000 0.223185 0.323482 0.371987 0.322144 
0.500000 0.227630 0.212912 0.343674 0.322136 
0.500000 0.500000 0.324137 0.395124 0.334623 
0.500000 0.500000 0.258682 0.343379 0.312115 
0.500000 0.500000 0.337795 0.373469 0.334755 
0.500000 0.217436 0.254939 0.337246 0.321489 
0.500000 0.216921 0.278708 0.375222 0.337492 
0.500000 0.500000 0.243258 0.364146 0.320725 
0.500000 0.500000 0.344479 0.380714 0.325570 
0.440679 0.500000 0.246711 0.334265 0.318336 
0.500000 0.224012 0.352699 0.379088 0.338826 
0.500000 0.232781 0.192810 0.330616 0.319043 
0.500000 0.216021 0.356559 0.404772 0.340463 
0.500000 0.217786 0.183426 0.328910 0.307988 
0.500000 0.500000 0.366405 0.409302 0.341229 
0.500000 0.500000 0.219748 0.324578 0.306060 
0.500000 0.500000 0.382222 0.391861 0.343180 
0.500000 0.500000 0.212452 0.317682 0.313518 
0.500000 0.500000 0.391719 0.395344 0.346295 
0.440679 0.217157 0.204052 0.313579 0.312021 
0.500000 0.229851 0.344357 0.399367 0.348155 
0.500000 0.230034 0.193880 0.334319 0.310296 
0.500000 0.500000 0.352926 0.404257 0.338802 
0.500000 0.500000 0.231914 0.330516 0.308207 
0.500000 0.500000 0.368274 0.386078 0.340508 
0.500000 0.220000 0.225339 0.323759 0.316013 
0.500000 0.216005 0.315699 0.389199 0.343549 
0.500000 0.500000 0.211542 0.347194 0.314665 
0.500000 0.500000 0.382583 0.395779 0.333058 
0.440679 0.500000 0.211057 0.317526 0.311834 
0.500000 0.222792 0.393131 0.396011 0.346366 
0.500000 0.234979 0.500000 0.312972 0.311735 
0.500000 0.305466 0.400580 0.500000 0.348431 
0.500000 0.278995 0.500000 0.309777 0.500000 
0.500000 0.351437 0.425342 0.500000 0.349883 
0.500000 0.329462 0.500000 0.299289 0.500000 
0.500000 0.397047 0.445101 0.500000 0.354669 
0.500000 0.380527 0.500000 0.291068 0.500000 
0.500000 0.434036 0.459890 0.500000 0.358441 
0.440679 0.268941 0.268941 0.500000 0.500000 
0.500000 0.235259 0.223581 0.368680 0.500000 
0.500000 0.500000 0.303782 0.390036 0.323582 
0.500000 0.500000 0.278099 0.352615 0.314304 
0.500000 0.500000 0.316009 0.364428 0.330654 
0.500000 0.500000 0.277191 0.347053 0.325446 
0.500000 0.500000 0.319098 0.364848 0.333120 
0.500000 0.500000 0.274319 0.345654 0.325261 
0.500000 0.500000 0.322313 0.366180 0.333742 
0.500000 0.500000 0.270999 0.344202 0.324677 
0.440679 0.500000 0.325972 0.367723 0.334388 
0.500000 0.500000 0.267231 0.342552 0.324001 
0.500000 0.500000 0.330136 0.369477 0.335123 
0.500000 0.500000 0.262971 0.340679 0.323233 
0.500000 0.500000 0.334859 0.371464 0.335958 
0.500000 0.500000 0.258179 0.338560 0.322364 
0.500000 0.500000 0.340192 0.373704 0.336904 
0.500000 0.500000 0.252817 0.336176 0.321386 
0.500000 0.500000 0.346179 0.376218 0.337970 
0.500000 0.500000 0.246863 0.333509 0.320291 
0.440679 0.500000 0.352851 0.379016 0.339165 
0.500000 0.500000 0.240312 0.330549 0.319074 
0.500000 0.500000 0.360217 0.382105 0.340493 
0.500000 0.500000 0.233187 0.327297 0.317733 
0.500000 0.500000 0.368255 0.385475 0.341955 
0.500000 0.500000 0.225544 0.323768 0.316274 
0.500000 0.500000 0.376898 0.389102 0.343545 
0.500000 0.500000 0.217483 0.319995 0.314707 
0.500000 0.500000 0.386034 0.392941 0.345249 
0.500000 0.500000 0.209146 0.316032 0.313054 
0.440679 0.500000 0.395497 0.396926 0.347043 
0.500000 0.500000 0.200712 0.311955 0.311342 
0.500000 0.500000 0.405075 0.400970 0.348893 
0.500000 0.500000 0.192388 0.307859 0.309611 
0.500000 0.500000 0.414529 0.404975 0.350756 
0.500000 0.500000 0.184383 0.303844 0.307901 
0.500000 0.500000 0.423618 0.408839 0.352587 
0.500000 0.500000 0.500000 0.300013 0.306257 
0.500000 0.500000 0.432126 0.500000 0.354338 
0.500000 0.500000 0.500000 0.296452 0.500000 
0.440679 0.500000 0.453375 0.500000 0.355969 
0.500000 0.500000 0.500000 0.287665 0.500000 
0.500000 0.500000 0.467234 0.500000 0.360008 
0.500000 0.500000 0.500000 0.282019 0.500000 
0.500000 0.500000 0.476130 0.500000 0.362614 
0.500000 0.500000 0.500000 0.278430 0.500000 
0.500000 0.500000 0.481890 0.500000 0.364274 
0.500000 0.500000 0.500000 0.276122 0.500000 
0.500000 0.500000 0.485697 0.500000 0.365344 
0.500000 0.500000 0.500000 0.274603 0.500000 
0.440679 0.500000 0.488280 0.500000 0.366049 
0.500000 0.500000 0.500000 0.273575 0.500000 
0.500000 0.500000 0.490078 0.500000 0.366526 
0.500000 0.500000 0.500000 0.272861 0.500000 
0.500000 0.220299 0.491362 0.500000 0.366858 
0.500000 0.220803 0.500000 0.272352 0.500000 
0.500000 0.248616 0.491816 0.500000 0.367094 
0.500000 0.247786 0.500000 0.272172 0.500000 
0.500000 0.277310 0.492205 0.500000 0.367178 
0.500000 0.275022 0.500000 0.272017 0.500000 
0.440679 0.304708 0.492541 0.500000 0.367249 
0.500000 0.325477 0.500000 0.271884 0.500000 
0.500000 0.352118 0.493224 0.500000 0.367311 
0.500000 0.346520 0.500000 0.271614 0.500000 
0.500000 0.370897 0.493424 0.500000 0.367437 
0.500000 0.364745 0.500000 0.271535 0.500000 
0.500000 0.386751 0.493604 0.500000 0.367474 
0.500000 0.380279 0.500000 0.271464 0.500000 
0.500000 0.400020 0.493766 0.500000 0.367507 
0.500000 0.393405 0.500000 0.271400 0.500000 
0.440679 0.411083 0.493912 0.500000 0.367537 
0.500000 0.421181 0.500000 0.271342 0.500000 
0.500000 0.434134 0.494243 0.500000 0.367563 
0.500000 0.427814 0.500000 0.271211 0.500000 
0.500000 0.439596 0.494342 0.500000 0.367624 
0.500000 0.433435 0.500000 0.271172 0.500000 
0.500000 0.444208 0.494430 0.500000 0.367642 
0.500000 0.438209 0.500000 0.271137 0.500000 
0.500000 0.448119 0.494508 0.500000 0.367659 
0.500000 0.442281 0.500000 0.271107 0.500000 
0.440679 0.451453 0.494577 0.500000 0.367673 
0.500000 0.456201 0.500000 0.271079 0.500000 
0.500000 0.462843 0.494749 0.500000 0.367686 
0.500000 0.457808 0.500000 0.271011 0.500000 
0.500000 0.464162 0.494797 0.500000 0.367717 
0.500000 0.459221 0.500000 0.270992 0.500000 
0.500000 0.465321 0.494839 0.500000 0.367726 
0.500000 0.460463 0.500000 0.270976 0.500000 
0.500000 0.466341 0.494875 0.500000 0.367734 
0.500000 0.461559 0.500000 0.270962 0.500000 
0.440679 0.467240 0.494905 0.500000 0.367740 
0.500000 0.469978 0.500000 0.270949 0.500000 
0.500000 0.474167 0.495007 0.500000 0.367746 
0.500000 0.470035 0.500000 0.270909 0.500000 
0.500000 0.474215 0.495028 0.500000 0.367765 
0.500000 0.470090 0.500000 0.270901 0.500000 
0.500000 0.474261 0.495045 0.500000 0.367768 
0.500000 0.470141 0.500000 0.270894 0.500000 
0.500000 0.474303 0.495059 0.500000 0.367772 
0.500000 0.470188 0.500000 0.270889 0.500000 
0.440679 0.268941 0.268941 0.500000 0.500000 
0.500000 0.235259 0.223581 0.368680 0.500000 
0.500000 0.500000 0.303782 0.390036 0.323582 
0.500000 0.500000 0.278099 0.352615 0.314304 
0.500000 0.500000 0.316009 0.364428 0.330654 
0.500000 0.500000 0.277191 0.347053 0.325446 
0.500000 0.500000 0.319098 0.364848 0.333120 
0.500000 0.500000 0.274319 0.345654 0.325261 
0.500000 0.500000 0.322313 0.366180 0.333742 
0.500000 0.500000 0.270999 0.344202 0.324677 
0.440679 0.500000 0.325972 0.367723 0.334388 
0.500000 0.500000 0.267231 0.342552 0.324001 
0.500000 0.500000 0.330136 0.369477 0.335123 
0.500000 0.500000 0.262971 0.340679 0.323233 
0.500000 0.500000 0.334859 0.371464 0.335958 
0.500000 0.500000 0.258179 0.338560 0.322364 
0.500000 0.500000 0.340192 0.373704 0.336904 
0.500000 0.500000 0.252817 0.336176 0.321386 
0.500000 0.500000 0.346179 0.376218 0.337970 
0.500000 0.500000 0.246863 0.333509 0.320291 
0.440679 0.500000 0.352851 0.379016 0.339165 
0.500000 0.500000 0.240312 0.330549 0.319074 
0.500000 0.500000 0.360217 0.382105 0.340493 
0.500000 0.500000 0.233187 0.327297 0.317733 
0.500000 0.500000 0.368255 0.385475 0.341955 
0.500000 0.500000 0.225544 0.323768 0.316274 
0.500000 0.500000 0.376898 0.389102 0.343545 
0.500000 0.500000 0.217483 0.319995 0.314707 
0.500000 0.500000 0.386034 0.392941 0.345249 
0.500000 0.500000 0.209146 0.316032 0.313054 
0.440679 0.500000 0.395497 0.396926 0.347043 
0.500000 0.500000 0.200712 0.311955 0.311342 
0.500000 0.500000 0.405075 0.400970 0.348893 
0.500000 0.500000 0.192388 0.307859 0.309611 
0.500000 0.500000 0.414529 0.404975 0.350756 
0.500000 0.500000 0.184383 0.303844 0.307901 
0.500000 0.500000 0.423618 0.408839 0.352587 
0.500000 0.500000 0.500000 0.300013 0.306257 
0.500000 0.500000 0.432126 0.500000 0.354338 
0.500000 0.500000 0.500000 0.296452 0.500000 
0.440679 0.500000 0.453375 0.500000 0.355969 
0.500000 0.500000 0.500000 0.287665 0.500000 
0.500000 0.500000 0.467234 0.500000 0.360008 
0.500000 0.500000 0.500000 0.282019 0.500000 
0.500000 0.500000 0.476130 0.500000 0.362614 
0.500000 0.500000 0.500000 0.278430 0.500000 
0.500000 0.224413 0.481890 0.500000 0.364274 
0.500000 0.222863 0.500000 0.276122 0.500000 
0.500000 0.268795 0.484745 0.500000 0.365344 
0.500000 0.265219 0.500000 0.274982 0.500000 
0.440679 0.314453 0.486893 0.500000 0.365873 
0.500000 0.333231 0.500000 0.274127 0.500000 
0.500000 0.376635 0.489148 0.500000 0.366270 
0.500000 0.369401 0.500000 0.273230 0.500000 
0.500000 0.405877 0.490316 0.500000 0.366686 
0.500000 0.398578 0.500000 0.272766 0.500000 
0.500000 0.427971 0.491244 0.500000 0.366901 
0.500000 0.421061 0.500000 0.272398 0.500000 
0.500000 0.444316 0.491989 0.500000 0.367073 
0.500000 0.438007 0.500000 0.272103 0.500000 
0.440679 0.456333 0.492590 0.500000 0.367210 
0.500000 0.460265 0.500000 0.271865 0.500000 
0.500000 0.471837 0.493209 0.500000 0.367320 
0.500000 0.467369 0.500000 0.271620 0.500000 
0.500000 0.476763 0.493593 0.500000 0.367434 
0.500000 0.472792 0.500000 0.271468 0.500000 
0.500000 0.480521 0.493904 0.500000 0.367505 
0.500000 0.476975 0.500000 0.271345 0.500000 
0.500000 0.483423 0.494158 0.500000 0.367562 
0.500000 0.480236 0.500000 0.271245 0.500000 
0.440679 0.485693 0.494366 0.500000 0.367609 
0.500000 0.486353 0.500000 0.271163 0.500000 
0.500000 0.489973 0.494574 0.500000 0.367647 
0.500000 0.487718 0.500000 0.271080 0.500000 
0.500000 0.490936 0.494714 0.500000 0.367685 
0.500000 0.488841 0.500000 0.271025 0.500000 
0.500000 0.491731 0.494828 0.500000 0.367711 
0.500000 0.489772 0.500000 0.270980 0.500000 
0.500000 0.492393 0.494922 0.500000 0.367732 
0.500000 0.490550 0.500000 0.270943 0.500000 
0.440679 0.492947 0.495000 0.500000 0.367749 
0.500000 0.493044 0.500000 0.270912 0.500000 
0.500000 0.494735 0.495082 0.500000 0.367763 
0.500000 0.493333 0.500000 0.270880 0.500000 
0.500000 0.494944 0.495135 0.500000 0.367778 
0.500000 0.493585 0.500000 0.270859 0.500000 
0.500000 0.495126 0.495179 0.500000 0.367788 
0.500000 0.493805 0.500000 0.270841 0.500000 
0.500000 0.495286 0.495216 0.500000 0.367796 
0.500000 0.493998 0.500000 0.270827 0.500000 
0.440679 0.495426 0.495246 0.500000 0.367803 
0.500000 0.495393 0.500000 0.270815 0.500000 
0.500000 0.496445 0.495282 0.500000 0.367808 
0.500000 0.495407 0.500000 0.270801 0.500000 
0.500000 0.496456 0.495303 0.500000 0.367815 
0.500000 0.495420 0.500000 0.270792 0.500000 
0.500000 0.496465 0.495320 0.500000 0.367819 
0.500000 0.495432 0.500000 0.270786 0.500000 
0.500000 0.496474 0.495334 0.500000 0.367822 
0.500000 0.495443 0.500000 0.270780 0.500000 
0.440679 0.268941 0.268941 0.500000 0.500000 
0.500000 0.235259 0.223581 0.368680 0.500000 
0.500000 0.500000 0.303782 0.390036 0.323582 
0.500000 0.500000 0.278099 0.352615 0.314304 
0.500000 0.500000 0.316009 0.364428 0.330654 
0.500000 0.500000 0.277191 0.347053 0.325446 
0.500000 0.500000 0.319098 0.364848 0.333120 
0.500000 0.500000 0.274319 0.345654 0.325261 
0.500000 0.500000 0.322313 0.366180 0.333742 
0.500000 0.500000 0.270999 0.344202 0.324677 
0.440679 0.500000 0.325972 0.367723 0.334388 
0.500000 0.219352 0.267231 0.342552 0.324001 
0.500000 0.500000 0.265780 0.369477 0.335123 
0.500000 0.500000 0.320744 0.370153 0.323233 
0.500000 0.500000 0.270847 0.344910 0.322937 
0.500000 0.500000 0.325826 0.367794 0.334073 
0.500000 0.500000 0.267331 0.342618 0.323970 
0.500000 0.500000 0.330016 0.369430 0.335094 
0.500000 0.500000 0.263092 0.340732 0.323253 
0.500000 0.500000 0.334724 0.371407 0.335934 
0.440679 0.500000 0.258314 0.338620 0.322389 
0.500000 0.217113 0.340041 0.373641 0.336877 
0.500000 0.220633 0.200513 0.336243 0.321414 
0.500000 0.500000 0.340692 0.401066 0.337940 
0.500000 0.500000 0.242847 0.335953 0.309570 
0.500000 0.500000 0.355720 0.380909 0.338070 
0.500000 0.500000 0.237291 0.329281 0.318252 
0.500000 0.500000 0.363581 0.383532 0.341063 
0.500000 0.500000 0.229965 0.325818 0.317115 
0.500000 0.500000 0.371894 0.387002 0.342621 
0.440679 0.500000 0.222129 0.322176 0.315614 
0.500000 0.500000 0.380766 0.390727 0.344263 
0.500000 0.500000 0.213930 0.318314 0.314007 
0.500000 0.500000 0.390066 0.394637 0.346009 
0.500000 0.500000 0.205527 0.314292 0.312324 
0.500000 0.500000 0.399606 0.398659 0.347832 
0.500000 0.500000 0.197115 0.310194 0.310599 
0.500000 0.500000 0.409161 0.402699 0.349693 
0.500000 0.500000 0.188903 0.306120 0.308872 
0.500000 0.500000 0.418487 0.406656 0.351548 
0.440679 0.500000 0.181094 0.302172 0.307185 
0.500000 0.500000 0.427350 0.410430 0.353350 
0.500000 0.218946 0.500000 0.298448 0.305581 
0.500000 0.284315 0.391972 0.500000 0.355054 
0.500000 0.257596 0.500000 0.313470 0.500000 
0.500000 0.321337 0.418087 0.500000 0.348204 
0.500000 0.298349 0.500000 0.302341 0.500000 
0.500000 0.363697 0.439266 0.500000 0.353273 
0.500000 0.345099 0.500000 0.293482 0.500000 
0.500000 0.403690 0.455385 0.500000 0.357332 
0.440679 0.389567 0.500000 0.286842 0.500000 
0.500000 0.447759 0.467054 0.500000 0.360387 
0.500000 0.438467 0.500000 0.282092 0.500000 
0.500000 0.465719 0.475337 0.500000 0.362580 
0.500000 0.459174 0.500000 0.278749 0.500000 
0.500000 0.477564 0.481010 0.500000 0.364127 
0.500000 0.472915 0.500000 0.276474 0.500000 
0.500000 0.485141 0.484908 0.500000 0.365181 
0.500000 0.481789 0.500000 0.274917 0.500000 
0.500000 0.489955 0.487622 0.500000 0.365903 
0.440679 0.487497 0.500000 0.273836 0.500000 
0.500000 0.494499 0.489545 0.500000 0.366405 
0.500000 0.492958 0.500000 0.273072 0.500000 
0.500000 0.495996 0.490941 0.500000 0.366759 
0.500000 0.494806 0.500000 0.272518 0.500000 
0.500000 0.497013 0.491964 0.500000 0.367017 
0.500000 0.496075 0.500000 0.272113 0.500000 
0.500000 0.497717 0.492727 0.500000 0.367205 
0.500000 0.496964 0.500000 0.271811 0.500000 
0.500000 0.498214 0.493305 0.500000 0.367345 
0.440679 0.497598 0.500000 0.271582 0.500000 
0.500000 0.498875 0.493748 0.500000 0.367452 
0.500000 0.498453 0.500000 0.271407 0.500000 
0.500000 0.499061 0.494094 0.500000 0.367533 
0.500000 0.498698 0.500000 0.271270 0.500000 
0.500000 0.499204 0.494364 0.500000 0.367597 
0.500000 0.498887 0.500000 0.271163 0.500000 
0.500000 0.499315 0.494577 0.500000 0.367646 
0.500000 0.499036 0.500000 0.271079 0.500000 
0.500000 0.499402 0.494746 0.500000 0.367686 
0.440679 0.499153 0.500000 0.271012 0.500000 
0.500000 0.499584 0.494882 0.500000 0.367717 
0.500000 0.499399 0.500000 0.270959 0.500000 
0.500000 0.499619 0.494991 0.500000 0.367742 
0.500000 0.499448 0.500000 0.270916 0.500000 
0.500000 0.499648 0.495079 0.500000 0.367762 
0.500000 0.499489 0.500000 0.270881 0.500000 
0.500000 0.499673 0.495149 0.500000 0.367778 
0.500000 0.499523 0.500000 0.270853 0.500000 
0.500000 0.499694 0.495207 0.500000 0.367791 
0.440679 0.499552 0.500000 0.270830 0.500000 
0.500000 0.499773 0.495253 0.500000 0.367801 
0.500000 0.499663 0.500000 0.270812 0.500000 
0.500000 0.499780 0.495291 0.500000 0.367810 
0.500000 0.499673 0.500000 0.270797 0.500000 
0.500000 0.499786 0.495323 0.500000 0.367817 
0.500000 0.499681 0.500000 0.270785 0.500000 
0.500000 0.499792 0.495348 0.500000 0.367823 
0.500000 0.499689 0.500000 0.270775 0.500000 
0.500000 0.499796 0.495368 0.500000 0.367827 
0.440679 0.268941 0.268941 0.500000 0.500000 
0.500000 0.235259 0.223581 0.368680 0.500000 
0.500000 0.500000 0.308754 0.390036 0.323582 
0.500000 0.500000 0.277766 0.350349 0.314304 
0.500000 0.500000 0.322911 0.364582 0.331658 
0.500000 0.219229 0.276055 0.343932 0.325378 
0.500000 0.221666 0.263053 0.365375 0.334509 
0.500000 0.500000 0.266286 0.371426 0.325030 
0.500000 0.500000 0.324330 0.369917 0.322381 
0.500000 0.500000 0.272548 0.343292 0.323040 
0.440679 0.500000 0.330828 0.367003 0.334794 
0.500000 0.242234 0.268086 0.340368 0.324316 
0.500000 0.242866 0.278139 0.369079 0.336097 
0.500000 0.236124 0.257220 0.364409 0.323407 
0.500000 0.226070 0.276141 0.374153 0.325454 
0.500000 0.218646 0.252466 0.365335 0.321190 
0.500000 0.500000 0.275302 0.376382 0.325048 
0.500000 0.500000 0.313781 0.365724 0.320219 
0.500000 0.500000 0.283634 0.348064 0.324877 
0.500000 0.500000 0.318566 0.361868 0.332671 
0.440679 0.217025 0.281058 0.345895 0.326571 
0.500000 0.240275 0.257293 0.363058 0.333635 
0.500000 0.230272 0.277794 0.374119 0.326048 
0.500000 0.222869 0.252204 0.364569 0.321205 
0.500000 0.500000 0.277106 0.376505 0.325384 
0.500000 0.500000 0.312059 0.364888 0.320166 
0.500000 0.500000 0.285523 0.348845 0.325244 
0.500000 0.500000 0.316496 0.360996 0.332324 
0.500000 0.220614 0.283269 0.346832 0.326955 
0.500000 0.223813 0.256025 0.362036 0.333218 
0.440679 0.500000 0.274817 0.374713 0.326497 
0.500000 0.227271 0.314953 0.365949 0.320946 
0.500000 0.231594 0.225560 0.347532 0.324778 
0.500000 0.218990 0.314826 0.389095 0.332908 
0.500000 0.216421 0.215926 0.347590 0.314710 
0.500000 0.500000 0.321411 0.393684 0.332882 
0.500000 0.500000 0.265280 0.344609 0.312734 
0.500000 0.500000 0.336939 0.370386 0.334207 
0.500000 0.500000 0.261366 0.337629 0.322835 
0.500000 0.500000 0.343610 0.372214 0.337320 
0.440679 0.220354 0.254863 0.334652 0.322037 
0.500000 0.240714 0.286939 0.375258 0.338653 
0.500000 0.234337 0.246881 0.360342 0.320709 
0.500000 0.223069 0.287422 0.379008 0.327242 
0.500000 0.217081 0.240578 0.360120 0.319077 
0.500000 0.500000 0.288868 0.381979 0.327340 
0.500000 0.500000 0.298928 0.359454 0.317787 
0.500000 0.500000 0.299644 0.354834 0.327634 
0.500000 0.500000 0.301042 0.354507 0.329672 
0.500000 0.500000 0.299929 0.353867 0.329817 
0.440679 0.219591 0.301215 0.354376 0.330100 
0.500000 0.245324 0.238218 0.353788 0.329875 
0.500000 0.232667 0.302238 0.383094 0.330135 
0.500000 0.228115 0.230099 0.353320 0.317304 
0.500000 0.500000 0.306221 0.386939 0.330341 
0.500000 0.500000 0.281290 0.351502 0.315641 
0.500000 0.500000 0.319173 0.362951 0.331146 
0.500000 0.219886 0.280054 0.345620 0.326095 
0.500000 0.222724 0.259065 0.363523 0.333757 
0.500000 0.500000 0.271026 0.373290 0.325843 
0.440679 0.500000 0.319093 0.367710 0.321567 
0.500000 0.231833 0.278086 0.345657 0.324006 
0.500000 0.233728 0.264047 0.364434 0.333741 
0.500000 0.225655 0.269138 0.370962 0.325443 
0.500000 0.217569 0.259665 0.368589 0.322584 
0.500000 0.500000 0.266872 0.373009 0.323622 
0.500000 0.500000 0.323097 0.369644 0.321690 
0.500000 0.500000 0.273744 0.343848 0.323160 
0.500000 0.500000 0.329484 0.366447 0.334546 
0.500000 0.216738 0.269494 0.340971 0.324560 
0.440679 0.218626 0.269427 0.368423 0.335828 
0.500000 0.231204 0.258497 0.368454 0.323694 
0.500000 0.220709 0.271864 0.373555 0.323681 
0.500000 0.500000 0.254894 0.367321 0.321451 
0.500000 0.500000 0.336867 0.375243 0.324177 
0.500000 0.500000 0.259452 0.337661 0.320715 
0.500000 0.500000 0.345361 0.373109 0.337306 
0.500000 0.220331 0.253000 0.333872 0.321646 
0.500000 0.220255 0.289094 0.376132 0.339002 
0.500000 0.215739 0.239611 0.359349 0.320328 
0.440679 0.500000 0.289796 0.382436 0.327680 
0.500000 0.217794 0.297890 0.359026 0.317589 
0.500000 0.220636 0.238559 0.355310 0.327822 
0.500000 0.500000 0.294125 0.382933 0.329462 
0.500000 0.500000 0.293769 0.357036 0.317374 
0.500000 0.500000 0.305368 0.357200 0.328700 
0.500000 0.500000 0.294854 0.351891 0.328627 
0.500000 0.218406 0.306673 0.356702 0.330974 
0.500000 0.223993 0.232868 0.351296 0.328847 
0.500000 0.500000 0.302916 0.385626 0.331238 
0.440679 0.500000 0.284768 0.353010 0.316208 
0.500000 0.230450 0.315329 0.361344 0.330479 
0.500000 0.236337 0.227671 0.347361 0.326801 
0.500000 0.223818 0.313914 0.388091 0.332983 
0.500000 0.221026 0.217971 0.348003 0.315143 
0.500000 0.500000 0.320196 0.392708 0.332698 
0.500000 0.500000 0.266720 0.345158 0.313154 
0.500000 0.500000 0.335368 0.369715 0.333963 
0.500000 0.500000 0.263005 0.338332 0.323129 
0.500000 0.500000 0.341791 0.371448 0.337006 
