0.500000 0.464490 0.276385 0.366496 0.333049 0.500000 0.464490 0.500000 0.500000 
0.500000 0.464490 0.202175 0.420554 0.283992 0.198854 0.303824 0.269109 0.500000 
0.500000 0.464490 0.500000 0.462843 0.203437 0.198854 0.352853 0.299018 0.500000 
0.500000 0.464490 0.500000 0.467543 0.228408 0.198854 0.500000 0.351988 0.500000 
0.500000 0.464490 0.500000 0.471675 0.238884 0.198854 0.500000 0.335097 0.500000 
0.500000 0.464490 0.500000 0.475301 0.242017 0.198854 0.500000 0.328131 0.500000 
0.500000 0.464490 0.500000 0.478479 0.241699 0.198854 0.500000 0.326062 0.500000 
0.500000 0.464490 0.500000 0.481259 0.239890 0.198854 0.500000 0.326272 0.500000 
0.500000 0.464490 0.500000 0.483688 0.237547 0.198854 0.500000 0.327466 0.500000 
0.500000 0.464490 0.500000 0.485809 0.235125 0.198854 0.500000 0.329015 0.500000 
0.500000 0.464490 0.500000 0.487659 0.232826 0.198854 0.500000 0.330622 0.500000 
0.500000 0.464490 0.500000 0.489272 0.230731 0.198854 0.500000 0.332150 0.500000 
0.500000 0.464490 0.500000 0.490677 0.228862 0.198854 0.500000 0.333546 0.500000 
0.500000 0.464490 0.500000 0.491900 0.227214 0.198854 0.500000 0.334793 0.500000 
0.500000 0.464490 0.500000 0.492964 0.225770 0.198854 0.500000 0.335895 0.500000 
0.500000 0.464490 0.500000 0.493889 0.224510 0.198854 0.500000 0.336862 0.500000 
0.500000 0.464490 0.500000 0.494694 0.223413 0.198854 0.500000 0.337707 0.500000 
0.500000 0.464490 0.500000 0.495393 0.222459 0.198854 0.500000 0.338443 0.500000 
0.500000 0.464490 0.500000 0.496001 0.221630 0.198854 0.500000 0.339084 0.500000 
0.500000 0.464490 0.500000 0.496529 0.220910 0.198854 0.500000 0.339642 0.500000 
0.500000 0.464490 0.500000 0.496987 0.220285 0.198854 0.500000 0.340126 0.500000 
0.500000 0.464490 0.500000 0.497385 0.219743 0.198854 0.500000 0.340547 0.500000 
0.500000 0.464490 0.500000 0.497731 0.219272 0.198854 0.500000 0.340913 0.500000 
0.500000 0.464490 0.500000 0.498031 0.218864 0.198854 0.500000 0.341230 0.500000 
0.500000 0.464490 0.500000 0.498292 0.218510 0.198854 0.500000 0.341506 0.500000 
0.500000 0.464490 0.500000 0.498518 0.218202 0.198854 0.500000 0.341745 0.500000 
0.500000 0.464490 0.500000 0.498714 0.217935 0.198854 0.500000 0.341952 0.500000 
0.500000 0.464490 0.500000 0.498884 0.217704 0.198854 0.500000 0.342132 0.500000 
0.500000 0.464490 0.500000 0.499032 0.217503 0.198854 0.500000 0.342289 0.500000 
0.500000 0.464490 0.500000 0.499160 0.217329 0.198854 0.500000 0.342424 0.500000 
0.500000 0.464490 0.500000 0.499272 0.217178 0.198854 0.500000 0.342542 0.500000 
0.500000 0.464490 0.500000 0.499368 0.217047 0.198854 0.500000 0.342644 0.500000 
0.500000 0.464490 0.500000 0.499452 0.216933 0.198854 0.500000 0.342733 0.500000 
0.500000 0.464490 0.500000 0.499524 0.216835 0.198854 0.500000 0.342809 0.500000 
0.500000 0.464490 0.500000 0.499588 0.216749 0.198854 0.500000 0.342876 0.500000 
0.500000 0.464490 0.500000 0.499642 0.216675 0.198854 0.500000 0.342934 0.500000 
0.500000 0.464490 0.500000 0.499690 0.216611 0.198854 0.500000 0.342984 0.500000 
0.500000 0.464490 0.500000 0.499731 0.216555 0.198854 0.500000 0.343028 0.500000 
0.500000 0.464490 0.500000 0.499766 0.216506 0.198854 0.500000 0.343065 0.500000 
0.500000 0.464490 0.500000 0.499797 0.216464 0.198854 0.500000 0.343098 0.500000 
0.500000 0.464490 0.500000 0.499824 0.216428 0.198854 0.500000 0.343126 0.500000 
0.500000 0.464490 0.500000 0.499848 0.216396 0.198854 0.500000 0.343151 0.500000 
0.500000 0.464490 0.500000 0.499868 0.216369 0.198854 0.500000 0.343172 0.500000 
0.500000 0.464490 0.500000 0.499885 0.216345 0.198854 0.500000 0.343191 0.500000 
0.500000 0.464490 0.500000 0.499901 0.216324 0.198854 0.500000 0.343207 0.500000 
0.500000 0.464490 0.500000 0.499914 0.216306 0.198854 0.500000 0.343221 0.500000 
0.500000 0.464490 0.500000 0.499925 0.216291 0.198854 0.500000 0.343233 0.500000 
0.500000 0.464490 0.500000 0.499935 0.216278 0.198854 0.500000 0.343244 0.500000 
0.500000 0.464490 0.500000 0.499944 0.216266 0.198854 0.500000 0.343253 0.500000 
0.500000 0.464490 0.500000 0.499951 0.216256 0.198854 0.500000 0.343261 0.500000 
0.500000 0.464490 0.500000 0.499958 0.216247 0.198854 0.500000 0.343267 0.500000 
0.500000 0.464490 0.500000 0.499963 0.216239 0.198854 0.500000 0.343273 0.500000 
0.500000 0.464490 0.500000 0.499968 0.216233 0.198854 0.500000 0.343279 0.500000 
0.500000 0.464490 0.500000 0.499972 0.216227 0.198854 0.500000 0.343283 0.500000 
0.500000 0.464490 0.500000 0.499976 0.216222 0.198854 0.500000 0.343287 0.500000 
0.500000 0.464490 0.500000 0.499979 0.216218 0.198854 0.500000 0.343290 0.500000 
0.500000 0.464490 0.500000 0.499982 0.216214 0.198854 0.500000 0.343293 0.500000 
0.500000 0.464490 0.500000 0.499984 0.216211 0.198854 0.500000 0.343296 0.500000 
0.500000 0.464490 0.500000 0.499986 0.216208 0.198854 0.500000 0.343298 0.500000 
0.500000 0.464490 0.500000 0.499988 0.216205 0.198854 0.500000 0.343300 0.500000 
0.500000 0.464490 0.500000 0.499990 0.216203 0.198854 0.500000 0.343301 0.500000 
0.500000 0.464490 0.500000 0.499991 0.216201 0.198854 0.500000 0.343303 0.500000 
0.500000 0.464490 0.500000 0.499992 0.216200 0.198854 0.500000 0.343304 0.500000 
0.500000 0.464490 0.500000 0.499993 0.216199 0.198854 0.500000 0.343305 0.500000 
0.500000 0.464490 0.500000 0.499994 0.216197 0.198854 0.500000 0.343306 0.500000 
0.500000 0.464490 0.500000 0.499995 0.216196 0.198854 0.500000 0.343307 0.500000 
0.500000 0.464490 0.500000 0.499996 0.216195 0.198854 0.500000 0.343308 0.500000 
0.500000 0.464490 0.500000 0.499996 0.216195 0.198854 0.500000 0.343308 0.500000 
0.500000 0.464490 0.500000 0.499997 0.216194 0.198854 0.500000 0.343309 0.500000 
0.500000 0.464490 0.500000 0.499997 0.216193 0.198854 0.500000 0.343309 0.500000 
0.500000 0.464490 0.500000 0.499998 0.216193 0.198854 0.500000 0.343310 0.500000 
0.500000 0.464490 0.500000 0.499998 0.216192 0.198854 0.500000 0.343310 0.500000 
0.500000 0.464490 0.500000 0.499998 0.216192 0.198854 0.500000 0.343310 0.500000 
0.500000 0.464490 0.500000 0.499998 0.216192 0.198854 0.500000 0.343311 0.500000 
0.500000 0.464490 0.500000 0.499999 0.216191 0.198854 0.500000 0.343311 0.500000 
0.500000 0.464490 0.500000 0.499999 0.216191 0.198854 0.500000 0.343311 0.500000 
0.500000 0.464490 0.500000 0.499999 0.216191 0.198854 0.500000 0.343311 0.500000 
0.500000 0.464490 0.500000 0.499999 0.216191 0.198854 0.500000 0.343311 0.500000 
0.500000 0.464490 0.500000 0.499999 0.216191 0.198854 0.500000 0.343311 0.500000 
0.500000 0.464490 0.500000 0.499999 0.216190 0.198854 0.500000 0.343311 0.500000 
0.500000 0.464490 0.500000 0.499999 0.216190 0.198854 0.500000 0.343312 0.500000 
0.500000 0.464490 0.500000 0.499999 0.216190 0.198854 0.500000 0.343312 0.500000 
0.500000 0.464490 0.500000 0.500000 0.216190 0.198854 0.500000 0.343312 0.500000 
0.500000 0.464490 0.500000 0.500000 0.216190 0.198854 0.500000 0.343312 0.500000 
0.500000 0.464490 0.500000 0.500000 0.216190 0.198854 0.500000 0.343312 0.500000 
0.500000 0.464490 0.500000 0.500000 0.216190 0.198854 0.500000 0.343312 0.500000 
0.500000 0.464490 0.500000 0.500000 0.216190 0.198854 0.500000 0.343312 0.500000 
0.500000 0.464490 0.500000 0.500000 0.216190 0.198854 0.500000 0.343312 0.500000 
0.500000 0.464490 0.500000 0.500000 0.216190 0.198854 0.500000 0.343312 0.500000 
0.500000 0.464490 0.500000 0.500000 0.216190 0.198854 0.500000 0.343312 0.500000 
0.500000 0.464490 0.500000 0.500000 0.216190 0.198854 0.500000 0.343312 0.500000 
0.500000 0.464490 0.500000 0.500000 0.216190 0.198854 0.500000 0.343312 0.500000 
0.500000 0.464490 0.500000 0.500000 0.216190 0.198854 0.500000 0.343312 0.500000 
0.500000 0.464490 0.500000 0.500000 0.216190 0.198854 0.500000 0.343312 0.500000 
0.500000 0.464490 0.500000 0.500000 0.216190 0.198854 0.500000 0.343312 0.500000 
0.500000 0.464490 0.500000 0.500000 0.216190 0.198854 0.500000 0.343312 0.500000 
0.500000 0.464490 0.500000 0.500000 0.216190 0.198854 0.500000 0.343312 0.500000 
0.500000 0.464490 0.500000 0.500000 0.216190 0.198854 0.500000 0.343312 0.500000 
0.500000 0.464490 0.500000 0.500000 0.216190 0.198854 0.500000 0.343312 0.500000 
0.500000 0.464490 0.500000 0.500000 0.216190 0.198854 0.500000 0.343312 0.500000 
