0.675038 0.622459 0.622459 0.500000 0.500000 
0.500000 0.662628 0.639788 0.650778 0.500000 
0.500000 0.606693 0.670338 0.654705 0.657186 
0.500000 0.500000 0.684391 0.661579 0.658070 
0.500000 0.500000 0.685213 0.664718 0.659615 
0.500000 0.500000 0.686069 0.664901 0.660319 
0.500000 0.500000 0.686757 0.665092 0.660360 
0.500000 0.500000 0.687314 0.665245 0.660403 
0.500000 0.500000 0.687766 0.665369 0.660438 
0.500000 0.500000 0.688132 0.665470 0.660465 
0.675038 0.500000 0.688430 0.665551 0.660488 
0.500000 0.604777 0.688672 0.665618 0.660506 
0.500000 0.500000 0.697064 0.665671 0.660521 
0.500000 0.500000 0.695679 0.667536 0.660533 
0.500000 0.500000 0.694641 0.667229 0.660951 
0.500000 0.500000 0.693776 0.666999 0.660882 
0.500000 0.500000 0.693059 0.666806 0.660831 
0.500000 0.500000 0.692466 0.666647 0.660788 
0.500000 0.500000 0.691976 0.666515 0.660752 
0.500000 0.500000 0.691573 0.666406 0.660722 
0.675038 0.500000 0.691242 0.666317 0.660698 
0.500000 0.604414 0.690970 0.666243 0.660678 
0.500000 0.500000 0.698610 0.666183 0.660661 
0.500000 0.500000 0.696990 0.667880 0.660648 
0.500000 0.500000 0.695738 0.667520 0.661028 
0.500000 0.500000 0.694689 0.667242 0.660948 
0.500000 0.500000 0.693816 0.667009 0.660885 
0.500000 0.500000 0.693092 0.666815 0.660833 
0.500000 0.500000 0.692493 0.666654 0.660790 
0.500000 0.500000 0.691999 0.666521 0.660754 
0.675038 0.500000 0.691592 0.666411 0.660724 
0.500000 0.604371 0.691257 0.666321 0.660699 
0.500000 0.500000 0.698804 0.666247 0.660679 
0.500000 0.500000 0.697155 0.667923 0.660662 
0.500000 0.500000 0.695877 0.667557 0.661038 
0.500000 0.500000 0.694805 0.667273 0.660956 
0.500000 0.500000 0.693912 0.667035 0.660892 
0.500000 0.500000 0.693171 0.666837 0.660839 
0.500000 0.500000 0.692559 0.666672 0.660794 
0.500000 0.500000 0.692053 0.666536 0.660758 
0.675038 0.500000 0.691636 0.666423 0.660727 
0.500000 0.604365 0.691294 0.666331 0.660702 
0.500000 0.500000 0.698829 0.666255 0.660681 
0.500000 0.500000 0.697176 0.667928 0.660664 
0.500000 0.500000 0.695894 0.667561 0.661039 
0.500000 0.500000 0.694820 0.667277 0.660957 
0.500000 0.500000 0.693925 0.667038 0.660893 
0.500000 0.500000 0.693182 0.666839 0.660840 
0.500000 0.500000 0.692567 0.666674 0.660795 
0.500000 0.500000 0.692060 0.666538 0.660758 
0.675038 0.500000 0.691642 0.666425 0.660727 
0.500000 0.604364 0.691298 0.666332 0.660702 
0.500000 0.500000 0.698832 0.666256 0.660681 
0.500000 0.500000 0.697179 0.667929 0.660664 
0.500000 0.500000 0.695897 0.667562 0.661039 
0.500000 0.500000 0.694822 0.667277 0.660957 
0.500000 0.500000 0.693926 0.667039 0.660893 
0.500000 0.500000 0.693183 0.666840 0.660840 
0.500000 0.500000 0.692568 0.666675 0.660795 
0.500000 0.500000 0.692061 0.666538 0.660758 
0.675038 0.500000 0.691643 0.666425 0.660728 
0.500000 0.604364 0.691299 0.666332 0.660702 
0.500000 0.500000 0.698833 0.666256 0.660681 
0.500000 0.500000 0.697179 0.667929 0.660664 
0.500000 0.500000 0.695897 0.667562 0.661039 
0.500000 0.500000 0.694822 0.667277 0.660957 
0.500000 0.500000 0.693926 0.667039 0.660893 
0.500000 0.500000 0.693183 0.666840 0.660840 
0.500000 0.500000 0.692568 0.666675 0.660795 
0.500000 0.500000 0.692061 0.666538 0.660758 
0.675038 0.500000 0.691643 0.666425 0.660728 
0.500000 0.604364 0.691299 0.666332 0.660702 
0.500000 0.500000 0.698833 0.666256 0.660681 
0.500000 0.500000 0.697179 0.667929 0.660664 
0.500000 0.500000 0.695897 0.667562 0.661039 
0.500000 0.500000 0.694822 0.667277 0.660957 
0.500000 0.500000 0.693926 0.667039 0.660893 
0.500000 0.500000 0.693183 0.666840 0.660840 
0.500000 0.500000 0.692568 0.666675 0.660795 
0.500000 0.500000 0.692061 0.666538 0.660758 
0.675038 0.500000 0.691643 0.666425 0.660728 
0.500000 0.604364 0.691299 0.666332 0.660702 
0.500000 0.500000 0.698833 0.666256 0.660681 
0.500000 0.500000 0.697179 0.667929 0.660664 
0.500000 0.500000 0.695897 0.667562 0.661039 
0.500000 0.500000 0.694822 0.667277 0.660957 
0.500000 0.500000 0.693926 0.667039 0.660893 
0.500000 0.500000 0.693183 0.666840 0.660840 
0.500000 0.500000 0.692568 0.666675 0.660795 
0.500000 0.500000 0.692061 0.666538 0.660758 
0.675038 0.500000 0.691643 0.666425 0.660728 
0.500000 0.604364 0.691299 0.666332 0.660702 
0.500000 0.500000 0.698833 0.666256 0.660681 
0.500000 0.500000 0.697179 0.667929 0.660664 
0.500000 0.500000 0.695897 0.667562 0.661039 
0.500000 0.500000 0.694822 0.667277 0.660957 
0.500000 0.500000 0.693926 0.667039 0.660893 
0.500000 0.500000 0.693183 0.666840 0.660840 
0.500000 0.500000 0.692568 0.666675 0.660795 
0.500000 0.500000 0.692061 0.666538 0.660758 
