0.500000 0.268941 0.268941 0.500000 0.500000 
0.500000 0.309464 0.194364 0.368680 0.500000 
0.500000 0.319557 0.217299 0.404024 0.323582 
0.500000 0.334950 0.216914 0.393029 0.308307 
0.500000 0.344975 0.222323 0.393213 0.313016 
0.500000 0.352651 0.225044 0.390635 0.312937 
0.500000 0.358008 0.227378 0.389340 0.314046 
0.500000 0.361846 0.228953 0.388230 0.314605 
0.500000 0.364579 0.230100 0.387483 0.315083 
0.500000 0.366544 0.230915 0.386938 0.315406 
0.440679 0.367964 0.231503 0.386552 0.315641 
0.500000 0.389782 0.231928 0.386273 0.315808 
0.500000 0.388486 0.239171 0.386071 0.315929 
0.500000 0.385899 0.238009 0.382644 0.316016 
0.500000 0.382766 0.237388 0.383193 0.317499 
0.500000 0.380184 0.236383 0.383486 0.317262 
0.500000 0.378115 0.235612 0.383962 0.317134 
0.500000 0.376530 0.234982 0.384327 0.316929 
0.500000 0.375328 0.234504 0.384625 0.316770 
0.500000 0.374426 0.234141 0.384851 0.316642 
0.440679 0.373752 0.233869 0.385023 0.316544 
0.500000 0.393622 0.233667 0.385152 0.316469 
0.500000 0.391344 0.240324 0.385248 0.316414 
0.500000 0.388068 0.238882 0.382099 0.316372 
0.500000 0.384431 0.238047 0.382780 0.317735 
0.500000 0.381457 0.236889 0.383175 0.317440 
0.500000 0.379082 0.235997 0.383722 0.317269 
0.500000 0.377260 0.235275 0.384144 0.317032 
0.500000 0.375876 0.234725 0.384486 0.316849 
0.500000 0.374836 0.234307 0.384747 0.316701 
0.440679 0.374057 0.233993 0.384944 0.316589 
0.500000 0.393827 0.233759 0.385093 0.316503 
0.500000 0.391498 0.240385 0.385204 0.316439 
0.500000 0.388186 0.238929 0.382070 0.316391 
0.500000 0.384522 0.238082 0.382758 0.317748 
0.500000 0.381526 0.236916 0.383158 0.317450 
0.500000 0.379135 0.236018 0.383709 0.317276 
0.500000 0.377300 0.235291 0.384134 0.317038 
0.500000 0.375906 0.234737 0.384479 0.316854 
0.500000 0.374858 0.234316 0.384741 0.316705 
0.440679 0.374074 0.234000 0.384940 0.316591 
0.500000 0.393838 0.233764 0.385090 0.316505 
0.500000 0.391506 0.240389 0.385202 0.316440 
0.500000 0.388192 0.238931 0.382069 0.316392 
0.500000 0.384527 0.238084 0.382757 0.317749 
0.500000 0.381530 0.236918 0.383157 0.317450 
0.500000 0.379138 0.236019 0.383709 0.317277 
0.500000 0.377302 0.235291 0.384134 0.317038 
0.500000 0.375908 0.234737 0.384478 0.316854 
0.500000 0.374860 0.234316 0.384741 0.316705 
0.440679 0.374075 0.234000 0.384940 0.316591 
0.500000 0.393839 0.233764 0.385090 0.316505 
0.500000 0.391507 0.240389 0.385202 0.316440 
0.500000 0.388192 0.238931 0.382068 0.316392 
0.500000 0.384527 0.238084 0.382757 0.317749 
0.500000 0.381530 0.236918 0.383157 0.317450 
0.500000 0.379138 0.236019 0.383709 0.317277 
0.500000 0.377302 0.235292 0.384134 0.317038 
0.500000 0.375908 0.234737 0.384478 0.316854 
0.500000 0.374860 0.234316 0.384741 0.316705 
0.440679 0.374075 0.234000 0.384940 0.316591 
0.500000 0.393839 0.233764 0.385090 0.316505 
0.500000 0.391507 0.240389 0.385202 0.316440 
0.500000 0.388193 0.238931 0.382068 0.316392 
0.500000 0.384527 0.238084 0.382757 0.317749 
0.500000 0.381530 0.236918 0.383157 0.317450 
0.500000 0.379138 0.236019 0.383709 0.317277 
0.500000 0.377302 0.235292 0.384134 0.317038 
0.500000 0.375908 0.234737 0.384478 0.316854 
0.500000 0.374860 0.234316 0.384741 0.316705 
0.440679 0.374075 0.234000 0.384940 0.316591 
0.500000 0.393839 0.233764 0.385090 0.316505 
0.500000 0.391507 0.240389 0.385202 0.316440 
0.500000 0.388193 0.238931 0.382068 0.316392 
0.500000 0.384527 0.238084 0.382757 0.317749 
0.500000 0.381530 0.236918 0.383157 0.317450 
0.500000 0.379138 0.236019 0.383709 0.317277 
0.500000 0.377302 0.235292 0.384134 0.317038 
0.500000 0.375908 0.234737 0.384478 0.316854 
0.500000 0.374860 0.234316 0.384741 0.316705 
0.440679 0.374075 0.234000 0.384940 0.316591 
0.500000 0.393839 0.233764 0.385090 0.316505 
0.500000 0.391507 0.240389 0.385202 0.316440 
0.500000 0.388193 0.238931 0.382068 0.316392 
0.500000 0.384527 0.238084 0.382757 0.317749 
0.500000 0.381530 0.236918 0.383157 0.317450 
0.500000 0.379138 0.236019 0.383709 0.317277 
0.500000 0.377302 0.235292 0.384134 0.317038 
0.500000 0.375908 0.234737 0.384478 0.316854 
0.500000 0.374860 0.234316 0.384741 0.316705 
0.440679 0.374075 0.234000 0.384940 0.316591 
0.500000 0.393839 0.233764 0.385090 0.316505 
0.500000 0.391507 0.240389 0.385202 0.316440 
0.500000 0.388193 0.238931 0.382068 0.316392 
0.500000 0.384527 0.238084 0.382757 0.317749 
0.500000 0.381530 0.236918 0.383157 0.317450 
0.500000 0.379138 0.236019 0.383709 0.317277 
0.500000 0.377302 0.235292 0.384134 0.317038 
0.500000 0.375908 0.234737 0.384478 0.316854 
0.500000 0.374860 0.234316 0.384741 0.316705 
0.500000 0.268941 0.268941 0.500000 0.500000 
0.500000 0.309464 0.194364 0.368680 0.500000 
0.500000 0.319557 0.230475 0.404024 0.323582 
0.500000 0.331897 0.224973 0.386760 0.308307 
0.500000 0.338321 0.232202 0.389374 0.315718 
0.500000 0.343289 0.233314 0.385942 0.314590 
0.500000 0.346338 0.235429 0.385414 0.316072 
0.500000 0.348430 0.236355 0.384413 0.316300 
0.500000 0.349775 0.237138 0.383975 0.316733 
0.500000 0.350669 0.237594 0.383604 0.316923 
0.440679 0.351253 0.237915 0.383389 0.317083 
0.500000 0.373902 0.238119 0.383237 0.317176 
0.500000 0.371993 0.246050 0.383141 0.317242 
0.500000 0.368654 0.244591 0.379399 0.317284 
0.500000 0.364727 0.244143 0.380086 0.318907 
0.500000 0.361455 0.242706 0.380297 0.318609 
0.500000 0.358843 0.241671 0.380975 0.318517 
0.500000 0.356907 0.240757 0.381463 0.318223 
0.500000 0.355506 0.240098 0.381895 0.318011 
0.500000 0.354518 0.239609 0.382206 0.317824 
0.440679 0.353832 0.239266 0.382437 0.317689 
0.500000 0.375494 0.239026 0.382599 0.317589 
0.500000 0.373065 0.246615 0.382712 0.317519 
0.500000 0.369389 0.244977 0.379133 0.317470 
0.500000 0.365237 0.244403 0.379905 0.319023 
0.500000 0.361808 0.242886 0.380175 0.318688 
0.500000 0.359087 0.241795 0.380890 0.318570 
0.500000 0.357075 0.240843 0.381405 0.318260 
0.500000 0.355620 0.240157 0.381854 0.318037 
0.500000 0.354596 0.239649 0.382178 0.317842 
0.440679 0.353885 0.239293 0.382418 0.317701 
0.500000 0.375526 0.239045 0.382586 0.317597 
0.500000 0.373087 0.246627 0.382703 0.317524 
0.500000 0.369404 0.244985 0.379127 0.317474 
0.500000 0.365248 0.244409 0.379901 0.319025 
0.500000 0.361816 0.242890 0.380172 0.318689 
0.500000 0.359092 0.241798 0.380888 0.318571 
0.500000 0.357079 0.240845 0.381403 0.318261 
0.500000 0.355623 0.240158 0.381853 0.318037 
0.500000 0.354598 0.239650 0.382177 0.317842 
0.440679 0.353886 0.239294 0.382417 0.317702 
0.500000 0.375527 0.239045 0.382586 0.317597 
0.500000 0.373087 0.246627 0.382703 0.317525 
0.500000 0.369404 0.244985 0.379127 0.317474 
0.500000 0.365248 0.244409 0.379901 0.319025 
0.500000 0.361816 0.242890 0.380172 0.318689 
0.500000 0.359092 0.241798 0.380888 0.318571 
0.500000 0.357079 0.240845 0.381403 0.318261 
0.500000 0.355623 0.240158 0.381853 0.318037 
0.500000 0.354598 0.239650 0.382177 0.317842 
0.440679 0.353886 0.239294 0.382417 0.317702 
0.500000 0.375527 0.239045 0.382586 0.317597 
0.500000 0.373087 0.246627 0.382703 0.317525 
0.500000 0.369404 0.244985 0.379127 0.317474 
0.500000 0.365248 0.244409 0.379901 0.319025 
0.500000 0.361816 0.242890 0.380172 0.318689 
0.500000 0.359092 0.241798 0.380888 0.318571 
0.500000 0.357079 0.240845 0.381403 0.318261 
0.500000 0.355623 0.240158 0.381853 0.318037 
0.500000 0.354598 0.239650 0.382177 0.317842 
0.440679 0.353886 0.239294 0.382417 0.317702 
0.500000 0.375527 0.239045 0.382586 0.317597 
0.500000 0.373087 0.246627 0.382703 0.317525 
0.500000 0.369404 0.244985 0.379127 0.317474 
0.500000 0.365248 0.244409 0.379901 0.319025 
0.500000 0.361816 0.242890 0.380172 0.318689 
0.500000 0.359092 0.241798 0.380888 0.318571 
0.500000 0.357079 0.240845 0.381403 0.318261 
0.500000 0.355623 0.240158 0.381853 0.318037 
0.500000 0.354598 0.239650 0.382177 0.317842 
0.440679 0.353886 0.239294 0.382417 0.317702 
0.500000 0.375527 0.239045 0.382586 0.317597 
0.500000 0.373087 0.246627 0.382703 0.317525 
0.500000 0.369404 0.244985 0.379127 0.317474 
0.500000 0.365248 0.244409 0.379901 0.319025 
0.500000 0.361816 0.242890 0.380172 0.318689 
0.500000 0.359092 0.241798 0.380888 0.318571 
0.500000 0.357079 0.240845 0.381403 0.318261 
0.500000 0.355623 0.240158 0.381853 0.318037 
0.500000 0.354598 0.239650 0.382177 0.317842 
0.440679 0.353886 0.239294 0.382417 0.317702 
0.500000 0.375527 0.239045 0.382586 0.317597 
0.500000 0.373087 0.246627 0.382703 0.317525 
0.500000 0.369404 0.244985 0.379127 0.317474 
0.500000 0.365248 0.244409 0.379901 0.319025 
0.500000 0.361816 0.242890 0.380172 0.318689 
0.500000 0.359092 0.241798 0.380888 0.318571 
0.500000 0.357079 0.240845 0.381403 0.318261 
0.500000 0.355623 0.240158 0.381853 0.318037 
0.500000 0.354598 0.239650 0.382177 0.317842 
0.440679 0.353886 0.239294 0.382417 0.317702 
0.500000 0.375527 0.239045 0.382586 0.317597 
0.500000 0.373087 0.246627 0.382703 0.317525 
0.500000 0.369404 0.244985 0.379127 0.317474 
0.500000 0.365248 0.244409 0.379901 0.319025 
0.500000 0.361816 0.242890 0.380172 0.318689 
0.500000 0.359092 0.241798 0.380888 0.318571 
0.500000 0.357079 0.240845 0.381403 0.318261 
0.500000 0.355623 0.240158 0.381853 0.318037 
0.500000 0.354598 0.239650 0.382177 0.317842 
0.500000 0.268941 0.268941 0.500000 0.500000 
0.500000 0.309464 0.194364 0.368680 0.500000 
0.500000 0.319557 0.249611 0.404024 0.323582 
0.500000 0.327650 0.236355 0.377723 0.308307 
0.500000 0.328860 0.248630 0.383975 0.319636 
0.500000 0.329389 0.245882 0.378185 0.316923 
0.500000 0.328474 0.248157 0.379478 0.319435 
0.500000 0.327599 0.247181 0.378407 0.318873 
0.500000 0.326654 0.247285 0.378866 0.319338 
0.500000 0.325939 0.246776 0.378818 0.319139 
0.440679 0.325389 0.246574 0.379057 0.319160 
0.500000 0.348837 0.246313 0.379152 0.319056 
0.500000 0.346273 0.255100 0.379275 0.319014 
0.500000 0.342143 0.253212 0.375147 0.318961 
0.500000 0.337388 0.253174 0.376032 0.320757 
0.500000 0.333387 0.251110 0.376050 0.320372 
0.500000 0.330213 0.249807 0.377019 0.320364 
0.500000 0.327961 0.248439 0.377631 0.319942 
0.500000 0.326438 0.247538 0.378275 0.319676 
0.500000 0.325484 0.246854 0.378699 0.319396 
0.440679 0.324921 0.246432 0.379020 0.319212 
0.500000 0.348451 0.246163 0.379219 0.319072 
0.500000 0.345977 0.254949 0.379346 0.318986 
0.500000 0.341929 0.253094 0.375217 0.318930 
0.500000 0.337244 0.253083 0.376088 0.320727 
0.500000 0.333294 0.251047 0.376093 0.320347 
0.500000 0.330157 0.249765 0.377048 0.320345 
0.500000 0.327930 0.248413 0.377651 0.319929 
0.500000 0.326422 0.247522 0.378287 0.319667 
0.500000 0.325478 0.246846 0.378706 0.319391 
0.440679 0.324920 0.246429 0.379024 0.319208 
0.500000 0.348452 0.246162 0.379221 0.319070 
0.500000 0.345978 0.254949 0.379346 0.318985 
0.500000 0.341931 0.253094 0.375217 0.318930 
0.500000 0.337245 0.253083 0.376087 0.320727 
0.500000 0.333295 0.251048 0.376093 0.320348 
0.500000 0.330158 0.249766 0.377048 0.320345 
0.500000 0.327930 0.248413 0.377651 0.319929 
0.500000 0.326423 0.247523 0.378287 0.319667 
0.500000 0.325478 0.246847 0.378706 0.319391 
0.440679 0.324920 0.246429 0.379024 0.319208 
0.500000 0.348452 0.246162 0.379221 0.319070 
0.500000 0.345978 0.254949 0.379346 0.318985 
0.500000 0.341931 0.253094 0.375217 0.318930 
0.500000 0.337245 0.253083 0.376087 0.320727 
0.500000 0.333295 0.251048 0.376093 0.320348 
0.500000 0.330158 0.249766 0.377048 0.320345 
0.500000 0.327930 0.248413 0.377651 0.319929 
0.500000 0.326423 0.247523 0.378287 0.319667 
0.500000 0.325478 0.246847 0.378706 0.319391 
0.440679 0.324920 0.246429 0.379024 0.319208 
0.500000 0.348452 0.246162 0.379221 0.319070 
0.500000 0.345978 0.254949 0.379346 0.318985 
0.500000 0.341931 0.253094 0.375217 0.318930 
0.500000 0.337245 0.253083 0.376087 0.320727 
0.500000 0.333295 0.251048 0.376093 0.320348 
0.500000 0.330158 0.249766 0.377048 0.320345 
0.500000 0.327930 0.248413 0.377651 0.319929 
0.500000 0.326423 0.247523 0.378287 0.319667 
0.500000 0.325478 0.246847 0.378706 0.319391 
0.440679 0.324920 0.246429 0.379024 0.319208 
0.500000 0.348452 0.246162 0.379221 0.319070 
0.500000 0.345978 0.254949 0.379346 0.318985 
0.500000 0.341931 0.253094 0.375217 0.318930 
0.500000 0.337245 0.253083 0.376087 0.320727 
0.500000 0.333295 0.251048 0.376093 0.320348 
0.500000 0.330158 0.249766 0.377048 0.320345 
0.500000 0.327930 0.248413 0.377651 0.319929 
0.500000 0.326423 0.247523 0.378287 0.319667 
0.500000 0.325478 0.246847 0.378706 0.319391 
0.440679 0.324920 0.246429 0.379024 0.319208 
0.500000 0.348452 0.246162 0.379221 0.319070 
0.500000 0.345978 0.254949 0.379346 0.318985 
0.500000 0.341931 0.253094 0.375217 0.318930 
0.500000 0.337245 0.253083 0.376087 0.320727 
0.500000 0.333295 0.251048 0.376093 0.320348 
0.500000 0.330158 0.249766 0.377048 0.320345 
0.500000 0.327930 0.248413 0.377651 0.319929 
0.500000 0.326423 0.247523 0.378287 0.319667 
0.500000 0.325478 0.246847 0.378706 0.319391 
0.440679 0.324920 0.246429 0.379024 0.319208 
0.500000 0.348452 0.246162 0.379221 0.319070 
0.500000 0.345978 0.254949 0.379346 0.318985 
0.500000 0.341931 0.253094 0.375217 0.318930 
0.500000 0.337245 0.253083 0.376087 0.320727 
0.500000 0.333295 0.251048 0.376093 0.320348 
0.500000 0.330158 0.249766 0.377048 0.320345 
0.500000 0.327930 0.248413 0.377651 0.319929 
0.500000 0.326423 0.247523 0.378287 0.319667 
0.500000 0.325478 0.246847 0.378706 0.319391 
0.440679 0.324920 0.246429 0.379024 0.319208 
0.500000 0.348452 0.246162 0.379221 0.319070 
0.500000 0.345978 0.254949 0.379346 0.318985 
0.500000 0.341931 0.253094 0.375217 0.318930 
0.500000 0.337245 0.253083 0.376087 0.320727 
0.500000 0.333295 0.251048 0.376093 0.320348 
0.500000 0.330158 0.249766 0.377048 0.320345 
0.500000 0.327930 0.248413 0.377651 0.319929 
0.500000 0.326423 0.247523 0.378287 0.319667 
0.500000 0.325478 0.246847 0.378706 0.319391 
0.500000 0.268941 0.268941 0.500000 0.500000 
0.500000 0.309464 0.194364 0.368680 0.500000 
0.500000 0.319557 0.249611 0.404024 0.323582 
0.500000 0.327650 0.236355 0.377723 0.308307 
0.500000 0.328860 0.248630 0.383975 0.319636 
0.500000 0.329389 0.245882 0.378185 0.316923 
0.500000 0.328474 0.248157 0.379478 0.319435 
0.500000 0.327599 0.247181 0.378407 0.318873 
0.500000 0.326654 0.247285 0.378866 0.319338 
0.500000 0.325939 0.246776 0.378818 0.319139 
0.440679 0.325389 0.246574 0.379057 0.319160 
0.500000 0.348837 0.246313 0.379152 0.319056 
0.500000 0.346273 0.255100 0.379275 0.319014 
0.500000 0.342143 0.253212 0.375147 0.318961 
0.500000 0.337388 0.253174 0.376032 0.320757 
0.500000 0.333387 0.251110 0.376050 0.320372 
0.500000 0.330213 0.249807 0.377019 0.320364 
0.500000 0.327961 0.248439 0.377631 0.319942 
0.500000 0.326438 0.247538 0.378275 0.319676 
0.500000 0.325484 0.246854 0.378699 0.319396 
0.440679 0.324921 0.246432 0.379020 0.319212 
0.500000 0.348451 0.246163 0.379219 0.319072 
0.500000 0.345977 0.254949 0.379346 0.318986 
0.500000 0.341929 0.253094 0.375217 0.318930 
0.500000 0.337244 0.253083 0.376088 0.320727 
0.500000 0.333294 0.251047 0.376093 0.320347 
0.500000 0.330157 0.249765 0.377048 0.320345 
0.500000 0.327930 0.248413 0.377651 0.319929 
0.500000 0.326422 0.247522 0.378287 0.319667 
0.500000 0.325478 0.246846 0.378706 0.319391 
0.440679 0.324920 0.246429 0.379024 0.319208 
0.500000 0.348452 0.246162 0.379221 0.319070 
0.500000 0.345978 0.254949 0.379346 0.318985 
0.500000 0.341931 0.253094 0.375217 0.318930 
0.500000 0.337245 0.253083 0.376087 0.320727 
0.500000 0.333295 0.251048 0.376093 0.320348 
0.500000 0.330158 0.249766 0.377048 0.320345 
0.500000 0.327930 0.248413 0.377651 0.319929 
0.500000 0.326423 0.247523 0.378287 0.319667 
0.500000 0.325478 0.246847 0.378706 0.319391 
0.440679 0.324920 0.246429 0.379024 0.319208 
0.500000 0.348452 0.246162 0.379221 0.319070 
0.500000 0.345978 0.254949 0.379346 0.318985 
0.500000 0.341931 0.253094 0.375217 0.318930 
0.500000 0.337245 0.253083 0.376087 0.320727 
0.500000 0.333295 0.251048 0.376093 0.320348 
0.500000 0.330158 0.249766 0.377048 0.320345 
0.500000 0.327930 0.248413 0.377651 0.319929 
0.500000 0.326423 0.247523 0.378287 0.319667 
0.500000 0.325478 0.246847 0.378706 0.319391 
0.440679 0.324920 0.246429 0.379024 0.319208 
0.500000 0.348452 0.246162 0.379221 0.319070 
0.500000 0.345978 0.254949 0.379346 0.318985 
0.500000 0.341931 0.253094 0.375217 0.318930 
0.500000 0.337245 0.253083 0.376087 0.320727 
0.500000 0.333295 0.251048 0.376093 0.320348 
0.500000 0.330158 0.249766 0.377048 0.320345 
0.500000 0.327930 0.248413 0.377651 0.319929 
0.500000 0.326423 0.247523 0.378287 0.319667 
0.500000 0.325478 0.246847 0.378706 0.319391 
0.440679 0.324920 0.246429 0.379024 0.319208 
0.500000 0.348452 0.246162 0.379221 0.319070 
0.500000 0.345978 0.254949 0.379346 0.318985 
0.500000 0.341931 0.253094 0.375217 0.318930 
0.500000 0.337245 0.253083 0.376087 0.320727 
0.500000 0.333295 0.251048 0.376093 0.320348 
0.500000 0.330158 0.249766 0.377048 0.320345 
0.500000 0.327930 0.248413 0.377651 0.319929 
0.500000 0.326423 0.247523 0.378287 0.319667 
0.500000 0.325478 0.246847 0.378706 0.319391 
0.440679 0.324920 0.246429 0.379024 0.319208 
0.500000 0.348452 0.246162 0.379221 0.319070 
0.500000 0.345978 0.254949 0.379346 0.318985 
0.500000 0.341931 0.253094 0.375217 0.318930 
0.500000 0.337245 0.253083 0.376087 0.320727 
0.500000 0.333295 0.251048 0.376093 0.320348 
0.500000 0.330158 0.249766 0.377048 0.320345 
0.500000 0.327930 0.248413 0.377651 0.319929 
0.500000 0.326423 0.247523 0.378287 0.319667 
0.500000 0.325478 0.246847 0.378706 0.319391 
0.440679 0.324920 0.246429 0.379024 0.319208 
0.500000 0.348452 0.246162 0.379221 0.319070 
0.500000 0.345978 0.254949 0.379346 0.318985 
0.500000 0.341931 0.253094 0.375217 0.318930 
0.500000 0.337245 0.253083 0.376087 0.320727 
0.500000 0.333295 0.251048 0.376093 0.320348 
0.500000 0.330158 0.249766 0.377048 0.320345 
0.500000 0.327930 0.248413 0.377651 0.319929 
0.500000 0.326423 0.247523 0.378287 0.319667 
0.500000 0.325478 0.246847 0.378706 0.319391 
0.440679 0.324920 0.246429 0.379024 0.319208 
0.500000 0.348452 0.246162 0.379221 0.319070 
0.500000 0.345978 0.254949 0.379346 0.318985 
0.500000 0.341931 0.253094 0.375217 0.318930 
0.500000 0.337245 0.253083 0.376087 0.320727 
0.500000 0.333295 0.251048 0.376093 0.320348 
0.500000 0.330158 0.249766 0.377048 0.320345 
0.500000 0.327930 0.248413 0.377651 0.319929 
0.500000 0.326423 0.247523 0.378287 0.319667 
0.500000 0.325478 0.246847 0.378706 0.319391 
0.500000 0.268941 0.268941 0.500000 0.500000 
0.500000 0.309464 0.194364 0.368680 0.500000 
0.500000 0.319557 0.275670 0.404024 0.323582 
0.500000 0.322170 0.232249 0.365553 0.308307 
0.500000 0.320617 0.262139 0.385919 0.324952 
0.500000 0.319746 0.242818 0.371853 0.316081 
0.500000 0.318259 0.254528 0.380922 0.322194 
0.500000 0.317518 0.246365 0.375415 0.318246 
0.500000 0.316713 0.251056 0.379251 0.320640 
0.500000 0.316298 0.247655 0.377045 0.318972 
0.440679 0.315900 0.249545 0.378643 0.319931 
0.500000 0.339829 0.248132 0.377754 0.319236 
0.500000 0.337261 0.258166 0.378419 0.319622 
0.500000 0.333033 0.252928 0.373710 0.319333 
0.500000 0.328694 0.254916 0.376165 0.321384 
0.500000 0.325194 0.251678 0.375233 0.320314 
0.500000 0.322406 0.251926 0.376752 0.320720 
0.500000 0.320367 0.250276 0.376636 0.320058 
0.500000 0.318848 0.250189 0.377411 0.320109 
0.500000 0.317768 0.249395 0.377452 0.319772 
0.440679 0.316984 0.249284 0.377825 0.319754 
0.500000 0.340554 0.248910 0.377877 0.319591 
0.500000 0.337793 0.258083 0.378053 0.319569 
0.500000 0.333408 0.253279 0.373749 0.319492 
0.500000 0.328971 0.254905 0.376001 0.321367 
0.500000 0.325390 0.251840 0.375238 0.320385 
0.500000 0.322550 0.251934 0.376676 0.320718 
0.500000 0.320468 0.250351 0.376632 0.320091 
0.500000 0.318921 0.250198 0.377375 0.320111 
0.500000 0.317819 0.249431 0.377447 0.319787 
0.440679 0.317020 0.249291 0.377808 0.319756 
0.500000 0.340579 0.248926 0.377874 0.319599 
0.500000 0.337811 0.258086 0.378045 0.319570 
0.500000 0.333421 0.253287 0.373748 0.319496 
0.500000 0.328981 0.254908 0.375997 0.321367 
0.500000 0.325396 0.251844 0.375237 0.320387 
0.500000 0.322554 0.251936 0.376674 0.320718 
0.500000 0.320472 0.250353 0.376631 0.320092 
0.500000 0.318923 0.250199 0.377375 0.320111 
0.500000 0.317821 0.249431 0.377447 0.319787 
0.440679 0.317022 0.249292 0.377808 0.319756 
0.500000 0.340580 0.248927 0.377874 0.319599 
0.500000 0.337812 0.258087 0.378045 0.319570 
0.500000 0.333421 0.253287 0.373747 0.319496 
0.500000 0.328981 0.254908 0.375997 0.321367 
0.500000 0.325396 0.251844 0.375237 0.320387 
0.500000 0.322555 0.251936 0.376674 0.320718 
0.500000 0.320472 0.250353 0.376631 0.320092 
0.500000 0.318923 0.250199 0.377375 0.320111 
0.500000 0.317821 0.249432 0.377447 0.319787 
0.440679 0.317022 0.249292 0.377808 0.319756 
0.500000 0.340580 0.248927 0.377874 0.319599 
0.500000 0.337812 0.258087 0.378045 0.319570 
0.500000 0.333421 0.253287 0.373747 0.319496 
0.500000 0.328981 0.254908 0.375997 0.321367 
0.500000 0.325396 0.251844 0.375237 0.320387 
0.500000 0.322555 0.251936 0.376674 0.320718 
0.500000 0.320472 0.250353 0.376631 0.320092 
0.500000 0.318923 0.250199 0.377375 0.320111 
0.500000 0.317821 0.249432 0.377447 0.319787 
0.440679 0.317022 0.249292 0.377808 0.319756 
0.500000 0.340580 0.248927 0.377874 0.319599 
0.500000 0.337812 0.258087 0.378045 0.319570 
0.500000 0.333421 0.253287 0.373747 0.319496 
0.500000 0.328981 0.254908 0.375997 0.321367 
0.500000 0.325396 0.251844 0.375237 0.320387 
0.500000 0.322555 0.251936 0.376674 0.320718 
0.500000 0.320472 0.250353 0.376631 0.320092 
0.500000 0.318923 0.250199 0.377375 0.320111 
0.500000 0.317821 0.249432 0.377447 0.319787 
0.440679 0.317022 0.249292 0.377808 0.319756 
0.500000 0.340580 0.248927 0.377874 0.319599 
0.500000 0.337812 0.258087 0.378045 0.319570 
0.500000 0.333421 0.253287 0.373747 0.319496 
0.500000 0.328981 0.254908 0.375997 0.321367 
0.500000 0.325396 0.251844 0.375237 0.320387 
0.500000 0.322555 0.251936 0.376674 0.320718 
0.500000 0.320472 0.250353 0.376631 0.320092 
0.500000 0.318923 0.250199 0.377375 0.320111 
0.500000 0.317821 0.249432 0.377447 0.319787 
0.440679 0.317022 0.249292 0.377808 0.319756 
0.500000 0.340580 0.248927 0.377874 0.319599 
0.500000 0.337812 0.258087 0.378045 0.319570 
0.500000 0.333421 0.253287 0.373747 0.319496 
0.500000 0.328981 0.254908 0.375997 0.321367 
0.500000 0.325396 0.251844 0.375237 0.320387 
0.500000 0.322555 0.251936 0.376674 0.320718 
0.500000 0.320472 0.250353 0.376631 0.320092 
0.500000 0.318923 0.250199 0.377375 0.320111 
0.500000 0.317821 0.249432 0.377447 0.319787 
0.440679 0.317022 0.249292 0.377808 0.319756 
0.500000 0.340580 0.248927 0.377874 0.319599 
0.500000 0.337812 0.258087 0.378045 0.319570 
0.500000 0.333421 0.253287 0.373747 0.319496 
0.500000 0.328981 0.254908 0.375997 0.321367 
0.500000 0.325396 0.251844 0.375237 0.320387 
0.500000 0.322555 0.251936 0.376674 0.320718 
0.500000 0.320472 0.250353 0.376631 0.320092 
0.500000 0.318923 0.250199 0.377375 0.320111 
0.500000 0.317821 0.249432 0.377447 0.319787 
0.500000 0.268941 0.268941 0.500000 0.500000 
0.500000 0.309464 0.194364 0.368680 0.500000 
0.500000 0.399204 0.275670 0.404024 0.323582 
0.500000 0.436446 0.260759 0.365553 0.308307 
0.500000 0.465047 0.293536 0.372497 0.324952 
0.500000 0.478383 0.288302 0.357307 0.321913 
0.500000 0.486932 0.300682 0.359714 0.328580 
0.500000 0.491480 0.298015 0.354032 0.327519 
0.500000 0.494359 0.302794 0.355253 0.330027 
0.500000 0.496063 0.301507 0.353066 0.329487 
0.440679 0.497183 0.303436 0.353655 0.330454 
0.500000 0.498348 0.302867 0.352773 0.330194 
0.500000 0.498710 0.303842 0.353033 0.330584 
0.500000 0.498965 0.303492 0.352588 0.330469 
0.500000 0.499152 0.303886 0.352748 0.330666 
0.500000 0.499291 0.303741 0.352567 0.330595 
0.500000 0.499397 0.303915 0.352634 0.330675 
0.500000 0.499479 0.303860 0.352554 0.330645 
0.500000 0.499543 0.303941 0.352579 0.330681 
0.500000 0.499594 0.303923 0.352542 0.330670 
0.440679 0.499635 0.303963 0.352550 0.330686 
0.500000 0.499738 0.303959 0.352533 0.330682 
0.500000 0.499754 0.304005 0.352534 0.330690 
0.500000 0.499768 0.303992 0.352513 0.330689 
0.500000 0.499779 0.304010 0.352519 0.330699 
0.500000 0.499789 0.304005 0.352511 0.330696 
0.500000 0.499797 0.304013 0.352513 0.330700 
0.500000 0.499805 0.304012 0.352509 0.330699 
0.500000 0.499811 0.304017 0.352510 0.330700 
0.500000 0.499816 0.304017 0.352508 0.330700 
0.440679 0.499821 0.304020 0.352508 0.330701 
0.500000 0.499863 0.304021 0.352507 0.330701 
0.500000 0.499862 0.304036 0.352506 0.330702 
0.500000 0.499862 0.304030 0.352499 0.330702 
0.500000 0.499862 0.304035 0.352502 0.330705 
0.500000 0.499862 0.304032 0.352500 0.330704 
0.500000 0.499861 0.304034 0.352501 0.330705 
0.500000 0.499861 0.304032 0.352500 0.330704 
0.500000 0.499861 0.304033 0.352501 0.330704 
0.500000 0.499861 0.304032 0.352500 0.330704 
0.440679 0.499861 0.304033 0.352501 0.330704 
0.500000 0.499890 0.304032 0.352501 0.330704 
0.500000 0.499887 0.304044 0.352501 0.330704 
0.500000 0.499885 0.304038 0.352496 0.330704 
0.500000 0.499883 0.304041 0.352498 0.330707 
0.500000 0.499880 0.304038 0.352497 0.330705 
0.500000 0.499879 0.304039 0.352498 0.330706 
0.500000 0.499877 0.304037 0.352498 0.330705 
0.500000 0.499875 0.304038 0.352498 0.330706 
0.500000 0.499874 0.304037 0.352498 0.330705 
0.440679 0.499872 0.304037 0.352499 0.330705 
0.500000 0.499898 0.304036 0.352499 0.330705 
0.500000 0.499895 0.304046 0.352499 0.330705 
0.500000 0.499892 0.304041 0.352495 0.330705 
0.500000 0.499889 0.304043 0.352497 0.330707 
0.500000 0.499886 0.304040 0.352496 0.330706 
0.500000 0.499884 0.304041 0.352497 0.330706 
0.500000 0.499882 0.304039 0.352497 0.330706 
0.500000 0.499880 0.304039 0.352498 0.330706 
0.500000 0.499878 0.304038 0.352498 0.330706 
0.440679 0.499876 0.304038 0.352498 0.330706 
0.500000 0.499901 0.304037 0.352498 0.330705 
0.500000 0.499898 0.304047 0.352499 0.330705 
0.500000 0.499894 0.304041 0.352494 0.330705 
0.500000 0.499891 0.304044 0.352497 0.330707 
0.500000 0.499888 0.304041 0.352496 0.330706 
0.500000 0.499886 0.304041 0.352497 0.330707 
0.500000 0.499883 0.304040 0.352497 0.330706 
0.500000 0.499881 0.304040 0.352497 0.330706 
0.500000 0.499879 0.304039 0.352497 0.330706 
0.440679 0.499877 0.304038 0.352498 0.330706 
0.500000 0.499902 0.304037 0.352498 0.330705 
0.500000 0.499898 0.304047 0.352498 0.330705 
0.500000 0.499895 0.304042 0.352494 0.330705 
0.500000 0.499892 0.304044 0.352497 0.330707 
0.500000 0.499889 0.304041 0.352495 0.330706 
0.500000 0.499886 0.304042 0.352497 0.330707 
0.500000 0.499884 0.304040 0.352497 0.330706 
0.500000 0.499882 0.304040 0.352497 0.330706 
0.500000 0.499880 0.304039 0.352497 0.330706 
0.440679 0.499878 0.304038 0.352498 0.330706 
0.500000 0.499902 0.304038 0.352498 0.330706 
0.500000 0.499899 0.304047 0.352498 0.330705 
0.500000 0.499895 0.304042 0.352494 0.330705 
0.500000 0.499892 0.304044 0.352497 0.330707 
0.500000 0.499889 0.304041 0.352495 0.330706 
0.500000 0.499887 0.304042 0.352497 0.330707 
0.500000 0.499884 0.304040 0.352497 0.330706 
0.500000 0.499882 0.304040 0.352497 0.330706 
0.500000 0.499880 0.304039 0.352497 0.330706 
0.440679 0.499878 0.304038 0.352498 0.330706 
0.500000 0.499903 0.304038 0.352498 0.330706 
0.500000 0.499899 0.304047 0.352498 0.330705 
0.500000 0.499896 0.304042 0.352494 0.330705 
0.500000 0.499892 0.304044 0.352496 0.330707 
0.500000 0.499889 0.304041 0.352495 0.330706 
0.500000 0.499887 0.304042 0.352497 0.330707 
0.500000 0.499884 0.304040 0.352497 0.330706 
0.500000 0.499882 0.304040 0.352497 0.330706 
0.500000 0.499880 0.304039 0.352497 0.330706 
0.500000 0.268941 0.268941 0.500000 0.500000 
0.500000 0.309464 0.194364 0.368680 0.500000 
0.500000 0.314048 0.275670 0.404024 0.323582 
0.500000 0.313238 0.230295 0.365553 0.308307 
0.500000 0.307363 0.259452 0.386846 0.324952 
0.500000 0.303978 0.238588 0.373109 0.315681 
0.500000 0.300130 0.249710 0.382919 0.321646 
0.500000 0.298049 0.240704 0.377677 0.317380 
0.500000 0.296121 0.245072 0.381920 0.319656 
0.500000 0.295074 0.241270 0.379860 0.317813 
0.440679 0.294173 0.243006 0.381652 0.318707 
0.500000 0.318124 0.241413 0.380834 0.317929 
0.500000 0.315269 0.251610 0.381585 0.318284 
0.500000 0.310736 0.246159 0.376784 0.317958 
0.500000 0.305965 0.248081 0.379348 0.320044 
0.500000 0.302256 0.244673 0.378443 0.318930 
0.500000 0.299319 0.244872 0.380048 0.319323 
0.500000 0.297262 0.243159 0.379954 0.318626 
0.500000 0.295757 0.243072 0.380761 0.318666 
0.500000 0.294738 0.242274 0.380802 0.318316 
0.440679 0.294016 0.242184 0.381179 0.318298 
0.500000 0.317980 0.241824 0.381221 0.318135 
0.500000 0.315199 0.251261 0.381391 0.318116 
0.500000 0.310673 0.246329 0.376948 0.318042 
0.500000 0.305936 0.247936 0.379268 0.319973 
0.500000 0.302230 0.244743 0.378511 0.318964 
0.500000 0.299306 0.244813 0.380015 0.319293 
0.500000 0.297251 0.243188 0.379982 0.318640 
0.500000 0.295752 0.243047 0.380748 0.318654 
0.500000 0.294734 0.242286 0.380814 0.318322 
0.440679 0.294013 0.242173 0.381173 0.318293 
0.500000 0.317978 0.241828 0.381226 0.318137 
0.500000 0.315198 0.251256 0.381389 0.318114 
0.500000 0.310672 0.246331 0.376950 0.318043 
0.500000 0.305935 0.247934 0.379267 0.319972 
0.500000 0.302229 0.244744 0.378512 0.318965 
0.500000 0.299306 0.244812 0.380014 0.319293 
0.500000 0.297251 0.243188 0.379982 0.318640 
0.500000 0.295752 0.243047 0.380748 0.318654 
0.500000 0.294733 0.242286 0.380814 0.318322 
0.440679 0.294013 0.242173 0.381173 0.318293 
0.500000 0.317978 0.241828 0.381226 0.318137 
0.500000 0.315198 0.251256 0.381389 0.318114 
0.500000 0.310672 0.246331 0.376950 0.318043 
0.500000 0.305935 0.247934 0.379267 0.319972 
0.500000 0.302229 0.244744 0.378512 0.318965 
0.500000 0.299306 0.244812 0.380014 0.319293 
0.500000 0.297251 0.243188 0.379982 0.318640 
0.500000 0.295752 0.243047 0.380748 0.318654 
0.500000 0.294733 0.242286 0.380814 0.318322 
0.440679 0.294013 0.242173 0.381173 0.318293 
0.500000 0.317978 0.241828 0.381226 0.318137 
0.500000 0.315198 0.251256 0.381389 0.318114 
0.500000 0.310672 0.246331 0.376950 0.318043 
0.500000 0.305935 0.247934 0.379267 0.319972 
0.500000 0.302229 0.244744 0.378512 0.318965 
0.500000 0.299306 0.244812 0.380014 0.319293 
0.500000 0.297251 0.243188 0.379982 0.318640 
0.500000 0.295752 0.243047 0.380748 0.318654 
0.500000 0.294733 0.242286 0.380814 0.318322 
0.440679 0.294013 0.242173 0.381173 0.318293 
0.500000 0.317978 0.241828 0.381226 0.318137 
0.500000 0.315198 0.251256 0.381389 0.318114 
0.500000 0.310672 0.246331 0.376950 0.318043 
0.500000 0.305935 0.247934 0.379267 0.319972 
0.500000 0.302229 0.244744 0.378512 0.318965 
0.500000 0.299306 0.244812 0.380014 0.319293 
0.500000 0.297251 0.243188 0.379982 0.318640 
0.500000 0.295752 0.243047 0.380748 0.318654 
0.500000 0.294733 0.242286 0.380814 0.318322 
0.440679 0.294013 0.242173 0.381173 0.318293 
0.500000 0.317978 0.241828 0.381226 0.318137 
0.500000 0.315198 0.251256 0.381389 0.318114 
0.500000 0.310672 0.246331 0.376950 0.318043 
0.500000 0.305935 0.247934 0.379267 0.319972 
0.500000 0.302229 0.244744 0.378512 0.318965 
0.500000 0.299306 0.244812 0.380014 0.319293 
0.500000 0.297251 0.243188 0.379982 0.318640 
0.500000 0.295752 0.243047 0.380748 0.318654 
0.500000 0.294733 0.242286 0.380814 0.318322 
0.440679 0.294013 0.242173 0.381173 0.318293 
0.500000 0.317978 0.241828 0.381226 0.318137 
0.500000 0.315198 0.251256 0.381389 0.318114 
0.500000 0.310672 0.246331 0.376950 0.318043 
0.500000 0.305935 0.247934 0.379267 0.319972 
0.500000 0.302229 0.244744 0.378512 0.318965 
0.500000 0.299306 0.244812 0.380014 0.319293 
0.500000 0.297251 0.243188 0.379982 0.318640 
0.500000 0.295752 0.243047 0.380748 0.318654 
0.500000 0.294733 0.242286 0.380814 0.318322 
0.440679 0.294013 0.242173 0.381173 0.318293 
0.500000 0.317978 0.241828 0.381226 0.318137 
0.500000 0.315198 0.251256 0.381389 0.318114 
0.500000 0.310672 0.246331 0.376950 0.318043 
0.500000 0.305935 0.247934 0.379267 0.319972 
0.500000 0.302229 0.244744 0.378512 0.318965 
0.500000 0.299306 0.244812 0.380014 0.319293 
0.500000 0.297251 0.243188 0.379982 0.318640 
0.500000 0.295752 0.243047 0.380748 0.318654 
0.500000 0.294733 0.242286 0.380814 0.318322 
