0.675038 0.622459 0.622459 0.500000 0.500000 
0.500000 0.682468 0.599003 0.650778 0.500000 
0.500000 0.671648 0.624109 0.645428 0.657186 
0.500000 0.665677 0.620163 0.651152 0.655979 
0.500000 0.657768 0.623548 0.650256 0.657270 
0.500000 0.650681 0.624322 0.651025 0.657068 
0.500000 0.643657 0.625814 0.651201 0.657241 
0.500000 0.637056 0.626995 0.651540 0.657281 
0.500000 0.630829 0.628175 0.651808 0.657357 
0.500000 0.625031 0.629251 0.652076 0.657418 
0.675038 0.619659 0.630250 0.652320 0.657478 
0.500000 0.656003 0.631166 0.652546 0.657533 
0.500000 0.650016 0.623690 0.652754 0.657584 
0.500000 0.642486 0.626478 0.651057 0.657631 
0.500000 0.636092 0.627068 0.651690 0.657249 
0.500000 0.629879 0.628389 0.651824 0.657391 
0.500000 0.624164 0.629401 0.652124 0.657421 
0.500000 0.618853 0.630403 0.652354 0.657489 
0.500000 0.613970 0.631302 0.652581 0.657541 
0.500000 0.609487 0.632130 0.652785 0.657592 
0.675038 0.605386 0.632882 0.652972 0.657638 
0.500000 0.644065 0.633567 0.653143 0.657680 
0.500000 0.638714 0.625801 0.653298 0.657718 
0.500000 0.631766 0.628485 0.651537 0.657753 
0.500000 0.626064 0.628939 0.652146 0.657357 
0.500000 0.620559 0.630124 0.652249 0.657494 
0.500000 0.615553 0.630999 0.652518 0.657517 
0.500000 0.610933 0.631867 0.652716 0.657578 
0.500000 0.606710 0.632638 0.652913 0.657622 
0.500000 0.500000 0.633347 0.653087 0.657667 
0.675038 0.500000 0.652477 0.653248 0.657706 
0.500000 0.642772 0.648823 0.657568 0.657742 
0.500000 0.639837 0.623902 0.656745 0.658714 
0.500000 0.631644 0.629434 0.651105 0.658529 
0.500000 0.626260 0.628674 0.652361 0.657260 
0.500000 0.620636 0.630188 0.652189 0.657542 
0.500000 0.615655 0.630957 0.652532 0.657504 
0.500000 0.611018 0.631859 0.652706 0.657581 
0.500000 0.606790 0.632622 0.652911 0.657620 
0.500000 0.500000 0.633334 0.653084 0.657666 
0.675038 0.500000 0.652479 0.653245 0.657705 
0.500000 0.642833 0.648823 0.657569 0.657741 
0.500000 0.639896 0.623890 0.656745 0.658714 
0.500000 0.631698 0.629425 0.651103 0.658529 
0.500000 0.626311 0.628664 0.652359 0.657259 
0.500000 0.620683 0.630179 0.652187 0.657542 
0.500000 0.615699 0.630949 0.652530 0.657503 
0.500000 0.611057 0.631851 0.652705 0.657580 
0.500000 0.606826 0.632615 0.652909 0.657620 
0.500000 0.500000 0.633328 0.653082 0.657666 
0.675038 0.500000 0.652479 0.653244 0.657705 
0.500000 0.642861 0.648822 0.657569 0.657741 
0.500000 0.639923 0.623884 0.656745 0.658714 
0.500000 0.631723 0.629420 0.651101 0.658529 
0.500000 0.626335 0.628660 0.652358 0.657259 
0.500000 0.620705 0.630175 0.652186 0.657542 
0.500000 0.615719 0.630945 0.652529 0.657503 
0.500000 0.611076 0.631848 0.652704 0.657580 
0.500000 0.606843 0.632612 0.652908 0.657619 
0.500000 0.500000 0.633325 0.653081 0.657666 
0.675038 0.500000 0.652480 0.653243 0.657705 
0.500000 0.642874 0.648822 0.657569 0.657741 
0.500000 0.639935 0.623881 0.656745 0.658714 
0.500000 0.631735 0.629418 0.651101 0.658529 
0.500000 0.626346 0.628658 0.652358 0.657258 
0.500000 0.620715 0.630173 0.652185 0.657542 
0.500000 0.615728 0.630943 0.652529 0.657503 
0.500000 0.611084 0.631846 0.652703 0.657580 
0.500000 0.606850 0.632610 0.652908 0.657619 
0.500000 0.500000 0.633324 0.653081 0.657665 
0.675038 0.500000 0.652480 0.653243 0.657704 
0.500000 0.642880 0.648822 0.657569 0.657741 
0.500000 0.639941 0.623880 0.656745 0.658714 
0.500000 0.631740 0.629417 0.651101 0.658529 
0.500000 0.626351 0.628657 0.652357 0.657258 
0.500000 0.620720 0.630172 0.652185 0.657541 
0.500000 0.615732 0.630943 0.652529 0.657503 
0.500000 0.611088 0.631846 0.652703 0.657580 
0.500000 0.606854 0.632610 0.652908 0.657619 
0.500000 0.500000 0.633324 0.653081 0.657665 
0.675038 0.500000 0.652480 0.653243 0.657704 
0.500000 0.642883 0.648822 0.657569 0.657741 
0.500000 0.639944 0.623880 0.656745 0.658714 
0.500000 0.631743 0.629417 0.651100 0.658529 
0.500000 0.626353 0.628657 0.652357 0.657258 
0.500000 0.620722 0.630172 0.652185 0.657541 
0.500000 0.615734 0.630942 0.652528 0.657503 
0.500000 0.611090 0.631845 0.652703 0.657580 
0.500000 0.606856 0.632609 0.652908 0.657619 
0.500000 0.500000 0.633323 0.653081 0.657665 
0.675038 0.500000 0.652480 0.653243 0.657704 
0.500000 0.642884 0.648822 0.657569 0.657741 
0.500000 0.639945 0.623879 0.656745 0.658714 
0.500000 0.631744 0.629417 0.651100 0.658529 
0.500000 0.626354 0.628656 0.652357 0.657258 
0.500000 0.620723 0.630172 0.652185 0.657541 
0.500000 0.615735 0.630942 0.652528 0.657503 
0.500000 0.611090 0.631845 0.652703 0.657580 
0.500000 0.606856 0.632609 0.652908 0.657619 
0.500000 0.500000 0.633323 0.653081 0.657665 
