0.500000 0.440679 0.323797 0.359370 0.500000 0.500000 0.429546 0.500000 0.500000 
0.500000 0.440679 0.274424 0.394315 0.500000 0.292896 0.343532 0.500000 0.500000 
0.500000 0.440679 0.500000 0.427921 0.500000 0.292896 0.366132 0.500000 0.500000 
0.500000 0.440679 0.500000 0.424322 0.500000 0.292896 0.500000 0.500000 0.500000 
0.500000 0.440679 0.500000 0.420963 0.500000 0.292896 0.500000 0.500000 0.500000 
0.500000 0.440679 0.500000 0.417842 0.500000 0.292896 0.500000 0.500000 0.500000 
0.500000 0.440679 0.500000 0.414955 0.276898 0.292896 0.500000 0.500000 0.500000 
0.500000 0.440679 0.500000 0.412291 0.285899 0.292896 0.500000 0.364984 0.500000 
0.500000 0.440679 0.500000 0.409842 0.294876 0.292896 0.500000 0.360822 0.500000 
0.500000 0.440679 0.500000 0.407596 0.303733 0.292896 0.500000 0.356692 0.500000 
0.500000 0.440679 0.500000 0.405540 0.312387 0.292896 0.500000 0.352637 0.500000 
0.500000 0.440679 0.500000 0.403662 0.320766 0.292896 0.500000 0.348697 0.500000 
0.500000 0.440679 0.500000 0.401950 0.328813 0.292896 0.500000 0.344900 0.500000 
0.500000 0.440679 0.500000 0.400391 0.336486 0.292896 0.500000 0.341273 0.500000 
0.500000 0.440679 0.500000 0.398973 0.343754 0.292896 0.500000 0.337832 0.500000 
0.500000 0.440679 0.500000 0.397686 0.350600 0.292896 0.500000 0.334588 0.500000 
0.500000 0.440679 0.500000 0.396518 0.357017 0.292896 0.500000 0.331546 0.500000 
0.500000 0.440679 0.500000 0.395459 0.363005 0.292896 0.500000 0.328708 0.500000 
0.500000 0.440679 0.500000 0.394500 0.368574 0.292896 0.500000 0.326071 0.500000 
0.500000 0.440679 0.500000 0.393632 0.373737 0.292896 0.500000 0.323628 0.500000 
0.500000 0.440679 0.500000 0.392846 0.378511 0.292896 0.500000 0.321372 0.500000 
0.500000 0.440679 0.500000 0.392137 0.382915 0.292896 0.500000 0.319293 0.500000 
0.500000 0.440679 0.500000 0.391495 0.386972 0.292896 0.500000 0.317382 0.500000 
0.500000 0.440679 0.500000 0.390916 0.390703 0.292896 0.500000 0.315627 0.500000 
0.500000 0.440679 0.500000 0.390392 0.394130 0.292896 0.500000 0.314017 0.500000 
0.500000 0.440679 0.500000 0.389920 0.397275 0.292896 0.500000 0.312542 0.500000 
0.500000 0.440679 0.500000 0.389494 0.400160 0.292896 0.500000 0.311192 0.500000 
0.500000 0.440679 0.500000 0.389110 0.402803 0.292896 0.500000 0.309957 0.500000 
0.500000 0.440679 0.500000 0.388763 0.405225 0.292896 0.500000 0.308827 0.500000 
0.500000 0.440679 0.500000 0.388450 0.407443 0.292896 0.500000 0.307794 0.500000 
0.500000 0.440679 0.500000 0.388169 0.409474 0.292896 0.500000 0.306850 0.500000 
0.500000 0.440679 0.500000 0.387915 0.411333 0.292896 0.500000 0.305987 0.500000 
0.500000 0.440679 0.500000 0.387686 0.413035 0.292896 0.500000 0.305198 0.500000 
0.500000 0.440679 0.500000 0.387479 0.414593 0.292896 0.500000 0.304477 0.500000 
0.500000 0.440679 0.500000 0.387294 0.416018 0.292896 0.500000 0.303817 0.500000 
0.500000 0.440679 0.500000 0.387126 0.417323 0.292896 0.500000 0.303215 0.500000 
0.500000 0.440679 0.500000 0.386975 0.418517 0.292896 0.500000 0.302664 0.500000 
0.500000 0.440679 0.500000 0.386840 0.419610 0.292896 0.500000 0.302160 0.500000 
0.500000 0.440679 0.500000 0.386717 0.420610 0.292896 0.500000 0.301699 0.500000 
0.500000 0.440679 0.500000 0.386607 0.421525 0.292896 0.500000 0.301278 0.500000 
0.500000 0.440679 0.500000 0.386508 0.422363 0.292896 0.500000 0.300893 0.500000 
0.500000 0.440679 0.500000 0.386419 0.423130 0.292896 0.500000 0.300540 0.500000 
0.500000 0.440679 0.500000 0.386338 0.423831 0.292896 0.500000 0.300218 0.500000 
0.500000 0.440679 0.500000 0.386266 0.424474 0.292896 0.500000 0.299923 0.500000 
0.500000 0.440679 0.500000 0.386200 0.425061 0.292896 0.500000 0.299654 0.500000 
0.500000 0.440679 0.500000 0.386142 0.425599 0.292896 0.500000 0.299407 0.500000 
0.500000 0.440679 0.500000 0.386089 0.426092 0.292896 0.500000 0.299181 0.500000 
0.500000 0.440679 0.500000 0.386041 0.426542 0.292896 0.500000 0.298975 0.500000 
0.500000 0.440679 0.500000 0.385999 0.426954 0.292896 0.500000 0.298786 0.500000 
0.500000 0.440679 0.500000 0.385960 0.427331 0.292896 0.500000 0.298614 0.500000 
0.500000 0.440679 0.500000 0.385925 0.427676 0.292896 0.500000 0.298456 0.500000 
0.500000 0.440679 0.500000 0.385894 0.427992 0.292896 0.500000 0.298311 0.500000 
0.500000 0.440679 0.500000 0.385866 0.428281 0.292896 0.500000 0.298179 0.500000 
0.500000 0.440679 0.500000 0.385841 0.428545 0.292896 0.500000 0.298058 0.500000 
0.500000 0.440679 0.500000 0.385818 0.428786 0.292896 0.500000 0.297948 0.500000 
0.500000 0.440679 0.500000 0.385797 0.429007 0.292896 0.500000 0.297847 0.500000 
0.500000 0.440679 0.500000 0.385779 0.429209 0.292896 0.500000 0.297754 0.500000 
0.500000 0.440679 0.500000 0.385762 0.429393 0.292896 0.500000 0.297670 0.500000 
0.500000 0.440679 0.500000 0.385747 0.429562 0.292896 0.500000 0.297593 0.500000 
0.500000 0.440679 0.500000 0.385734 0.429716 0.292896 0.500000 0.297522 0.500000 
0.500000 0.440679 0.500000 0.385722 0.429857 0.292896 0.500000 0.297458 0.500000 
0.500000 0.440679 0.500000 0.385711 0.429986 0.292896 0.500000 0.297399 0.500000 
0.500000 0.440679 0.500000 0.385701 0.430103 0.292896 0.500000 0.297345 0.500000 
0.500000 0.440679 0.500000 0.385692 0.430211 0.292896 0.500000 0.297296 0.500000 
0.500000 0.440679 0.500000 0.385684 0.430309 0.292896 0.500000 0.297251 0.500000 
0.500000 0.440679 0.500000 0.385677 0.430399 0.292896 0.500000 0.297210 0.500000 
0.500000 0.440679 0.500000 0.385671 0.430480 0.292896 0.500000 0.297173 0.500000 
0.500000 0.440679 0.500000 0.385665 0.430555 0.292896 0.500000 0.297139 0.500000 
0.500000 0.440679 0.500000 0.385660 0.430623 0.292896 0.500000 0.297107 0.500000 
0.500000 0.440679 0.500000 0.385655 0.430685 0.292896 0.500000 0.297079 0.500000 
0.500000 0.440679 0.500000 0.385651 0.430742 0.292896 0.500000 0.297053 0.500000 
0.500000 0.440679 0.500000 0.385647 0.430794 0.292896 0.500000 0.297029 0.500000 
0.500000 0.440679 0.500000 0.385643 0.430841 0.292896 0.500000 0.297008 0.500000 
0.500000 0.440679 0.500000 0.385640 0.430884 0.292896 0.500000 0.296988 0.500000 
0.500000 0.440679 0.500000 0.385638 0.430924 0.292896 0.500000 0.296970 0.500000 
0.500000 0.440679 0.500000 0.385635 0.430959 0.292896 0.500000 0.296954 0.500000 
0.500000 0.440679 0.500000 0.385633 0.430992 0.292896 0.500000 0.296939 0.500000 
0.500000 0.440679 0.500000 0.385631 0.431022 0.292896 0.500000 0.296925 0.500000 
0.500000 0.440679 0.500000 0.385629 0.431049 0.292896 0.500000 0.296913 0.500000 
0.500000 0.440679 0.500000 0.385627 0.431074 0.292896 0.500000 0.296901 0.500000 
0.500000 0.440679 0.500000 0.385626 0.431096 0.292896 0.500000 0.296891 0.500000 
0.500000 0.440679 0.500000 0.385625 0.431117 0.292896 0.500000 0.296881 0.500000 
0.500000 0.440679 0.500000 0.385623 0.431136 0.292896 0.500000 0.296873 0.500000 
0.500000 0.440679 0.500000 0.385622 0.431153 0.292896 0.500000 0.296865 0.500000 
0.500000 0.440679 0.500000 0.385621 0.431168 0.292896 0.500000 0.296858 0.500000 
0.500000 0.440679 0.500000 0.385620 0.431182 0.292896 0.500000 0.296851 0.500000 
0.500000 0.440679 0.500000 0.385620 0.431195 0.292896 0.500000 0.296846 0.500000 
0.500000 0.440679 0.500000 0.385619 0.431207 0.292896 0.500000 0.296840 0.500000 
0.500000 0.440679 0.500000 0.385618 0.431217 0.292896 0.500000 0.296835 0.500000 
0.500000 0.440679 0.500000 0.385618 0.431227 0.292896 0.500000 0.296831 0.500000 
0.500000 0.440679 0.500000 0.385617 0.431236 0.292896 0.500000 0.296827 0.500000 
0.500000 0.440679 0.500000 0.385617 0.431244 0.292896 0.500000 0.296823 0.500000 
0.500000 0.440679 0.500000 0.385616 0.431251 0.292896 0.500000 0.296820 0.500000 
0.500000 0.440679 0.500000 0.385616 0.431258 0.292896 0.500000 0.296817 0.500000 
0.500000 0.440679 0.500000 0.385616 0.431264 0.292896 0.500000 0.296814 0.500000 
0.500000 0.440679 0.500000 0.385615 0.431270 0.292896 0.500000 0.296811 0.500000 
0.500000 0.440679 0.500000 0.385615 0.431275 0.292896 0.500000 0.296809 0.500000 
0.500000 0.440679 0.500000 0.385615 0.431279 0.292896 0.500000 0.296807 0.500000 
0.500000 0.440679 0.500000 0.385615 0.431283 0.292896 0.500000 0.296805 0.500000 
0.500000 0.440679 0.500000 0.385614 0.431287 0.292896 0.500000 0.296803 0.500000 
