0.500000 0.268941 0.268941 0.500000 0.500000 
0.500000 0.359370 0.208107 0.368680 0.500000 
0.500000 0.411835 0.220802 0.397423 0.323582 
0.500000 0.447376 0.236797 0.391359 0.311129 
0.500000 0.464785 0.262138 0.383766 0.313734 
0.500000 0.472052 0.291454 0.371853 0.317013 
0.500000 0.473216 0.321809 0.358264 0.322194 
0.500000 0.469424 0.350514 0.344429 0.328158 
0.500000 0.459735 0.375477 0.331584 0.334287 
0.500000 0.441529 0.395174 0.320614 0.340028 
0.440679 0.411368 0.408536 0.312094 0.344969 
0.500000 0.388797 0.414571 0.306386 0.348829 
0.500000 0.338152 0.416186 0.303826 0.351427 
0.500000 0.286175 0.407319 0.303144 0.352595 
0.500000 0.244617 0.386201 0.306903 0.352907 
0.500000 0.219792 0.351869 0.315960 0.351191 
0.500000 0.500000 0.308274 0.330984 0.347075 
0.500000 0.225227 0.356873 0.350567 0.340298 
0.500000 0.227147 0.302008 0.328772 0.331561 
0.500000 0.240740 0.266566 0.353425 0.341292 
0.440679 0.278652 0.237129 0.369787 0.330295 
0.500000 0.359200 0.222647 0.383609 0.323097 
0.500000 0.410278 0.228974 0.390480 0.317081 
0.500000 0.443124 0.245596 0.387473 0.314113 
0.500000 0.460041 0.269911 0.379613 0.315410 
0.500000 0.467069 0.298042 0.368229 0.318814 
0.500000 0.467680 0.326898 0.355240 0.323779 
0.500000 0.462735 0.353895 0.342135 0.329493 
0.500000 0.451116 0.377011 0.330087 0.335309 
0.500000 0.430252 0.394767 0.319946 0.340700 
0.440679 0.397446 0.406055 0.312269 0.345271 
0.500000 0.375280 0.409755 0.307441 0.348750 
0.500000 0.326174 0.409251 0.305868 0.350946 
0.500000 0.278858 0.397852 0.306082 0.351664 
0.500000 0.243043 0.374394 0.310945 0.351566 
0.500000 0.223539 0.339114 0.321085 0.349352 
0.500000 0.221647 0.297241 0.336657 0.344756 
0.500000 0.240028 0.258089 0.355607 0.337755 
0.500000 0.282760 0.230174 0.373747 0.329331 
0.500000 0.344557 0.217560 0.386903 0.321368 
0.440679 0.403103 0.220187 0.392904 0.315656 
0.500000 0.452626 0.235369 0.391652 0.313069 
0.500000 0.468330 0.262214 0.384442 0.313608 
0.500000 0.474689 0.292303 0.371817 0.316721 
0.500000 0.475417 0.323256 0.357874 0.322210 
0.500000 0.471476 0.352344 0.343776 0.328330 
0.500000 0.461779 0.377530 0.330774 0.334578 
0.500000 0.443541 0.397339 0.319720 0.340392 
0.500000 0.413072 0.410759 0.311165 0.345373 
0.500000 0.368780 0.416836 0.305442 0.349252 
0.440679 0.316011 0.414146 0.302869 0.351858 
0.500000 0.290784 0.400492 0.304006 0.353032 
0.500000 0.251061 0.381074 0.309815 0.352513 
0.500000 0.227527 0.348498 0.318180 0.349866 
0.500000 0.221165 0.307785 0.332478 0.346070 
0.500000 0.234120 0.267302 0.350789 0.339627 
0.500000 0.270543 0.236223 0.369444 0.331462 
0.500000 0.328841 0.219787 0.384037 0.323248 
0.500000 0.390100 0.218832 0.391842 0.316896 
0.500000 0.433665 0.231221 0.392298 0.313526 
0.440679 0.457400 0.253213 0.386406 0.313330 
0.500000 0.474666 0.280847 0.376032 0.315871 
0.500000 0.476907 0.312527 0.363155 0.320372 
0.500000 0.474636 0.342755 0.348633 0.326005 
0.500000 0.467324 0.369756 0.335032 0.332419 
0.500000 0.452723 0.391785 0.323111 0.338482 
0.500000 0.427166 0.407735 0.313551 0.343841 
0.500000 0.387577 0.416716 0.306726 0.348168 
0.500000 0.336186 0.417552 0.302920 0.351272 
0.500000 0.283482 0.408298 0.302567 0.353009 
0.440679 0.241901 0.386506 0.306487 0.353170 
0.500000 0.237273 0.351301 0.315828 0.351381 
0.500000 0.227842 0.314969 0.331236 0.347135 
0.500000 0.237443 0.275937 0.347525 0.340185 
0.500000 0.268776 0.244633 0.365430 0.332911 
0.500000 0.321400 0.226535 0.380066 0.325006 
0.500000 0.380262 0.223335 0.388631 0.318617 
0.500000 0.425311 0.233501 0.390153 0.314910 
0.500000 0.451406 0.253645 0.385326 0.314254 
0.500000 0.463979 0.279882 0.375829 0.316338 
0.440679 0.468333 0.308727 0.363602 0.320460 
0.500000 0.473532 0.337260 0.350361 0.325809 
0.500000 0.466969 0.364845 0.337485 0.331652 
0.500000 0.453502 0.387439 0.325263 0.337385 
0.500000 0.429697 0.404194 0.315425 0.342871 
0.500000 0.392429 0.414113 0.308234 0.347318 
0.500000 0.343043 0.416080 0.304020 0.350585 
0.500000 0.290803 0.408292 0.303188 0.352506 
0.500000 0.248052 0.388401 0.306489 0.352886 
0.500000 0.221689 0.355286 0.315010 0.351380 
0.440679 0.500000 0.312343 0.329472 0.347506 
0.500000 0.244180 0.360399 0.348716 0.340977 
0.500000 0.242388 0.313317 0.327217 0.332382 
0.500000 0.250219 0.281785 0.348274 0.341991 
0.500000 0.279090 0.253184 0.362722 0.332578 
0.500000 0.325653 0.236758 0.376045 0.326195 
0.500000 0.377678 0.233663 0.383784 0.320366 
0.500000 0.419007 0.242958 0.385249 0.317005 
0.500000 0.444305 0.261660 0.380856 0.316371 
0.500000 0.457011 0.286172 0.372076 0.318275 
