0.675038 0.622459 0.622459 0.500000 0.500000 
0.500000 0.682468 0.599003 0.650778 0.500000 
0.500000 0.682113 0.607629 0.645428 0.657186 
0.500000 0.683489 0.610817 0.647400 0.655979 
0.500000 0.685059 0.612573 0.648127 0.656424 
0.500000 0.686698 0.613277 0.648527 0.656588 
0.500000 0.688276 0.613364 0.648688 0.656679 
0.500000 0.689734 0.613098 0.648708 0.656715 
0.500000 0.691047 0.612650 0.648647 0.656719 
0.500000 0.692212 0.612122 0.648545 0.656706 
0.675038 0.693236 0.611577 0.648425 0.656683 
0.500000 0.711799 0.611050 0.648300 0.656655 
0.500000 0.711595 0.606583 0.648180 0.656627 
0.500000 0.711096 0.604378 0.647161 0.656600 
0.500000 0.710496 0.603157 0.646657 0.656370 
0.500000 0.709844 0.602569 0.646378 0.656257 
0.500000 0.709175 0.602358 0.646244 0.656194 
0.500000 0.708512 0.602373 0.646196 0.656163 
0.500000 0.707869 0.602519 0.646199 0.656153 
0.500000 0.707255 0.602737 0.646232 0.656153 
0.675038 0.706674 0.602993 0.646282 0.656161 
0.500000 0.718406 0.603263 0.646341 0.656172 
0.500000 0.717678 0.600747 0.646402 0.656185 
0.500000 0.716823 0.599675 0.645827 0.656199 
0.500000 0.715923 0.599204 0.645582 0.656070 
0.500000 0.715001 0.599118 0.645474 0.656014 
0.500000 0.714076 0.599259 0.645454 0.655990 
0.500000 0.713161 0.599535 0.645487 0.655985 
0.500000 0.712266 0.599888 0.645550 0.655993 
0.500000 0.711400 0.600281 0.645631 0.656007 
0.675038 0.710568 0.600691 0.645721 0.656025 
0.500000 0.720342 0.601105 0.645814 0.656045 
0.500000 0.719550 0.599111 0.645909 0.656067 
0.500000 0.718655 0.598319 0.645453 0.656088 
0.500000 0.717720 0.598025 0.645272 0.655985 
0.500000 0.716761 0.598049 0.645204 0.655944 
0.500000 0.715793 0.598264 0.645210 0.655929 
0.500000 0.714830 0.598593 0.645259 0.655930 
0.500000 0.713881 0.598986 0.645334 0.655941 
0.500000 0.712953 0.599416 0.645424 0.655958 
0.675038 0.712055 0.599860 0.645523 0.655979 
0.500000 0.721086 0.600309 0.645624 0.656001 
0.500000 0.720281 0.598500 0.645727 0.656024 
0.500000 0.719381 0.597807 0.645313 0.656047 
0.500000 0.718441 0.597572 0.645154 0.655954 
0.500000 0.717475 0.597632 0.645101 0.655918 
0.500000 0.716497 0.597870 0.645114 0.655906 
0.500000 0.715520 0.598214 0.645169 0.655909 
0.500000 0.714554 0.598620 0.645248 0.655921 
0.500000 0.713606 0.599060 0.645341 0.655939 
0.675038 0.712684 0.599516 0.645441 0.655960 
0.500000 0.721401 0.599975 0.645546 0.655982 
0.500000 0.720593 0.598244 0.645651 0.656006 
0.500000 0.719694 0.597590 0.645255 0.656030 
0.500000 0.718752 0.597379 0.645105 0.655940 
0.500000 0.717784 0.597454 0.645056 0.655906 
0.500000 0.716803 0.597701 0.645074 0.655896 
0.500000 0.715822 0.598051 0.645130 0.655899 
0.500000 0.714849 0.598461 0.645210 0.655912 
0.500000 0.713893 0.598905 0.645304 0.655930 
0.675038 0.712962 0.599365 0.645406 0.655951 
0.500000 0.721541 0.599829 0.645511 0.655974 
0.500000 0.720732 0.598132 0.645617 0.655998 
0.500000 0.719832 0.597495 0.645229 0.656022 
0.500000 0.718891 0.597294 0.645083 0.655934 
0.500000 0.717922 0.597375 0.645037 0.655902 
0.500000 0.716941 0.597625 0.645056 0.655891 
0.500000 0.715957 0.597978 0.645113 0.655895 
0.500000 0.714982 0.598390 0.645194 0.655908 
0.500000 0.714023 0.598836 0.645288 0.655927 
0.675038 0.713087 0.599297 0.645390 0.655948 
0.500000 0.721604 0.599763 0.645496 0.655971 
0.500000 0.720794 0.598081 0.645602 0.655995 
0.500000 0.719895 0.597452 0.645217 0.656019 
0.500000 0.718954 0.597256 0.645073 0.655932 
0.500000 0.717985 0.597339 0.645028 0.655899 
0.500000 0.717003 0.597591 0.645047 0.655889 
0.500000 0.716018 0.597945 0.645105 0.655894 
0.500000 0.715042 0.598358 0.645186 0.655907 
0.500000 0.714081 0.598804 0.645281 0.655925 
0.675038 0.713144 0.599267 0.645383 0.655946 
0.500000 0.721632 0.599733 0.645489 0.655969 
0.500000 0.720823 0.598058 0.645595 0.655993 
0.500000 0.719923 0.597432 0.645212 0.656017 
0.500000 0.718982 0.597238 0.645069 0.655931 
0.500000 0.718013 0.597323 0.645024 0.655898 
0.500000 0.717031 0.597576 0.645044 0.655888 
0.500000 0.716046 0.597930 0.645102 0.655893 
0.500000 0.715069 0.598343 0.645183 0.655906 
0.500000 0.714108 0.598790 0.645277 0.655924 
0.675038 0.713170 0.599253 0.645379 0.655945 
0.500000 0.721645 0.599720 0.645485 0.655968 
0.500000 0.720836 0.598047 0.645592 0.655992 
0.500000 0.719936 0.597423 0.645209 0.656016 
0.500000 0.718995 0.597230 0.645067 0.655930 
0.500000 0.718026 0.597316 0.645022 0.655898 
0.500000 0.717044 0.597569 0.645042 0.655888 
0.500000 0.716059 0.597923 0.645100 0.655892 
0.500000 0.715082 0.598337 0.645181 0.655905 
0.500000 0.714120 0.598784 0.645276 0.655924 
0.675038 0.622459 0.622459 0.500000 0.500000 
0.500000 0.682468 0.599003 0.650778 0.500000 
0.500000 0.682113 0.626450 0.645428 0.657186 
0.500000 0.686178 0.617036 0.651684 0.655979 
0.500000 0.688057 0.620436 0.649544 0.657390 
0.500000 0.690389 0.618505 0.650318 0.656908 
0.500000 0.692214 0.618752 0.649879 0.657082 
0.500000 0.693946 0.618173 0.649935 0.656983 
0.500000 0.695462 0.617976 0.649803 0.656996 
0.500000 0.696840 0.617667 0.649758 0.656966 
0.675038 0.698077 0.617442 0.649688 0.656956 
0.500000 0.714634 0.617217 0.649637 0.656940 
0.500000 0.714641 0.613507 0.649585 0.656929 
0.500000 0.714432 0.614606 0.648740 0.656917 
0.500000 0.714326 0.614128 0.648991 0.656727 
0.500000 0.714187 0.614354 0.648882 0.656783 
0.500000 0.714071 0.614293 0.648933 0.656758 
0.500000 0.713956 0.614350 0.648919 0.656770 
0.500000 0.713849 0.614356 0.648932 0.656767 
0.500000 0.713747 0.614382 0.648934 0.656770 
0.675038 0.713651 0.614398 0.648940 0.656770 
0.500000 0.722320 0.614417 0.648943 0.656772 
0.500000 0.721961 0.612393 0.648948 0.656772 
0.500000 0.721536 0.613086 0.648487 0.656773 
0.500000 0.721149 0.612870 0.648644 0.656669 
0.500000 0.720756 0.613062 0.648595 0.656705 
0.500000 0.720378 0.613085 0.648639 0.656694 
0.500000 0.720006 0.613177 0.648644 0.656704 
0.500000 0.719645 0.613238 0.648665 0.656705 
0.500000 0.719294 0.613309 0.648679 0.656710 
0.675038 0.718954 0.613373 0.648695 0.656713 
0.500000 0.724916 0.613437 0.648710 0.656716 
0.500000 0.724526 0.612021 0.648724 0.656720 
0.500000 0.724097 0.612541 0.648402 0.656723 
0.500000 0.723682 0.612412 0.648520 0.656650 
0.500000 0.723261 0.612576 0.648491 0.656677 
0.500000 0.722845 0.612619 0.648528 0.656670 
0.500000 0.722431 0.612713 0.648538 0.656679 
0.500000 0.722021 0.612784 0.648559 0.656681 
0.500000 0.721617 0.612864 0.648576 0.656686 
0.675038 0.721219 0.612939 0.648594 0.656689 
0.500000 0.726029 0.613014 0.648611 0.656694 
0.500000 0.725647 0.611862 0.648628 0.656697 
0.500000 0.725233 0.612302 0.648365 0.656701 
0.500000 0.724824 0.612207 0.648466 0.656642 
0.500000 0.724406 0.612355 0.648444 0.656665 
0.500000 0.723989 0.612404 0.648478 0.656660 
0.500000 0.723569 0.612496 0.648489 0.656667 
0.500000 0.723151 0.612570 0.648510 0.656670 
0.500000 0.722734 0.612651 0.648527 0.656675 
0.675038 0.722321 0.612729 0.648545 0.656678 
0.500000 0.726572 0.612807 0.648563 0.656683 
0.500000 0.726199 0.611784 0.648581 0.656687 
0.500000 0.725797 0.612183 0.648348 0.656691 
0.500000 0.725396 0.612104 0.648439 0.656638 
0.500000 0.724985 0.612244 0.648421 0.656659 
0.500000 0.724571 0.612295 0.648453 0.656654 
0.500000 0.724153 0.612385 0.648464 0.656662 
0.500000 0.723734 0.612460 0.648485 0.656664 
0.500000 0.723315 0.612541 0.648502 0.656669 
0.675038 0.722898 0.612619 0.648520 0.656673 
0.500000 0.726857 0.612698 0.648538 0.656677 
0.500000 0.726491 0.611743 0.648556 0.656681 
0.500000 0.726097 0.612121 0.648338 0.656685 
0.500000 0.725701 0.612050 0.648424 0.656636 
0.500000 0.725295 0.612185 0.648408 0.656655 
0.500000 0.724884 0.612237 0.648439 0.656652 
0.500000 0.724468 0.612326 0.648451 0.656659 
0.500000 0.724050 0.612400 0.648471 0.656661 
0.500000 0.723631 0.612481 0.648488 0.656666 
0.675038 0.723212 0.612560 0.648507 0.656670 
0.500000 0.727012 0.612639 0.648524 0.656674 
0.500000 0.726650 0.611721 0.648543 0.656678 
0.500000 0.726261 0.612086 0.648333 0.656682 
0.500000 0.725869 0.612020 0.648417 0.656635 
0.500000 0.725466 0.612152 0.648402 0.656654 
0.500000 0.725057 0.612205 0.648432 0.656650 
0.500000 0.724643 0.612293 0.648444 0.656657 
0.500000 0.724225 0.612367 0.648464 0.656660 
0.500000 0.723806 0.612448 0.648481 0.656664 
0.675038 0.723387 0.612526 0.648499 0.656668 
0.500000 0.727099 0.612606 0.648517 0.656672 
0.500000 0.726740 0.611708 0.648535 0.656676 
0.500000 0.726353 0.612067 0.648330 0.656680 
0.500000 0.725963 0.612004 0.648412 0.656634 
0.500000 0.725562 0.612134 0.648398 0.656653 
0.500000 0.725154 0.612187 0.648427 0.656649 
0.500000 0.724741 0.612274 0.648439 0.656656 
0.500000 0.724325 0.612348 0.648459 0.656659 
0.500000 0.723906 0.612429 0.648476 0.656663 
0.675038 0.723487 0.612508 0.648495 0.656667 
0.500000 0.727148 0.612587 0.648513 0.656671 
0.500000 0.726791 0.611701 0.648531 0.656675 
0.500000 0.726405 0.612056 0.648329 0.656679 
0.500000 0.726017 0.611994 0.648410 0.656634 
0.500000 0.725616 0.612124 0.648396 0.656652 
0.500000 0.725210 0.612176 0.648425 0.656649 
0.500000 0.724797 0.612264 0.648437 0.656655 
0.500000 0.724381 0.612338 0.648457 0.656658 
0.500000 0.723963 0.612418 0.648474 0.656663 
0.675038 0.622459 0.622459 0.500000 0.500000 
0.500000 0.682468 0.599003 0.650778 0.500000 
0.500000 0.682113 0.621760 0.645428 0.657186 
0.500000 0.685514 0.618310 0.650619 0.655979 
0.500000 0.687705 0.619120 0.649834 0.657150 
0.500000 0.689875 0.618377 0.650018 0.656973 
0.500000 0.691749 0.618017 0.649849 0.657015 
0.500000 0.693433 0.617599 0.649767 0.656976 
0.500000 0.694935 0.617249 0.649672 0.656958 
0.500000 0.696282 0.616928 0.649593 0.656937 
0.675038 0.697492 0.616642 0.649520 0.656919 
0.500000 0.714293 0.616383 0.649454 0.656902 
0.500000 0.714274 0.612577 0.649396 0.656888 
0.500000 0.714030 0.612948 0.648528 0.656874 
0.500000 0.713849 0.612765 0.648613 0.656679 
0.500000 0.713661 0.612845 0.648571 0.656698 
0.500000 0.713486 0.612871 0.648590 0.656688 
0.500000 0.713320 0.612913 0.648595 0.656693 
0.500000 0.713164 0.612948 0.648605 0.656694 
0.500000 0.713016 0.612983 0.648613 0.656696 
0.675038 0.712876 0.613016 0.648621 0.656698 
0.500000 0.721897 0.613046 0.648628 0.656700 
0.500000 0.721501 0.610948 0.648635 0.656701 
0.500000 0.721034 0.611252 0.648157 0.656703 
0.500000 0.720592 0.611220 0.648226 0.656595 
0.500000 0.720153 0.611343 0.648219 0.656611 
0.500000 0.719724 0.611432 0.648247 0.656609 
0.500000 0.719304 0.611530 0.648267 0.656615 
0.500000 0.718896 0.611622 0.648290 0.656620 
0.500000 0.718500 0.611714 0.648311 0.656625 
0.675038 0.718116 0.611802 0.648332 0.656630 
0.500000 0.724469 0.611887 0.648352 0.656634 
0.500000 0.724041 0.610395 0.648371 0.656639 
0.500000 0.723568 0.610650 0.648031 0.656643 
0.500000 0.723104 0.610656 0.648089 0.656567 
0.500000 0.722636 0.610778 0.648091 0.656580 
0.500000 0.722171 0.610876 0.648118 0.656580 
0.500000 0.721709 0.610982 0.648141 0.656586 
0.500000 0.721253 0.611085 0.648165 0.656591 
0.500000 0.720803 0.611188 0.648188 0.656597 
0.675038 0.720360 0.611288 0.648212 0.656602 
0.500000 0.725574 0.611387 0.648235 0.656607 
0.500000 0.725153 0.610157 0.648257 0.656613 
0.500000 0.724695 0.610384 0.647977 0.656618 
0.500000 0.724237 0.610405 0.648029 0.656554 
0.500000 0.723772 0.610523 0.648033 0.656566 
0.500000 0.723306 0.610621 0.648060 0.656567 
0.500000 0.722839 0.610728 0.648083 0.656573 
0.500000 0.722372 0.610832 0.648107 0.656578 
0.500000 0.721909 0.610937 0.648131 0.656584 
0.675038 0.721450 0.611041 0.648154 0.656589 
0.500000 0.726113 0.611143 0.648178 0.656594 
0.500000 0.725701 0.610041 0.648202 0.656600 
0.500000 0.725254 0.610254 0.647950 0.656605 
0.500000 0.724804 0.610280 0.647999 0.656548 
0.500000 0.724345 0.610395 0.648005 0.656559 
0.500000 0.723882 0.610493 0.648031 0.656561 
0.500000 0.723416 0.610598 0.648053 0.656567 
0.500000 0.722948 0.610703 0.648077 0.656572 
0.500000 0.722482 0.610808 0.648101 0.656577 
0.675038 0.722017 0.610912 0.648125 0.656582 
0.500000 0.726394 0.611016 0.648149 0.656588 
0.500000 0.725988 0.609980 0.648173 0.656593 
0.500000 0.725548 0.610185 0.647936 0.656599 
0.500000 0.725104 0.610214 0.647983 0.656545 
0.500000 0.724649 0.610327 0.647990 0.656556 
0.500000 0.724189 0.610424 0.648015 0.656557 
0.500000 0.723725 0.610529 0.648038 0.656563 
0.500000 0.723258 0.610633 0.648061 0.656568 
0.500000 0.722791 0.610738 0.648085 0.656573 
0.675038 0.722325 0.610843 0.648109 0.656579 
0.500000 0.726546 0.610948 0.648133 0.656584 
0.500000 0.726144 0.609947 0.648157 0.656590 
0.500000 0.725709 0.610148 0.647929 0.656595 
0.500000 0.725268 0.610178 0.647975 0.656544 
0.500000 0.724816 0.610290 0.647981 0.656554 
0.500000 0.724358 0.610387 0.648007 0.656555 
0.500000 0.723895 0.610491 0.648029 0.656561 
0.500000 0.723429 0.610595 0.648053 0.656566 
0.500000 0.722961 0.610700 0.648076 0.656572 
0.675038 0.722495 0.610805 0.648100 0.656577 
0.500000 0.726631 0.610909 0.648124 0.656582 
0.500000 0.726230 0.609929 0.648148 0.656588 
0.500000 0.725798 0.610127 0.647925 0.656593 
0.500000 0.725359 0.610158 0.647970 0.656543 
0.500000 0.724909 0.610269 0.647977 0.656553 
0.500000 0.724452 0.610366 0.648002 0.656554 
0.500000 0.723990 0.610470 0.648024 0.656560 
0.500000 0.723524 0.610574 0.648048 0.656565 
0.500000 0.723057 0.610678 0.648072 0.656570 
0.675038 0.722590 0.610783 0.648096 0.656576 
0.500000 0.726678 0.610888 0.648119 0.656581 
0.500000 0.726279 0.609919 0.648143 0.656587 
0.500000 0.725848 0.610116 0.647922 0.656592 
0.500000 0.725410 0.610147 0.647967 0.656542 
0.500000 0.724961 0.610258 0.647974 0.656552 
0.500000 0.724505 0.610354 0.648000 0.656554 
0.500000 0.724043 0.610458 0.648022 0.656560 
0.500000 0.723578 0.610562 0.648045 0.656564 
0.500000 0.723111 0.610666 0.648069 0.656570 
