0.500000 0.440679 0.500000 0.323797 0.323797 0.500000 0.429546 0.429546 0.500000 
0.500000 0.440679 0.500000 0.306054 0.355411 0.292896 0.500000 0.343532 0.500000 
0.500000 0.440679 0.500000 0.290093 0.386503 0.292896 0.500000 0.329417 0.500000 
0.500000 0.440679 0.500000 0.275937 0.414437 0.292896 0.500000 0.315829 0.500000 
0.500000 0.440679 0.500000 0.500000 0.437580 0.292896 0.500000 0.303883 0.500000 
0.500000 0.440679 0.500000 0.500000 0.417077 0.292896 0.500000 0.294182 0.500000 
0.500000 0.440679 0.500000 0.500000 0.394586 0.292896 0.500000 0.302768 0.500000 
0.500000 0.440679 0.500000 0.500000 0.371197 0.292896 0.500000 0.312347 0.500000 
0.500000 0.440679 0.500000 0.500000 0.347998 0.292896 0.500000 0.322481 0.500000 
0.500000 0.440679 0.500000 0.500000 0.325894 0.292896 0.500000 0.332701 0.500000 
0.500000 0.440679 0.500000 0.500000 0.305510 0.292896 0.500000 0.342587 0.500000 
0.500000 0.440679 0.500000 0.500000 0.287184 0.292896 0.500000 0.351826 0.500000 
0.500000 0.440679 0.500000 0.500000 0.271014 0.292896 0.500000 0.360229 0.500000 
0.500000 0.440679 0.500000 0.500000 0.500000 0.292896 0.500000 0.367716 0.500000 
0.500000 0.440679 0.500000 0.500000 0.500000 0.292896 0.500000 0.500000 0.500000 
0.500000 0.440679 0.500000 0.500000 0.500000 0.292896 0.500000 0.500000 0.500000 
0.500000 0.440679 0.500000 0.500000 0.500000 0.292896 0.500000 0.500000 0.500000 
0.500000 0.440679 0.500000 0.500000 0.500000 0.292896 0.500000 0.500000 0.500000 
0.500000 0.440679 0.500000 0.500000 0.500000 0.292896 0.500000 0.500000 0.500000 
0.500000 0.440679 0.500000 0.500000 0.500000 0.292896 0.500000 0.500000 0.500000 
0.500000 0.440679 0.500000 0.500000 0.500000 0.292896 0.500000 0.500000 0.500000 
0.500000 0.440679 0.500000 0.500000 0.500000 0.292896 0.500000 0.500000 0.500000 
0.500000 0.440679 0.500000 0.500000 0.500000 0.292896 0.500000 0.500000 0.500000 
0.500000 0.440679 0.500000 0.500000 0.500000 0.292896 0.500000 0.500000 0.500000 
0.500000 0.440679 0.500000 0.500000 0.500000 0.292896 0.500000 0.500000 0.500000 
0.500000 0.440679 0.500000 0.500000 0.500000 0.292896 0.500000 0.500000 0.500000 
0.500000 0.440679 0.500000 0.500000 0.500000 0.292896 0.500000 0.500000 0.500000 
0.500000 0.440679 0.500000 0.500000 0.500000 0.292896 0.500000 0.500000 0.500000 
0.500000 0.440679 0.500000 0.500000 0.500000 0.292896 0.500000 0.500000 0.500000 
0.500000 0.440679 0.500000 0.500000 0.500000 0.292896 0.500000 0.500000 0.500000 
0.500000 0.440679 0.500000 0.500000 0.500000 0.292896 0.500000 0.500000 0.500000 
0.500000 0.440679 0.500000 0.500000 0.500000 0.292896 0.500000 0.500000 0.500000 
0.500000 0.440679 0.500000 0.500000 0.500000 0.292896 0.500000 0.500000 0.500000 
0.500000 0.440679 0.500000 0.500000 0.500000 0.292896 0.500000 0.500000 0.500000 
0.500000 0.440679 0.500000 0.500000 0.500000 0.292896 0.500000 0.500000 0.500000 
0.500000 0.440679 0.500000 0.500000 0.500000 0.292896 0.500000 0.500000 0.500000 
0.500000 0.440679 0.500000 0.500000 0.500000 0.292896 0.500000 0.500000 0.500000 
0.500000 0.440679 0.500000 0.500000 0.500000 0.292896 0.500000 0.500000 0.500000 
0.500000 0.440679 0.500000 0.500000 0.500000 0.292896 0.500000 0.500000 0.500000 
0.500000 0.440679 0.500000 0.500000 0.500000 0.292896 0.500000 0.500000 0.500000 
0.500000 0.440679 0.500000 0.500000 0.500000 0.292896 0.500000 0.500000 0.500000 
0.500000 0.440679 0.500000 0.500000 0.500000 0.292896 0.500000 0.500000 0.500000 
0.500000 0.440679 0.500000 0.500000 0.500000 0.292896 0.500000 0.500000 0.500000 
0.500000 0.440679 0.500000 0.500000 0.500000 0.292896 0.500000 0.500000 0.500000 
0.500000 0.440679 0.500000 0.500000 0.500000 0.292896 0.500000 0.500000 0.500000 
0.500000 0.440679 0.500000 0.500000 0.500000 0.292896 0.500000 0.500000 0.500000 
0.500000 0.440679 0.500000 0.500000 0.500000 0.292896 0.500000 0.500000 0.500000 
0.500000 0.440679 0.500000 0.500000 0.500000 0.292896 0.500000 0.500000 0.500000 
0.500000 0.440679 0.500000 0.500000 0.500000 0.292896 0.500000 0.500000 0.500000 
0.500000 0.440679 0.500000 0.500000 0.500000 0.292896 0.500000 0.500000 0.500000 
0.500000 0.440679 0.500000 0.500000 0.500000 0.292896 0.500000 0.500000 0.500000 
0.500000 0.440679 0.500000 0.500000 0.500000 0.292896 0.500000 0.500000 0.500000 
0.500000 0.440679 0.500000 0.500000 0.500000 0.292896 0.500000 0.500000 0.500000 
0.500000 0.440679 0.500000 0.500000 0.500000 0.292896 0.500000 0.500000 0.500000 
0.500000 0.440679 0.500000 0.500000 0.500000 0.292896 0.500000 0.500000 0.500000 
0.500000 0.440679 0.500000 0.500000 0.500000 0.292896 0.500000 0.500000 0.500000 
0.500000 0.440679 0.500000 0.500000 0.500000 0.292896 0.500000 0.500000 0.500000 
0.500000 0.440679 0.500000 0.500000 0.500000 0.292896 0.500000 0.500000 0.500000 
0.500000 0.440679 0.500000 0.500000 0.500000 0.292896 0.500000 0.500000 0.500000 
0.500000 0.440679 0.500000 0.500000 0.500000 0.292896 0.500000 0.500000 0.500000 
0.500000 0.440679 0.500000 0.500000 0.500000 0.292896 0.500000 0.500000 0.500000 
0.500000 0.440679 0.500000 0.500000 0.500000 0.292896 0.500000 0.500000 0.500000 
0.500000 0.440679 0.500000 0.500000 0.500000 0.292896 0.500000 0.500000 0.500000 
0.500000 0.440679 0.500000 0.500000 0.500000 0.292896 0.500000 0.500000 0.500000 
0.500000 0.440679 0.500000 0.500000 0.500000 0.292896 0.500000 0.500000 0.500000 
0.500000 0.440679 0.500000 0.500000 0.500000 0.292896 0.500000 0.500000 0.500000 
0.500000 0.440679 0.500000 0.500000 0.500000 0.292896 0.500000 0.500000 0.500000 
0.500000 0.440679 0.500000 0.500000 0.500000 0.292896 0.500000 0.500000 0.500000 
0.500000 0.440679 0.500000 0.500000 0.500000 0.292896 0.500000 0.500000 0.500000 
0.500000 0.440679 0.500000 0.500000 0.500000 0.292896 0.500000 0.500000 0.500000 
0.500000 0.440679 0.500000 0.500000 0.500000 0.292896 0.500000 0.500000 0.500000 
0.500000 0.440679 0.500000 0.500000 0.500000 0.292896 0.500000 0.500000 0.500000 
0.500000 0.440679 0.500000 0.500000 0.500000 0.292896 0.500000 0.500000 0.500000 
0.500000 0.440679 0.500000 0.500000 0.500000 0.292896 0.500000 0.500000 0.500000 
0.500000 0.440679 0.500000 0.500000 0.500000 0.292896 0.500000 0.500000 0.500000 
0.500000 0.440679 0.500000 0.500000 0.500000 0.292896 0.500000 0.500000 0.500000 
0.500000 0.440679 0.500000 0.500000 0.500000 0.292896 0.500000 0.500000 0.500000 
0.500000 0.440679 0.500000 0.500000 0.500000 0.292896 0.500000 0.500000 0.500000 
0.500000 0.440679 0.500000 0.500000 0.500000 0.292896 0.500000 0.500000 0.500000 
0.500000 0.440679 0.500000 0.500000 0.500000 0.292896 0.500000 0.500000 0.500000 
0.500000 0.440679 0.500000 0.500000 0.500000 0.292896 0.500000 0.500000 0.500000 
0.500000 0.440679 0.500000 0.500000 0.500000 0.292896 0.500000 0.500000 0.500000 
0.500000 0.440679 0.500000 0.500000 0.500000 0.292896 0.500000 0.500000 0.500000 
0.500000 0.440679 0.500000 0.500000 0.500000 0.292896 0.500000 0.500000 0.500000 
0.500000 0.440679 0.500000 0.500000 0.500000 0.292896 0.500000 0.500000 0.500000 
0.500000 0.440679 0.500000 0.500000 0.500000 0.292896 0.500000 0.500000 0.500000 
0.500000 0.440679 0.500000 0.500000 0.500000 0.292896 0.500000 0.500000 0.500000 
0.500000 0.440679 0.500000 0.500000 0.500000 0.292896 0.500000 0.500000 0.500000 
0.500000 0.440679 0.500000 0.500000 0.500000 0.292896 0.500000 0.500000 0.500000 
0.500000 0.440679 0.500000 0.500000 0.500000 0.292896 0.500000 0.500000 0.500000 
0.500000 0.440679 0.500000 0.500000 0.500000 0.292896 0.500000 0.500000 0.500000 
0.500000 0.440679 0.500000 0.500000 0.500000 0.292896 0.500000 0.500000 0.500000 
0.500000 0.440679 0.500000 0.500000 0.500000 0.292896 0.500000 0.500000 0.500000 
0.500000 0.440679 0.500000 0.500000 0.500000 0.292896 0.500000 0.500000 0.500000 
0.500000 0.440679 0.500000 0.500000 0.500000 0.292896 0.500000 0.500000 0.500000 
0.500000 0.440679 0.500000 0.500000 0.500000 0.292896 0.500000 0.500000 0.500000 
0.500000 0.440679 0.500000 0.500000 0.500000 0.292896 0.500000 0.500000 0.500000 
0.500000 0.440679 0.500000 0.500000 0.500000 0.292896 0.500000 0.500000 0.500000 
0.500000 0.440679 0.500000 0.500000 0.500000 0.292896 0.500000 0.500000 0.500000 
0.500000 0.440679 0.500000 0.500000 0.500000 0.292896 0.500000 0.500000 0.500000 
0.500000 0.440679 0.500000 0.323797 0.500000 0.500000 0.429546 0.429546 0.500000 
0.500000 0.440679 0.500000 0.306054 0.500000 0.292896 0.500000 0.500000 0.500000 
0.500000 0.440679 0.500000 0.290093 0.298725 0.292896 0.500000 0.500000 0.500000 
0.500000 0.440679 0.500000 0.275937 0.344801 0.292896 0.500000 0.354927 0.500000 
0.500000 0.440679 0.500000 0.500000 0.386840 0.292896 0.500000 0.334122 0.500000 
0.500000 0.440679 0.500000 0.500000 0.363399 0.292896 0.500000 0.315684 0.500000 
0.500000 0.440679 0.500000 0.500000 0.340477 0.292896 0.500000 0.325898 0.500000 
0.500000 0.440679 0.500000 0.500000 0.318891 0.292896 0.500000 0.336048 0.500000 
0.500000 0.440679 0.500000 0.500000 0.299169 0.292896 0.500000 0.345748 0.500000 
0.500000 0.440679 0.500000 0.500000 0.281559 0.292896 0.500000 0.354724 0.500000 
0.500000 0.440679 0.500000 0.500000 0.500000 0.292896 0.500000 0.362826 0.500000 
0.500000 0.440679 0.500000 0.500000 0.500000 0.292896 0.500000 0.500000 0.500000 
0.500000 0.440679 0.500000 0.500000 0.500000 0.292896 0.500000 0.500000 0.500000 
0.500000 0.440679 0.500000 0.500000 0.500000 0.292896 0.500000 0.500000 0.500000 
0.500000 0.440679 0.500000 0.500000 0.500000 0.292896 0.500000 0.500000 0.500000 
0.500000 0.440679 0.500000 0.500000 0.500000 0.292896 0.500000 0.500000 0.500000 
0.500000 0.440679 0.500000 0.500000 0.500000 0.292896 0.500000 0.500000 0.500000 
0.500000 0.440679 0.500000 0.500000 0.500000 0.292896 0.500000 0.500000 0.500000 
0.500000 0.440679 0.500000 0.500000 0.500000 0.292896 0.500000 0.500000 0.500000 
0.500000 0.440679 0.500000 0.500000 0.500000 0.292896 0.500000 0.500000 0.500000 
0.500000 0.440679 0.500000 0.500000 0.500000 0.292896 0.500000 0.500000 0.500000 
0.500000 0.440679 0.500000 0.500000 0.500000 0.292896 0.500000 0.500000 0.500000 
0.500000 0.440679 0.500000 0.500000 0.500000 0.292896 0.500000 0.500000 0.500000 
0.500000 0.440679 0.500000 0.500000 0.500000 0.292896 0.500000 0.500000 0.500000 
0.500000 0.440679 0.500000 0.500000 0.500000 0.292896 0.500000 0.500000 0.500000 
0.500000 0.440679 0.500000 0.500000 0.500000 0.292896 0.500000 0.500000 0.500000 
0.500000 0.440679 0.500000 0.500000 0.500000 0.292896 0.500000 0.500000 0.500000 
0.500000 0.440679 0.500000 0.500000 0.500000 0.292896 0.500000 0.500000 0.500000 
0.500000 0.440679 0.500000 0.500000 0.500000 0.292896 0.500000 0.500000 0.500000 
0.500000 0.440679 0.500000 0.500000 0.500000 0.292896 0.500000 0.500000 0.500000 
0.500000 0.440679 0.500000 0.500000 0.500000 0.292896 0.500000 0.500000 0.500000 
0.500000 0.440679 0.500000 0.500000 0.500000 0.292896 0.500000 0.500000 0.500000 
0.500000 0.440679 0.500000 0.500000 0.500000 0.292896 0.500000 0.500000 0.500000 
0.500000 0.440679 0.500000 0.500000 0.500000 0.292896 0.500000 0.500000 0.500000 
0.500000 0.440679 0.500000 0.500000 0.500000 0.292896 0.500000 0.500000 0.500000 
0.500000 0.440679 0.500000 0.500000 0.500000 0.292896 0.500000 0.500000 0.500000 
0.500000 0.440679 0.500000 0.500000 0.500000 0.292896 0.500000 0.500000 0.500000 
0.500000 0.440679 0.500000 0.500000 0.500000 0.292896 0.500000 0.500000 0.500000 
0.500000 0.440679 0.500000 0.500000 0.500000 0.292896 0.500000 0.500000 0.500000 
0.500000 0.440679 0.500000 0.500000 0.500000 0.292896 0.500000 0.500000 0.500000 
0.500000 0.440679 0.500000 0.500000 0.500000 0.292896 0.500000 0.500000 0.500000 
0.500000 0.440679 0.500000 0.500000 0.500000 0.292896 0.500000 0.500000 0.500000 
0.500000 0.440679 0.500000 0.500000 0.500000 0.292896 0.500000 0.500000 0.500000 
0.500000 0.440679 0.500000 0.500000 0.500000 0.292896 0.500000 0.500000 0.500000 
0.500000 0.440679 0.500000 0.500000 0.500000 0.292896 0.500000 0.500000 0.500000 
0.500000 0.440679 0.500000 0.500000 0.500000 0.292896 0.500000 0.500000 0.500000 
0.500000 0.440679 0.500000 0.500000 0.500000 0.292896 0.500000 0.500000 0.500000 
0.500000 0.440679 0.500000 0.500000 0.500000 0.292896 0.500000 0.500000 0.500000 
0.500000 0.440679 0.500000 0.500000 0.500000 0.292896 0.500000 0.500000 0.500000 
0.500000 0.440679 0.500000 0.500000 0.500000 0.292896 0.500000 0.500000 0.500000 
0.500000 0.440679 0.500000 0.500000 0.500000 0.292896 0.500000 0.500000 0.500000 
0.500000 0.440679 0.500000 0.500000 0.500000 0.292896 0.500000 0.500000 0.500000 
0.500000 0.440679 0.500000 0.500000 0.500000 0.292896 0.500000 0.500000 0.500000 
0.500000 0.440679 0.500000 0.500000 0.500000 0.292896 0.500000 0.500000 0.500000 
0.500000 0.440679 0.500000 0.500000 0.500000 0.292896 0.500000 0.500000 0.500000 
0.500000 0.440679 0.500000 0.500000 0.500000 0.292896 0.500000 0.500000 0.500000 
0.500000 0.440679 0.500000 0.500000 0.500000 0.292896 0.500000 0.500000 0.500000 
0.500000 0.440679 0.500000 0.500000 0.500000 0.292896 0.500000 0.500000 0.500000 
0.500000 0.440679 0.500000 0.500000 0.500000 0.292896 0.500000 0.500000 0.500000 
0.500000 0.440679 0.500000 0.500000 0.500000 0.292896 0.500000 0.500000 0.500000 
0.500000 0.440679 0.500000 0.500000 0.500000 0.292896 0.500000 0.500000 0.500000 
0.500000 0.440679 0.500000 0.500000 0.500000 0.292896 0.500000 0.500000 0.500000 
0.500000 0.440679 0.500000 0.500000 0.500000 0.292896 0.500000 0.500000 0.500000 
0.500000 0.440679 0.500000 0.500000 0.500000 0.292896 0.500000 0.500000 0.500000 
0.500000 0.440679 0.500000 0.500000 0.500000 0.292896 0.500000 0.500000 0.500000 
0.500000 0.440679 0.500000 0.500000 0.500000 0.292896 0.500000 0.500000 0.500000 
0.500000 0.440679 0.500000 0.500000 0.500000 0.292896 0.500000 0.500000 0.500000 
0.500000 0.440679 0.500000 0.500000 0.500000 0.292896 0.500000 0.500000 0.500000 
0.500000 0.440679 0.500000 0.500000 0.500000 0.292896 0.500000 0.500000 0.500000 
0.500000 0.440679 0.500000 0.500000 0.500000 0.292896 0.500000 0.500000 0.500000 
0.500000 0.440679 0.500000 0.500000 0.500000 0.292896 0.500000 0.500000 0.500000 
0.500000 0.440679 0.500000 0.500000 0.500000 0.292896 0.500000 0.500000 0.500000 
0.500000 0.440679 0.500000 0.500000 0.500000 0.292896 0.500000 0.500000 0.500000 
0.500000 0.440679 0.500000 0.500000 0.500000 0.292896 0.500000 0.500000 0.500000 
0.500000 0.440679 0.500000 0.500000 0.500000 0.292896 0.500000 0.500000 0.500000 
0.500000 0.440679 0.500000 0.500000 0.500000 0.292896 0.500000 0.500000 0.500000 
0.500000 0.440679 0.500000 0.500000 0.500000 0.292896 0.500000 0.500000 0.500000 
0.500000 0.440679 0.500000 0.500000 0.500000 0.292896 0.500000 0.500000 0.500000 
0.500000 0.440679 0.500000 0.500000 0.500000 0.292896 0.500000 0.500000 0.500000 
0.500000 0.440679 0.500000 0.500000 0.500000 0.292896 0.500000 0.500000 0.500000 
0.500000 0.440679 0.500000 0.500000 0.500000 0.292896 0.500000 0.500000 0.500000 
0.500000 0.440679 0.500000 0.500000 0.500000 0.292896 0.500000 0.500000 0.500000 
0.500000 0.440679 0.500000 0.500000 0.500000 0.292896 0.500000 0.500000 0.500000 
0.500000 0.440679 0.500000 0.500000 0.500000 0.292896 0.500000 0.500000 0.500000 
0.500000 0.440679 0.500000 0.500000 0.500000 0.292896 0.500000 0.500000 0.500000 
0.500000 0.440679 0.500000 0.500000 0.500000 0.292896 0.500000 0.500000 0.500000 
0.500000 0.440679 0.500000 0.500000 0.500000 0.292896 0.500000 0.500000 0.500000 
0.500000 0.440679 0.500000 0.500000 0.500000 0.292896 0.500000 0.500000 0.500000 
0.500000 0.440679 0.500000 0.500000 0.500000 0.292896 0.500000 0.500000 0.500000 
0.500000 0.440679 0.500000 0.500000 0.500000 0.292896 0.500000 0.500000 0.500000 
0.500000 0.440679 0.500000 0.500000 0.500000 0.292896 0.500000 0.500000 0.500000 
0.500000 0.440679 0.500000 0.500000 0.500000 0.292896 0.500000 0.500000 0.500000 
0.500000 0.440679 0.500000 0.500000 0.500000 0.292896 0.500000 0.500000 0.500000 
0.500000 0.440679 0.500000 0.500000 0.500000 0.292896 0.500000 0.500000 0.500000 
0.500000 0.440679 0.500000 0.500000 0.500000 0.292896 0.500000 0.500000 0.500000 
0.500000 0.440679 0.500000 0.500000 0.500000 0.292896 0.500000 0.500000 0.500000 
0.500000 0.440679 0.500000 0.500000 0.500000 0.292896 0.500000 0.500000 0.500000 
0.500000 0.440679 0.500000 0.500000 0.500000 0.292896 0.500000 0.500000 0.500000 
0.500000 0.440679 0.500000 0.500000 0.500000 0.292896 0.500000 0.500000 0.500000 
0.500000 0.440679 0.500000 0.500000 0.500000 0.292896 0.500000 0.500000 0.500000 
0.500000 0.440679 0.500000 0.323797 0.323797 0.500000 0.429546 0.429546 0.500000 
0.500000 0.440679 0.500000 0.306054 0.355411 0.292896 0.500000 0.343532 0.500000 
0.500000 0.440679 0.500000 0.290093 0.386503 0.292896 0.500000 0.329417 0.500000 
0.500000 0.440679 0.500000 0.275937 0.414437 0.292896 0.500000 0.315829 0.500000 
0.500000 0.440679 0.500000 0.500000 0.437580 0.292896 0.500000 0.303883 0.500000 
0.500000 0.440679 0.279016 0.500000 0.417077 0.292896 0.500000 0.294182 0.500000 
0.500000 0.440679 0.291959 0.270246 0.361352 0.292896 0.364003 0.302768 0.500000 
0.500000 0.440679 0.296521 0.284770 0.371128 0.292896 0.358031 0.326798 0.500000 
0.500000 0.440679 0.301934 0.297417 0.375914 0.292896 0.355937 0.322511 0.500000 
0.500000 0.440679 0.307444 0.308086 0.377280 0.292896 0.353459 0.320423 0.500000 
0.500000 0.440679 0.312581 0.316885 0.376299 0.292896 0.350945 0.319828 0.500000 
0.500000 0.440679 0.317070 0.324035 0.373710 0.292896 0.348608 0.320255 0.500000 
0.500000 0.440679 0.320761 0.329796 0.370024 0.292896 0.346572 0.321384 0.500000 
0.500000 0.440679 0.323592 0.334431 0.365593 0.292896 0.344902 0.322994 0.500000 
0.500000 0.440679 0.325552 0.338185 0.360654 0.292896 0.343624 0.324934 0.500000 
0.500000 0.440679 0.326662 0.341276 0.355354 0.292896 0.342741 0.327105 0.500000 
0.500000 0.440679 0.326958 0.343892 0.349770 0.292896 0.342241 0.329442 0.500000 
0.500000 0.440679 0.326479 0.346194 0.343926 0.292896 0.342108 0.331914 0.500000 
0.500000 0.440679 0.325261 0.348319 0.337802 0.292896 0.342323 0.334511 0.500000 
0.500000 0.440679 0.323330 0.350383 0.331345 0.292896 0.342872 0.337243 0.500000 
0.500000 0.440679 0.320701 0.352487 0.324477 0.292896 0.343743 0.340136 0.500000 
0.500000 0.440679 0.317373 0.354717 0.317098 0.292896 0.344930 0.343225 0.500000 
0.500000 0.440679 0.313330 0.357150 0.309100 0.292896 0.346435 0.346560 0.500000 
0.500000 0.440679 0.308540 0.359856 0.300363 0.292896 0.348268 0.350191 0.500000 
0.500000 0.440679 0.302957 0.362898 0.290772 0.292896 0.350446 0.354178 0.500000 
0.500000 0.440679 0.296524 0.366339 0.280226 0.292896 0.352992 0.358577 0.500000 
0.500000 0.440679 0.289176 0.370236 0.500000 0.292896 0.355936 0.363443 0.500000 
0.500000 0.440679 0.311530 0.374644 0.500000 0.292896 0.359312 0.500000 0.500000 
0.500000 0.440679 0.331557 0.375721 0.500000 0.292896 0.349086 0.500000 0.500000 
0.500000 0.440679 0.349114 0.374236 0.500000 0.292896 0.340040 0.500000 0.500000 
0.500000 0.440679 0.364282 0.370770 0.500000 0.292896 0.332205 0.500000 0.500000 
0.500000 0.440679 0.377268 0.365779 0.500000 0.292896 0.325510 0.500000 0.500000 
0.500000 0.440679 0.388330 0.359632 0.500000 0.292896 0.319834 0.500000 0.500000 
0.500000 0.440679 0.397736 0.352639 0.500000 0.292896 0.315040 0.500000 0.500000 
0.500000 0.440679 0.405733 0.345063 0.273403 0.292896 0.310995 0.500000 0.500000 
0.500000 0.440679 0.390077 0.337133 0.288322 0.292896 0.307578 0.366606 0.500000 
0.500000 0.440679 0.376623 0.331879 0.301824 0.292896 0.314287 0.359705 0.500000 
0.500000 0.440679 0.365569 0.328846 0.313387 0.292896 0.320115 0.353510 0.500000 
0.500000 0.440679 0.356776 0.327549 0.322801 0.292896 0.324945 0.348243 0.500000 
0.500000 0.440679 0.349921 0.327542 0.330082 0.292896 0.328815 0.343981 0.500000 
0.500000 0.440679 0.344625 0.328447 0.335374 0.292896 0.331847 0.340703 0.500000 
0.500000 0.440679 0.340515 0.329970 0.338881 0.292896 0.334200 0.338329 0.500000 
0.500000 0.440679 0.337258 0.331891 0.340815 0.292896 0.336031 0.336761 0.500000 
0.500000 0.440679 0.334570 0.334054 0.341370 0.292896 0.337486 0.335898 0.500000 
0.500000 0.440679 0.332216 0.336356 0.340715 0.292896 0.338689 0.335650 0.500000 
0.500000 0.440679 0.330001 0.338737 0.338983 0.292896 0.339745 0.335942 0.500000 
0.500000 0.440679 0.327768 0.341169 0.336273 0.292896 0.340739 0.336715 0.500000 
0.500000 0.440679 0.325382 0.343648 0.332652 0.292896 0.341743 0.337927 0.500000 
0.500000 0.440679 0.322733 0.346186 0.328156 0.292896 0.342817 0.339549 0.500000 
0.500000 0.440679 0.319720 0.348812 0.322794 0.292896 0.344012 0.341568 0.500000 
0.500000 0.440679 0.316252 0.351562 0.316549 0.292896 0.345373 0.343985 0.500000 
0.500000 0.440679 0.312241 0.354482 0.309383 0.292896 0.346943 0.346809 0.500000 
0.500000 0.440679 0.307600 0.357620 0.301246 0.292896 0.348763 0.350062 0.500000 
0.500000 0.440679 0.302241 0.361031 0.292076 0.292896 0.350874 0.353774 0.500000 
0.500000 0.440679 0.296075 0.364774 0.281818 0.292896 0.353319 0.357978 0.500000 
0.500000 0.440679 0.289015 0.368908 0.270434 0.292896 0.356142 0.362707 0.500000 
0.500000 0.440679 0.280983 0.373492 0.500000 0.292896 0.359386 0.367986 0.500000 
0.500000 0.440679 0.304050 0.378582 0.500000 0.292896 0.363093 0.500000 0.500000 
0.500000 0.440679 0.324912 0.380170 0.500000 0.292896 0.352493 0.500000 0.500000 
0.500000 0.440679 0.343323 0.379063 0.500000 0.292896 0.343029 0.500000 0.500000 
0.500000 0.440679 0.359298 0.375868 0.500000 0.292896 0.334780 0.500000 0.500000 
0.500000 0.440679 0.373010 0.371054 0.500000 0.292896 0.327702 0.500000 0.500000 
0.500000 0.440679 0.384707 0.364998 0.500000 0.292896 0.321689 0.500000 0.500000 
0.500000 0.440679 0.394656 0.358016 0.500000 0.292896 0.316606 0.500000 0.500000 
0.500000 0.440679 0.403113 0.350381 0.500000 0.292896 0.312316 0.500000 0.500000 
0.500000 0.440679 0.410311 0.342328 0.269761 0.292896 0.308695 0.500000 0.500000 
0.500000 0.440679 0.394221 0.334063 0.286589 0.292896 0.305632 0.368299 0.500000 
0.500000 0.440679 0.380410 0.328565 0.301950 0.292896 0.312503 0.360504 0.500000 
0.500000 0.440679 0.369161 0.325362 0.315236 0.292896 0.318468 0.353452 0.500000 
0.500000 0.440679 0.360353 0.323938 0.326210 0.292896 0.323371 0.347404 0.500000 
0.500000 0.440679 0.353657 0.323816 0.334906 0.292896 0.327238 0.342444 0.500000 
0.500000 0.440679 0.348671 0.324598 0.341511 0.292896 0.330193 0.338539 0.500000 
0.500000 0.440679 0.345002 0.325969 0.346278 0.292896 0.332402 0.335587 0.500000 
0.500000 0.440679 0.342302 0.327694 0.349468 0.292896 0.334032 0.333465 0.500000 
0.500000 0.440679 0.340277 0.329607 0.351322 0.292896 0.335235 0.332048 0.500000 
0.500000 0.440679 0.338692 0.331597 0.352049 0.292896 0.336137 0.331226 0.500000 
0.500000 0.440679 0.337358 0.333596 0.351821 0.292896 0.336845 0.330904 0.500000 
0.500000 0.440679 0.336123 0.335570 0.350772 0.292896 0.337442 0.331005 0.500000 
0.500000 0.440679 0.334872 0.337507 0.349007 0.292896 0.337994 0.331470 0.500000 
0.500000 0.440679 0.333509 0.339412 0.346596 0.292896 0.338554 0.332253 0.500000 
0.500000 0.440679 0.331958 0.341303 0.343585 0.292896 0.339165 0.333324 0.500000 
0.500000 0.440679 0.330155 0.343205 0.339994 0.292896 0.339861 0.334663 0.500000 
0.500000 0.440679 0.328044 0.345151 0.335822 0.292896 0.340670 0.336264 0.500000 
0.500000 0.440679 0.325570 0.347177 0.331046 0.292896 0.341619 0.338129 0.500000 
0.500000 0.440679 0.322681 0.349320 0.325627 0.292896 0.342733 0.340270 0.500000 
0.500000 0.440679 0.319320 0.351622 0.319507 0.292896 0.344036 0.342707 0.500000 
0.500000 0.440679 0.315428 0.354126 0.312617 0.292896 0.345554 0.345469 0.500000 
0.500000 0.440679 0.310936 0.356880 0.304875 0.292896 0.347317 0.348592 0.500000 
0.500000 0.440679 0.305773 0.359930 0.296197 0.292896 0.349356 0.352116 0.500000 
0.500000 0.440679 0.299856 0.363329 0.286500 0.292896 0.351707 0.356086 0.500000 
0.500000 0.440679 0.293104 0.367129 0.275719 0.292896 0.354409 0.360545 0.500000 
0.500000 0.440679 0.285436 0.371384 0.500000 0.292896 0.357505 0.365531 0.500000 
0.500000 0.440679 0.308126 0.376144 0.500000 0.292896 0.361036 0.500000 0.500000 
0.500000 0.440679 0.328540 0.377487 0.500000 0.292896 0.350634 0.500000 0.500000 
0.500000 0.440679 0.346488 0.376199 0.500000 0.292896 0.341396 0.500000 0.500000 
0.500000 0.440679 0.362024 0.372877 0.500000 0.292896 0.333371 0.500000 0.500000 
0.500000 0.440679 0.375340 0.367983 0.500000 0.292896 0.326502 0.500000 0.500000 
0.500000 0.440679 0.386690 0.361892 0.500000 0.292896 0.320673 0.500000 0.500000 
0.500000 0.440679 0.396342 0.354916 0.500000 0.292896 0.315748 0.500000 0.500000 
0.500000 0.440679 0.404547 0.347325 0.500000 0.292896 0.311593 0.500000 0.500000 
0.500000 0.440679 0.500000 0.323797 0.323797 0.500000 0.429546 0.429546 0.500000 
0.500000 0.440679 0.500000 0.306054 0.355411 0.292896 0.500000 0.343532 0.500000 
0.500000 0.440679 0.500000 0.290093 0.386503 0.292896 0.500000 0.329417 0.500000 
0.500000 0.440679 0.500000 0.275937 0.414437 0.292896 0.500000 0.315829 0.500000 
0.500000 0.440679 0.500000 0.500000 0.437580 0.292896 0.500000 0.303883 0.500000 
0.500000 0.440679 0.279016 0.500000 0.417077 0.292896 0.500000 0.294182 0.500000 
0.500000 0.440679 0.291959 0.270246 0.361352 0.292896 0.364003 0.302768 0.500000 
0.500000 0.440679 0.296521 0.284770 0.371128 0.292896 0.358031 0.326798 0.500000 
0.500000 0.440679 0.301934 0.297417 0.375914 0.292896 0.355937 0.322511 0.500000 
0.500000 0.440679 0.307444 0.308086 0.377280 0.292896 0.353459 0.320423 0.500000 
0.500000 0.440679 0.312581 0.316885 0.376299 0.292896 0.350945 0.319828 0.500000 
0.500000 0.440679 0.317070 0.324035 0.373710 0.292896 0.348608 0.320255 0.500000 
0.500000 0.440679 0.320761 0.329796 0.370024 0.292896 0.346572 0.321384 0.500000 
0.500000 0.440679 0.323592 0.334431 0.365593 0.292896 0.344902 0.322994 0.500000 
0.500000 0.440679 0.325552 0.338185 0.360654 0.292896 0.343624 0.324934 0.500000 
0.500000 0.440679 0.326662 0.341276 0.355354 0.292896 0.342741 0.327105 0.500000 
0.500000 0.440679 0.326958 0.343892 0.349770 0.292896 0.342241 0.329442 0.500000 
0.500000 0.440679 0.326479 0.346194 0.343926 0.292896 0.342108 0.331914 0.500000 
0.500000 0.440679 0.325261 0.348319 0.337802 0.292896 0.342323 0.334511 0.500000 
0.500000 0.440679 0.323330 0.350383 0.331345 0.292896 0.342872 0.337243 0.500000 
0.500000 0.440679 0.320701 0.352487 0.324477 0.292896 0.343743 0.340136 0.500000 
0.500000 0.440679 0.317373 0.354717 0.317098 0.292896 0.344930 0.343225 0.500000 
0.500000 0.440679 0.313330 0.357150 0.309100 0.292896 0.346435 0.346560 0.500000 
0.500000 0.440679 0.308540 0.359856 0.300363 0.292896 0.348268 0.350191 0.500000 
0.500000 0.440679 0.302957 0.362898 0.290772 0.292896 0.350446 0.354178 0.500000 
0.500000 0.440679 0.296524 0.366339 0.280226 0.292896 0.352992 0.358577 0.500000 
0.500000 0.440679 0.289176 0.370236 0.500000 0.292896 0.355936 0.363443 0.500000 
0.500000 0.440679 0.311530 0.374644 0.500000 0.292896 0.359312 0.500000 0.500000 
0.500000 0.440679 0.331557 0.375721 0.500000 0.292896 0.349086 0.500000 0.500000 
0.500000 0.440679 0.349114 0.374236 0.500000 0.292896 0.340040 0.500000 0.500000 
0.500000 0.440679 0.364282 0.370770 0.500000 0.292896 0.332205 0.500000 0.500000 
0.500000 0.440679 0.377268 0.365779 0.500000 0.292896 0.325510 0.500000 0.500000 
0.500000 0.440679 0.388330 0.359632 0.500000 0.292896 0.319834 0.500000 0.500000 
0.500000 0.440679 0.397736 0.352639 0.500000 0.292896 0.315040 0.500000 0.500000 
0.500000 0.440679 0.405733 0.345063 0.273403 0.292896 0.310995 0.500000 0.500000 
0.500000 0.440679 0.390077 0.337133 0.288322 0.292896 0.307578 0.366606 0.500000 
0.500000 0.440679 0.376623 0.331879 0.301824 0.292896 0.314287 0.359705 0.500000 
0.500000 0.440679 0.365569 0.328846 0.313387 0.292896 0.320115 0.353510 0.500000 
0.500000 0.440679 0.356776 0.327549 0.322801 0.292896 0.324945 0.348243 0.500000 
0.500000 0.440679 0.349921 0.327542 0.330082 0.292896 0.328815 0.343981 0.500000 
0.500000 0.440679 0.344625 0.328447 0.335374 0.292896 0.331847 0.340703 0.500000 
0.500000 0.440679 0.340515 0.329970 0.338881 0.292896 0.334200 0.338329 0.500000 
0.500000 0.440679 0.337258 0.331891 0.340815 0.292896 0.336031 0.336761 0.500000 
0.500000 0.440679 0.334570 0.334054 0.341370 0.292896 0.337486 0.335898 0.500000 
0.500000 0.440679 0.332216 0.336356 0.340715 0.292896 0.338689 0.335650 0.500000 
0.500000 0.440679 0.330001 0.338737 0.338983 0.292896 0.339745 0.335942 0.500000 
0.500000 0.440679 0.327768 0.341169 0.336273 0.292896 0.340739 0.336715 0.500000 
0.500000 0.440679 0.325382 0.343648 0.332652 0.292896 0.341743 0.337927 0.500000 
0.500000 0.440679 0.322733 0.346186 0.328156 0.292896 0.342817 0.339549 0.500000 
0.500000 0.440679 0.319720 0.348812 0.322794 0.292896 0.344012 0.341568 0.500000 
0.500000 0.440679 0.316252 0.351562 0.316549 0.292896 0.345373 0.343985 0.500000 
0.500000 0.440679 0.312241 0.354482 0.309383 0.292896 0.346943 0.346809 0.500000 
0.500000 0.440679 0.307600 0.357620 0.301246 0.292896 0.348763 0.350062 0.500000 
0.500000 0.440679 0.302241 0.361031 0.292076 0.292896 0.350874 0.353774 0.500000 
0.500000 0.440679 0.296075 0.364774 0.281818 0.292896 0.353319 0.357978 0.500000 
0.500000 0.440679 0.289015 0.368908 0.270434 0.292896 0.356142 0.362707 0.500000 
0.500000 0.440679 0.280983 0.373492 0.500000 0.292896 0.359386 0.367986 0.500000 
0.500000 0.440679 0.304050 0.378582 0.500000 0.292896 0.363093 0.500000 0.500000 
0.500000 0.440679 0.324912 0.380170 0.500000 0.292896 0.352493 0.500000 0.500000 
0.500000 0.440679 0.343323 0.379063 0.500000 0.292896 0.343029 0.500000 0.500000 
0.500000 0.440679 0.359298 0.375868 0.500000 0.292896 0.334780 0.500000 0.500000 
0.500000 0.440679 0.373010 0.371054 0.500000 0.292896 0.327702 0.500000 0.500000 
0.500000 0.440679 0.384707 0.364998 0.500000 0.292896 0.321689 0.500000 0.500000 
0.500000 0.440679 0.394656 0.358016 0.500000 0.292896 0.316606 0.500000 0.500000 
0.500000 0.440679 0.403113 0.350381 0.500000 0.292896 0.312316 0.500000 0.500000 
0.500000 0.440679 0.410311 0.342328 0.269761 0.292896 0.308695 0.500000 0.500000 
0.500000 0.440679 0.394221 0.334063 0.286589 0.292896 0.305632 0.368299 0.500000 
0.500000 0.440679 0.380410 0.328565 0.301950 0.292896 0.312503 0.360504 0.500000 
0.500000 0.440679 0.369161 0.325362 0.315236 0.292896 0.318468 0.353452 0.500000 
0.500000 0.440679 0.360353 0.323938 0.326210 0.292896 0.323371 0.347404 0.500000 
0.500000 0.440679 0.353657 0.323816 0.334906 0.292896 0.327238 0.342444 0.500000 
0.500000 0.440679 0.348671 0.324598 0.341511 0.292896 0.330193 0.338539 0.500000 
0.500000 0.440679 0.345002 0.325969 0.346278 0.292896 0.332402 0.335587 0.500000 
0.500000 0.440679 0.342302 0.327694 0.349468 0.292896 0.334032 0.333465 0.500000 
0.500000 0.440679 0.340277 0.329607 0.351322 0.292896 0.335235 0.332048 0.500000 
0.500000 0.440679 0.338692 0.331597 0.352049 0.292896 0.336137 0.331226 0.500000 
0.500000 0.440679 0.337358 0.333596 0.351821 0.292896 0.336845 0.330904 0.500000 
0.500000 0.440679 0.336123 0.335570 0.350772 0.292896 0.337442 0.331005 0.500000 
0.500000 0.440679 0.334872 0.337507 0.349007 0.292896 0.337994 0.331470 0.500000 
0.500000 0.440679 0.333509 0.339412 0.346596 0.292896 0.338554 0.332253 0.500000 
0.500000 0.440679 0.331958 0.341303 0.343585 0.292896 0.339165 0.333324 0.500000 
0.500000 0.440679 0.330155 0.343205 0.339994 0.292896 0.339861 0.334663 0.500000 
0.500000 0.440679 0.328044 0.345151 0.335822 0.292896 0.340670 0.336264 0.500000 
0.500000 0.440679 0.325570 0.347177 0.331046 0.292896 0.341619 0.338129 0.500000 
0.500000 0.440679 0.322681 0.349320 0.325627 0.292896 0.342733 0.340270 0.500000 
0.500000 0.440679 0.319320 0.351622 0.319507 0.292896 0.344036 0.342707 0.500000 
0.500000 0.440679 0.315428 0.354126 0.312617 0.292896 0.345554 0.345469 0.500000 
0.500000 0.440679 0.310936 0.356880 0.304875 0.292896 0.347317 0.348592 0.500000 
0.500000 0.440679 0.305773 0.359930 0.296197 0.292896 0.349356 0.352116 0.500000 
0.500000 0.440679 0.299856 0.363329 0.286500 0.292896 0.351707 0.356086 0.500000 
0.500000 0.440679 0.293104 0.367129 0.275719 0.292896 0.354409 0.360545 0.500000 
0.500000 0.440679 0.285436 0.371384 0.500000 0.292896 0.357505 0.365531 0.500000 
0.500000 0.440679 0.308126 0.376144 0.500000 0.292896 0.361036 0.500000 0.500000 
0.500000 0.440679 0.328540 0.377487 0.500000 0.292896 0.350634 0.500000 0.500000 
0.500000 0.440679 0.346488 0.376199 0.500000 0.292896 0.341396 0.500000 0.500000 
0.500000 0.440679 0.362024 0.372877 0.500000 0.292896 0.333371 0.500000 0.500000 
0.500000 0.440679 0.375340 0.367983 0.500000 0.292896 0.326502 0.500000 0.500000 
0.500000 0.440679 0.386690 0.361892 0.500000 0.292896 0.320673 0.500000 0.500000 
0.500000 0.440679 0.396342 0.354916 0.500000 0.292896 0.315748 0.500000 0.500000 
0.500000 0.440679 0.404547 0.347325 0.500000 0.292896 0.311593 0.500000 0.500000 
