0.500000 0.440679 0.500000 0.268941 0.500000 0.500000 0.500000 0.500000 0.500000 
0.500000 0.440679 0.500000 0.257399 0.500000 0.500000 0.500000 0.500000 0.500000 
0.500000 0.440679 0.500000 0.247356 0.377653 0.500000 0.500000 0.500000 0.500000 
0.500000 0.440679 0.500000 0.238644 0.418529 0.500000 0.500000 0.319666 0.500000 
0.500000 0.440679 0.500000 0.231094 0.447197 0.500000 0.500000 0.302155 0.500000 
0.500000 0.440679 0.500000 0.224551 0.466042 0.500000 0.500000 0.290204 0.500000 
0.500000 0.440679 0.500000 0.218876 0.478049 0.500000 0.500000 0.282502 0.500000 
0.500000 0.440679 0.500000 0.213947 0.485626 0.500000 0.500000 0.277660 0.500000 
0.500000 0.440679 0.376266 0.209658 0.490421 0.500000 0.500000 0.274631 0.500000 
0.500000 0.440679 0.386512 0.238393 0.492053 0.500000 0.320270 0.272725 0.500000 
0.500000 0.440679 0.395430 0.264747 0.492602 0.500000 0.315825 0.272078 0.500000 
0.500000 0.440679 0.403099 0.287136 0.492472 0.500000 0.311984 0.271861 0.500000 
0.500000 0.440679 0.409648 0.305203 0.491842 0.500000 0.308701 0.271912 0.500000 
0.500000 0.440679 0.415209 0.319284 0.490792 0.500000 0.305913 0.272161 0.500000 
0.500000 0.440679 0.419908 0.329988 0.489358 0.500000 0.303557 0.272578 0.500000 
0.500000 0.440679 0.423855 0.337952 0.487566 0.500000 0.301573 0.273147 0.500000 
0.500000 0.440679 0.427144 0.343747 0.485444 0.500000 0.299913 0.273859 0.500000 
0.500000 0.440679 0.429854 0.347849 0.483031 0.500000 0.298534 0.274703 0.500000 
0.500000 0.440679 0.432056 0.350647 0.480378 0.500000 0.297400 0.275666 0.500000 
0.500000 0.440679 0.433809 0.352455 0.477548 0.500000 0.296481 0.276727 0.500000 
0.500000 0.440679 0.435165 0.353525 0.474607 0.500000 0.295750 0.277861 0.500000 
0.500000 0.440679 0.436171 0.354060 0.471625 0.500000 0.295186 0.279043 0.500000 
0.500000 0.440679 0.436870 0.354227 0.468664 0.500000 0.294767 0.280244 0.500000 
0.500000 0.440679 0.437301 0.354159 0.465777 0.500000 0.294477 0.281440 0.500000 
0.500000 0.440679 0.437499 0.353962 0.463002 0.500000 0.294298 0.282610 0.500000 
0.500000 0.440679 0.437495 0.353724 0.460364 0.500000 0.294215 0.283736 0.500000 
0.500000 0.440679 0.437320 0.353510 0.457873 0.500000 0.294217 0.284810 0.500000 
0.500000 0.440679 0.436998 0.353372 0.455527 0.500000 0.294290 0.285825 0.500000 
0.500000 0.440679 0.436552 0.353349 0.453313 0.500000 0.294423 0.286784 0.500000 
0.500000 0.440679 0.436001 0.353468 0.451209 0.500000 0.294609 0.287691 0.500000 
0.500000 0.440679 0.435360 0.353748 0.449187 0.500000 0.294838 0.288554 0.500000 
0.500000 0.440679 0.434641 0.354200 0.447216 0.500000 0.295105 0.289385 0.500000 
0.500000 0.440679 0.433853 0.354831 0.445263 0.500000 0.295404 0.290196 0.500000 
0.500000 0.440679 0.433001 0.355643 0.443293 0.500000 0.295732 0.291001 0.500000 
0.500000 0.440679 0.432089 0.356638 0.441269 0.500000 0.296087 0.291815 0.500000 
0.500000 0.440679 0.431115 0.357814 0.439158 0.500000 0.296467 0.292652 0.500000 
0.500000 0.440679 0.430076 0.359169 0.436922 0.500000 0.296874 0.293527 0.500000 
0.500000 0.440679 0.428967 0.360703 0.434525 0.500000 0.297308 0.294455 0.500000 
0.500000 0.440679 0.427779 0.362416 0.431930 0.500000 0.297771 0.295452 0.500000 
0.500000 0.440679 0.426501 0.364311 0.429097 0.500000 0.298268 0.296533 0.500000 
0.500000 0.440679 0.425119 0.366391 0.425982 0.500000 0.298803 0.297717 0.500000 
0.500000 0.440679 0.423615 0.368664 0.422539 0.500000 0.299383 0.299021 0.500000 
0.500000 0.440679 0.421967 0.371139 0.418715 0.500000 0.300014 0.300466 0.500000 
0.500000 0.440679 0.420152 0.373830 0.414451 0.500000 0.300707 0.302076 0.500000 
0.500000 0.440679 0.418138 0.376753 0.409678 0.500000 0.301471 0.303877 0.500000 
0.500000 0.440679 0.415888 0.379928 0.404317 0.500000 0.302320 0.305900 0.500000 
0.500000 0.440679 0.413358 0.383380 0.398275 0.500000 0.303270 0.308182 0.500000 
0.500000 0.440679 0.410493 0.387136 0.391446 0.500000 0.304340 0.310764 0.500000 
0.500000 0.440679 0.407227 0.391230 0.383704 0.500000 0.305554 0.313697 0.500000 
0.500000 0.440679 0.403476 0.395698 0.374908 0.500000 0.306942 0.317040 0.500000 
0.500000 0.440679 0.399138 0.400578 0.500000 0.500000 0.308541 0.320861 0.500000 
0.500000 0.440679 0.406926 0.405914 0.500000 0.500000 0.310394 0.500000 0.500000 
0.500000 0.440679 0.413560 0.408668 0.500000 0.500000 0.307070 0.500000 0.500000 
0.500000 0.440679 0.419224 0.409521 0.500000 0.500000 0.304254 0.500000 0.500000 
0.500000 0.440679 0.424075 0.408936 0.500000 0.500000 0.301862 0.500000 0.500000 
0.500000 0.440679 0.428243 0.407241 0.500000 0.500000 0.299821 0.500000 0.500000 
0.500000 0.440679 0.431836 0.404677 0.500000 0.500000 0.298074 0.500000 0.500000 
0.500000 0.440679 0.434943 0.401430 0.500000 0.500000 0.296573 0.500000 0.500000 
0.500000 0.440679 0.437638 0.397646 0.500000 0.500000 0.295278 0.500000 0.500000 
0.500000 0.440679 0.439984 0.393451 0.500000 0.500000 0.294158 0.500000 0.500000 
0.500000 0.440679 0.442031 0.388948 0.500000 0.500000 0.293185 0.500000 0.500000 
0.500000 0.440679 0.443823 0.384230 0.500000 0.500000 0.292337 0.500000 0.500000 
0.500000 0.440679 0.445394 0.379374 0.500000 0.500000 0.291596 0.500000 0.500000 
0.500000 0.440679 0.446776 0.374450 0.500000 0.500000 0.290947 0.500000 0.500000 
0.500000 0.440679 0.447994 0.369518 0.500000 0.500000 0.290377 0.500000 0.500000 
0.500000 0.440679 0.449070 0.364629 0.500000 0.500000 0.289876 0.500000 0.500000 
0.500000 0.440679 0.450021 0.359824 0.500000 0.500000 0.289433 0.500000 0.500000 
0.500000 0.440679 0.450864 0.355140 0.500000 0.500000 0.289042 0.500000 0.500000 
0.500000 0.440679 0.451611 0.350604 0.371227 0.500000 0.288696 0.500000 0.500000 
0.500000 0.440679 0.445059 0.346237 0.380805 0.500000 0.288389 0.322468 0.500000 
0.500000 0.440679 0.439174 0.344361 0.389295 0.500000 0.291086 0.318297 0.500000 
0.500000 0.440679 0.434044 0.344552 0.396306 0.500000 0.293520 0.314624 0.500000 
0.500000 0.440679 0.429655 0.346363 0.401674 0.500000 0.295652 0.311608 0.500000 
0.500000 0.440679 0.425924 0.349383 0.405389 0.500000 0.297484 0.309310 0.500000 
0.500000 0.440679 0.422732 0.353258 0.407520 0.500000 0.299045 0.307725 0.500000 
0.500000 0.440679 0.419943 0.357707 0.408162 0.500000 0.300385 0.306818 0.500000 
0.500000 0.440679 0.417421 0.362516 0.407409 0.500000 0.301559 0.306544 0.500000 
0.500000 0.440679 0.415036 0.367541 0.405334 0.500000 0.302622 0.306865 0.500000 
0.500000 0.440679 0.412663 0.372690 0.401984 0.500000 0.303630 0.307748 0.500000 
0.500000 0.440679 0.410187 0.377920 0.397378 0.500000 0.304634 0.309177 0.500000 
0.500000 0.440679 0.407492 0.383223 0.391504 0.500000 0.305684 0.311148 0.500000 
0.500000 0.440679 0.404464 0.388620 0.384322 0.500000 0.306829 0.313672 0.500000 
0.500000 0.440679 0.400983 0.394154 0.375764 0.500000 0.308119 0.316773 0.500000 
0.500000 0.440679 0.396915 0.399879 0.500000 0.500000 0.309605 0.320489 0.500000 
0.500000 0.440679 0.405034 0.405861 0.500000 0.500000 0.311347 0.500000 0.500000 
0.500000 0.440679 0.411947 0.409078 0.500000 0.500000 0.307876 0.500000 0.500000 
0.500000 0.440679 0.417846 0.410270 0.500000 0.500000 0.304938 0.500000 0.500000 
0.500000 0.440679 0.422893 0.409941 0.500000 0.500000 0.302443 0.500000 0.500000 
0.500000 0.440679 0.427226 0.408441 0.500000 0.500000 0.300317 0.500000 0.500000 
0.500000 0.440679 0.430958 0.406026 0.500000 0.500000 0.298500 0.500000 0.500000 
0.500000 0.440679 0.434183 0.402890 0.500000 0.500000 0.296939 0.500000 0.500000 
0.500000 0.440679 0.436978 0.399189 0.500000 0.500000 0.295595 0.500000 0.500000 
0.500000 0.440679 0.439409 0.395050 0.500000 0.500000 0.294432 0.500000 0.500000 
0.500000 0.440679 0.441529 0.390581 0.500000 0.500000 0.293423 0.500000 0.500000 
0.500000 0.440679 0.443382 0.385876 0.500000 0.500000 0.292545 0.500000 0.500000 
0.500000 0.440679 0.445008 0.381017 0.500000 0.500000 0.291778 0.500000 0.500000 
0.500000 0.440679 0.446436 0.376075 0.500000 0.500000 0.291107 0.500000 0.500000 
0.500000 0.440679 0.447694 0.371111 0.500000 0.500000 0.290517 0.500000 0.500000 
0.500000 0.440679 0.448805 0.366180 0.500000 0.500000 0.289999 0.500000 0.500000 
0.500000 0.440679 0.449786 0.361325 0.500000 0.500000 0.289542 0.500000 0.500000 
