0.500000 0.268941 0.268941 0.500000 0.500000 
0.500000 0.309464 0.194364 0.368680 0.500000 
0.500000 0.335913 0.182233 0.404024 0.323582 
0.500000 0.368679 0.500000 0.409879 0.308307 
0.500000 0.341689 0.500000 0.500000 0.305815 
0.500000 0.334525 0.500000 0.500000 0.500000 
0.500000 0.328003 0.500000 0.500000 0.500000 
0.500000 0.322089 0.500000 0.500000 0.500000 
0.500000 0.316739 0.500000 0.500000 0.500000 
0.500000 0.311911 0.500000 0.500000 0.500000 
0.440679 0.307559 0.500000 0.500000 0.500000 
0.500000 0.328036 0.500000 0.500000 0.500000 
0.500000 0.322119 0.500000 0.500000 0.500000 
0.500000 0.316766 0.500000 0.500000 0.500000 
0.500000 0.311935 0.500000 0.500000 0.500000 
0.500000 0.307581 0.500000 0.500000 0.500000 
0.500000 0.303661 0.500000 0.500000 0.500000 
0.500000 0.300136 0.500000 0.500000 0.500000 
0.500000 0.296968 0.500000 0.500000 0.500000 
0.500000 0.294122 0.500000 0.500000 0.500000 
0.440679 0.291566 0.500000 0.500000 0.500000 
0.500000 0.313697 0.500000 0.500000 0.500000 
0.500000 0.309168 0.500000 0.500000 0.500000 
0.500000 0.305089 0.500000 0.500000 0.500000 
0.500000 0.301421 0.500000 0.500000 0.500000 
0.500000 0.298122 0.500000 0.500000 0.500000 
0.500000 0.295159 0.500000 0.500000 0.500000 
0.500000 0.292497 0.500000 0.500000 0.500000 
0.500000 0.290106 0.500000 0.500000 0.500000 
0.500000 0.287959 0.500000 0.500000 0.500000 
0.440679 0.286032 0.500000 0.500000 0.500000 
0.500000 0.308669 0.500000 0.500000 0.500000 
0.500000 0.304641 0.500000 0.500000 0.500000 
0.500000 0.301017 0.500000 0.500000 0.500000 
0.500000 0.297760 0.500000 0.500000 0.500000 
0.500000 0.294833 0.500000 0.500000 0.500000 
0.500000 0.292204 0.500000 0.500000 0.500000 
0.500000 0.289843 0.500000 0.500000 0.500000 
0.500000 0.287723 0.500000 0.500000 0.500000 
0.500000 0.285820 0.500000 0.500000 0.500000 
0.440679 0.284111 0.500000 0.500000 0.500000 
0.500000 0.306915 0.500000 0.500000 0.500000 
0.500000 0.303063 0.500000 0.500000 0.500000 
0.500000 0.299598 0.500000 0.500000 0.500000 
0.500000 0.296485 0.500000 0.500000 0.500000 
0.500000 0.293688 0.500000 0.500000 0.500000 
0.500000 0.291175 0.500000 0.500000 0.500000 
0.500000 0.288920 0.500000 0.500000 0.500000 
0.500000 0.286894 0.500000 0.500000 0.500000 
0.500000 0.285075 0.500000 0.500000 0.500000 
0.440679 0.283442 0.500000 0.500000 0.500000 
0.500000 0.306303 0.500000 0.500000 0.500000 
0.500000 0.302512 0.500000 0.500000 0.500000 
0.500000 0.299104 0.500000 0.500000 0.500000 
0.500000 0.296040 0.500000 0.500000 0.500000 
0.500000 0.293289 0.500000 0.500000 0.500000 
0.500000 0.290817 0.500000 0.500000 0.500000 
0.500000 0.288598 0.500000 0.500000 0.500000 
0.500000 0.286605 0.500000 0.500000 0.500000 
0.500000 0.284816 0.500000 0.500000 0.500000 
0.440679 0.283209 0.500000 0.500000 0.500000 
0.500000 0.306090 0.500000 0.500000 0.500000 
0.500000 0.302321 0.500000 0.500000 0.500000 
0.500000 0.298931 0.500000 0.500000 0.500000 
0.500000 0.295885 0.500000 0.500000 0.500000 
0.500000 0.293149 0.500000 0.500000 0.500000 
0.500000 0.290692 0.500000 0.500000 0.500000 
0.500000 0.288486 0.500000 0.500000 0.500000 
0.500000 0.286504 0.500000 0.500000 0.500000 
0.500000 0.284725 0.500000 0.500000 0.500000 
0.440679 0.283128 0.500000 0.500000 0.500000 
0.500000 0.306016 0.500000 0.500000 0.500000 
0.500000 0.302254 0.500000 0.500000 0.500000 
0.500000 0.298871 0.500000 0.500000 0.500000 
0.500000 0.295831 0.500000 0.500000 0.500000 
0.500000 0.293101 0.500000 0.500000 0.500000 
0.500000 0.290649 0.500000 0.500000 0.500000 
0.500000 0.288447 0.500000 0.500000 0.500000 
0.500000 0.286469 0.500000 0.500000 0.500000 
0.500000 0.284694 0.500000 0.500000 0.500000 
0.440679 0.283099 0.500000 0.500000 0.500000 
0.500000 0.305990 0.500000 0.500000 0.500000 
0.500000 0.302230 0.500000 0.500000 0.500000 
0.500000 0.298850 0.500000 0.500000 0.500000 
0.500000 0.295813 0.500000 0.500000 0.500000 
0.500000 0.293084 0.500000 0.500000 0.500000 
0.500000 0.290633 0.500000 0.500000 0.500000 
0.500000 0.288433 0.500000 0.500000 0.500000 
0.500000 0.286457 0.500000 0.500000 0.500000 
0.500000 0.284683 0.500000 0.500000 0.500000 
0.440679 0.283089 0.500000 0.500000 0.500000 
0.500000 0.305981 0.500000 0.500000 0.500000 
0.500000 0.302222 0.500000 0.500000 0.500000 
0.500000 0.298843 0.500000 0.500000 0.500000 
0.500000 0.295806 0.500000 0.500000 0.500000 
0.500000 0.293078 0.500000 0.500000 0.500000 
0.500000 0.290628 0.500000 0.500000 0.500000 
0.500000 0.288428 0.500000 0.500000 0.500000 
0.500000 0.286453 0.500000 0.500000 0.500000 
0.500000 0.284679 0.500000 0.500000 0.500000 
0.500000 0.268941 0.268941 0.500000 0.500000 
0.500000 0.309464 0.194364 0.368680 0.500000 
0.500000 0.314048 0.182233 0.404024 0.323582 
0.500000 0.335014 0.500000 0.409879 0.308307 
0.500000 0.294873 0.500000 0.500000 0.305815 
0.500000 0.292240 0.500000 0.500000 0.500000 
0.500000 0.289876 0.500000 0.500000 0.500000 
0.500000 0.287753 0.500000 0.500000 0.500000 
0.500000 0.285846 0.500000 0.500000 0.500000 
0.500000 0.284134 0.500000 0.500000 0.500000 
0.440679 0.282597 0.500000 0.500000 0.500000 
0.500000 0.305530 0.500000 0.500000 0.500000 
0.500000 0.301817 0.500000 0.500000 0.500000 
0.500000 0.298478 0.500000 0.500000 0.500000 
0.500000 0.295478 0.500000 0.500000 0.500000 
0.500000 0.292784 0.500000 0.500000 0.500000 
0.500000 0.290364 0.500000 0.500000 0.500000 
0.500000 0.288191 0.500000 0.500000 0.500000 
0.500000 0.286240 0.500000 0.500000 0.500000 
0.500000 0.284488 0.500000 0.500000 0.500000 
0.440679 0.282914 0.500000 0.500000 0.500000 
0.500000 0.305821 0.500000 0.500000 0.500000 
0.500000 0.302078 0.500000 0.500000 0.500000 
0.500000 0.298713 0.500000 0.500000 0.500000 
0.500000 0.295690 0.500000 0.500000 0.500000 
0.500000 0.292973 0.500000 0.500000 0.500000 
0.500000 0.290534 0.500000 0.500000 0.500000 
0.500000 0.288344 0.500000 0.500000 0.500000 
0.500000 0.286377 0.500000 0.500000 0.500000 
0.500000 0.284611 0.500000 0.500000 0.500000 
0.440679 0.283025 0.500000 0.500000 0.500000 
0.500000 0.305922 0.500000 0.500000 0.500000 
0.500000 0.302169 0.500000 0.500000 0.500000 
0.500000 0.298795 0.500000 0.500000 0.500000 
0.500000 0.295763 0.500000 0.500000 0.500000 
0.500000 0.293040 0.500000 0.500000 0.500000 
0.500000 0.290594 0.500000 0.500000 0.500000 
0.500000 0.288397 0.500000 0.500000 0.500000 
0.500000 0.286425 0.500000 0.500000 0.500000 
0.500000 0.284654 0.500000 0.500000 0.500000 
0.440679 0.283064 0.500000 0.500000 0.500000 
0.500000 0.305957 0.500000 0.500000 0.500000 
0.500000 0.302201 0.500000 0.500000 0.500000 
0.500000 0.298824 0.500000 0.500000 0.500000 
0.500000 0.295789 0.500000 0.500000 0.500000 
0.500000 0.293063 0.500000 0.500000 0.500000 
0.500000 0.290614 0.500000 0.500000 0.500000 
0.500000 0.288416 0.500000 0.500000 0.500000 
0.500000 0.286441 0.500000 0.500000 0.500000 
0.500000 0.284669 0.500000 0.500000 0.500000 
0.440679 0.283077 0.500000 0.500000 0.500000 
0.500000 0.305970 0.500000 0.500000 0.500000 
0.500000 0.302212 0.500000 0.500000 0.500000 
0.500000 0.298834 0.500000 0.500000 0.500000 
0.500000 0.295798 0.500000 0.500000 0.500000 
0.500000 0.293071 0.500000 0.500000 0.500000 
0.500000 0.290621 0.500000 0.500000 0.500000 
0.500000 0.288422 0.500000 0.500000 0.500000 
0.500000 0.286447 0.500000 0.500000 0.500000 
0.500000 0.284674 0.500000 0.500000 0.500000 
0.440679 0.283082 0.500000 0.500000 0.500000 
0.500000 0.305974 0.500000 0.500000 0.500000 
0.500000 0.302216 0.500000 0.500000 0.500000 
0.500000 0.298837 0.500000 0.500000 0.500000 
0.500000 0.295801 0.500000 0.500000 0.500000 
0.500000 0.293073 0.500000 0.500000 0.500000 
0.500000 0.290624 0.500000 0.500000 0.500000 
0.500000 0.288424 0.500000 0.500000 0.500000 
0.500000 0.286449 0.500000 0.500000 0.500000 
0.500000 0.284676 0.500000 0.500000 0.500000 
0.440679 0.283083 0.500000 0.500000 0.500000 
0.500000 0.305975 0.500000 0.500000 0.500000 
0.500000 0.302217 0.500000 0.500000 0.500000 
0.500000 0.298838 0.500000 0.500000 0.500000 
0.500000 0.295802 0.500000 0.500000 0.500000 
0.500000 0.293074 0.500000 0.500000 0.500000 
0.500000 0.290625 0.500000 0.500000 0.500000 
0.500000 0.288425 0.500000 0.500000 0.500000 
0.500000 0.286450 0.500000 0.500000 0.500000 
0.500000 0.284676 0.500000 0.500000 0.500000 
0.440679 0.283084 0.500000 0.500000 0.500000 
0.500000 0.305976 0.500000 0.500000 0.500000 
0.500000 0.302218 0.500000 0.500000 0.500000 
0.500000 0.298839 0.500000 0.500000 0.500000 
0.500000 0.295802 0.500000 0.500000 0.500000 
0.500000 0.293075 0.500000 0.500000 0.500000 
0.500000 0.290625 0.500000 0.500000 0.500000 
0.500000 0.288425 0.500000 0.500000 0.500000 
0.500000 0.286450 0.500000 0.500000 0.500000 
0.500000 0.284677 0.500000 0.500000 0.500000 
0.440679 0.283084 0.500000 0.500000 0.500000 
0.500000 0.305976 0.500000 0.500000 0.500000 
0.500000 0.302218 0.500000 0.500000 0.500000 
0.500000 0.298839 0.500000 0.500000 0.500000 
0.500000 0.295802 0.500000 0.500000 0.500000 
0.500000 0.293075 0.500000 0.500000 0.500000 
0.500000 0.290625 0.500000 0.500000 0.500000 
0.500000 0.288426 0.500000 0.500000 0.500000 
0.500000 0.286450 0.500000 0.500000 0.500000 
0.500000 0.284677 0.500000 0.500000 0.500000 
0.500000 0.268941 0.268941 0.500000 0.500000 
0.500000 0.309464 0.194364 0.368680 0.500000 
0.500000 0.314048 0.182233 0.404024 0.323582 
0.500000 0.335014 0.500000 0.409879 0.308307 
0.500000 0.294873 0.500000 0.500000 0.305815 
0.500000 0.292240 0.500000 0.500000 0.500000 
0.500000 0.289876 0.500000 0.500000 0.500000 
0.500000 0.287753 0.500000 0.500000 0.500000 
0.500000 0.285846 0.500000 0.500000 0.500000 
0.500000 0.284134 0.500000 0.500000 0.500000 
0.440679 0.282597 0.500000 0.500000 0.500000 
0.500000 0.305530 0.500000 0.500000 0.500000 
0.500000 0.301817 0.500000 0.500000 0.500000 
0.500000 0.298478 0.500000 0.500000 0.500000 
0.500000 0.295478 0.500000 0.500000 0.500000 
0.500000 0.292784 0.500000 0.500000 0.500000 
0.500000 0.290364 0.500000 0.500000 0.500000 
0.500000 0.288191 0.500000 0.500000 0.500000 
0.500000 0.286240 0.500000 0.500000 0.500000 
0.500000 0.284488 0.500000 0.500000 0.500000 
0.440679 0.282914 0.500000 0.500000 0.500000 
0.500000 0.305821 0.500000 0.500000 0.500000 
0.500000 0.302078 0.500000 0.500000 0.500000 
0.500000 0.298713 0.500000 0.500000 0.500000 
0.500000 0.295690 0.500000 0.500000 0.500000 
0.500000 0.292973 0.500000 0.500000 0.500000 
0.500000 0.290534 0.500000 0.500000 0.500000 
0.500000 0.288344 0.500000 0.500000 0.500000 
0.500000 0.286377 0.500000 0.500000 0.500000 
0.500000 0.284611 0.500000 0.500000 0.500000 
0.440679 0.283025 0.500000 0.500000 0.500000 
0.500000 0.305922 0.500000 0.500000 0.500000 
0.500000 0.302169 0.500000 0.500000 0.500000 
0.500000 0.298795 0.500000 0.500000 0.500000 
0.500000 0.295763 0.500000 0.500000 0.500000 
0.500000 0.293040 0.500000 0.500000 0.500000 
0.500000 0.290594 0.500000 0.500000 0.500000 
0.500000 0.288397 0.500000 0.500000 0.500000 
0.500000 0.286425 0.500000 0.500000 0.500000 
0.500000 0.284654 0.500000 0.500000 0.500000 
0.440679 0.283064 0.500000 0.500000 0.500000 
0.500000 0.305957 0.500000 0.500000 0.500000 
0.500000 0.302201 0.500000 0.500000 0.500000 
0.500000 0.298824 0.500000 0.500000 0.500000 
0.500000 0.295789 0.500000 0.500000 0.500000 
0.500000 0.293063 0.500000 0.500000 0.500000 
0.500000 0.290614 0.500000 0.500000 0.500000 
0.500000 0.288416 0.500000 0.500000 0.500000 
0.500000 0.286441 0.500000 0.500000 0.500000 
0.500000 0.284669 0.500000 0.500000 0.500000 
0.440679 0.283077 0.500000 0.500000 0.500000 
0.500000 0.305970 0.500000 0.500000 0.500000 
0.500000 0.302212 0.500000 0.500000 0.500000 
0.500000 0.298834 0.500000 0.500000 0.500000 
0.500000 0.295798 0.500000 0.500000 0.500000 
0.500000 0.293071 0.500000 0.500000 0.500000 
0.500000 0.290621 0.500000 0.500000 0.500000 
0.500000 0.288422 0.500000 0.500000 0.500000 
0.500000 0.286447 0.500000 0.500000 0.500000 
0.500000 0.284674 0.500000 0.500000 0.500000 
0.440679 0.283082 0.500000 0.500000 0.500000 
0.500000 0.305974 0.500000 0.500000 0.500000 
0.500000 0.302216 0.500000 0.500000 0.500000 
0.500000 0.298837 0.500000 0.500000 0.500000 
0.500000 0.295801 0.500000 0.500000 0.500000 
0.500000 0.293073 0.500000 0.500000 0.500000 
0.500000 0.290624 0.500000 0.500000 0.500000 
0.500000 0.288424 0.500000 0.500000 0.500000 
0.500000 0.286449 0.500000 0.500000 0.500000 
0.500000 0.284676 0.500000 0.500000 0.500000 
0.440679 0.283083 0.500000 0.500000 0.500000 
0.500000 0.305975 0.500000 0.500000 0.500000 
0.500000 0.302217 0.500000 0.500000 0.500000 
0.500000 0.298838 0.500000 0.500000 0.500000 
0.500000 0.295802 0.500000 0.500000 0.500000 
0.500000 0.293074 0.500000 0.500000 0.500000 
0.500000 0.290625 0.500000 0.500000 0.500000 
0.500000 0.288425 0.500000 0.500000 0.500000 
0.500000 0.286450 0.500000 0.500000 0.500000 
0.500000 0.284676 0.500000 0.500000 0.500000 
0.440679 0.283084 0.500000 0.500000 0.500000 
0.500000 0.305976 0.500000 0.500000 0.500000 
0.500000 0.302218 0.500000 0.500000 0.500000 
0.500000 0.298839 0.500000 0.500000 0.500000 
0.500000 0.295802 0.500000 0.500000 0.500000 
0.500000 0.293075 0.500000 0.500000 0.500000 
0.500000 0.290625 0.500000 0.500000 0.500000 
0.500000 0.288425 0.500000 0.500000 0.500000 
0.500000 0.286450 0.500000 0.500000 0.500000 
0.500000 0.284677 0.500000 0.500000 0.500000 
0.440679 0.283084 0.500000 0.500000 0.500000 
0.500000 0.305976 0.500000 0.500000 0.500000 
0.500000 0.302218 0.500000 0.500000 0.500000 
0.500000 0.298839 0.500000 0.500000 0.500000 
0.500000 0.295802 0.500000 0.500000 0.500000 
0.500000 0.293075 0.500000 0.500000 0.500000 
0.500000 0.290625 0.500000 0.500000 0.500000 
0.500000 0.288426 0.500000 0.500000 0.500000 
0.500000 0.286450 0.500000 0.500000 0.500000 
0.500000 0.284677 0.500000 0.500000 0.500000 
0.500000 0.268941 0.268941 0.500000 0.500000 
0.500000 0.309464 0.194364 0.368680 0.500000 
0.500000 0.314048 0.182233 0.404024 0.323582 
0.500000 0.335014 0.500000 0.409879 0.308307 
0.500000 0.294873 0.500000 0.500000 0.305815 
0.500000 0.292240 0.500000 0.500000 0.500000 
0.500000 0.289876 0.500000 0.500000 0.500000 
0.500000 0.287753 0.500000 0.500000 0.500000 
0.500000 0.285846 0.500000 0.500000 0.500000 
0.500000 0.284134 0.500000 0.500000 0.500000 
0.440679 0.282597 0.500000 0.500000 0.500000 
0.500000 0.305530 0.500000 0.500000 0.500000 
0.500000 0.301817 0.500000 0.500000 0.500000 
0.500000 0.298478 0.500000 0.500000 0.500000 
0.500000 0.295478 0.500000 0.500000 0.500000 
0.500000 0.292784 0.500000 0.500000 0.500000 
0.500000 0.290364 0.500000 0.500000 0.500000 
0.500000 0.288191 0.500000 0.500000 0.500000 
0.500000 0.286240 0.500000 0.500000 0.500000 
0.500000 0.284488 0.500000 0.500000 0.500000 
0.440679 0.282914 0.500000 0.500000 0.500000 
0.500000 0.305821 0.500000 0.500000 0.500000 
0.500000 0.302078 0.500000 0.500000 0.500000 
0.500000 0.298713 0.500000 0.500000 0.500000 
0.500000 0.295690 0.500000 0.500000 0.500000 
0.500000 0.292973 0.500000 0.500000 0.500000 
0.500000 0.290534 0.500000 0.500000 0.500000 
0.500000 0.288344 0.500000 0.500000 0.500000 
0.500000 0.286377 0.500000 0.500000 0.500000 
0.500000 0.284611 0.500000 0.500000 0.500000 
0.440679 0.283025 0.500000 0.500000 0.500000 
0.500000 0.305922 0.500000 0.500000 0.500000 
0.500000 0.302169 0.500000 0.500000 0.500000 
0.500000 0.298795 0.500000 0.500000 0.500000 
0.500000 0.295763 0.500000 0.500000 0.500000 
0.500000 0.293040 0.500000 0.500000 0.500000 
0.500000 0.290594 0.500000 0.500000 0.500000 
0.500000 0.288397 0.500000 0.500000 0.500000 
0.500000 0.286425 0.500000 0.500000 0.500000 
0.500000 0.284654 0.500000 0.500000 0.500000 
0.440679 0.283064 0.500000 0.500000 0.500000 
0.500000 0.305957 0.500000 0.500000 0.500000 
0.500000 0.302201 0.500000 0.500000 0.500000 
0.500000 0.298824 0.500000 0.500000 0.500000 
0.500000 0.295789 0.500000 0.500000 0.500000 
0.500000 0.293063 0.500000 0.500000 0.500000 
0.500000 0.290614 0.500000 0.500000 0.500000 
0.500000 0.288416 0.500000 0.500000 0.500000 
0.500000 0.286441 0.500000 0.500000 0.500000 
0.500000 0.284669 0.500000 0.500000 0.500000 
0.440679 0.283077 0.500000 0.500000 0.500000 
0.500000 0.305970 0.500000 0.500000 0.500000 
0.500000 0.302212 0.500000 0.500000 0.500000 
0.500000 0.298834 0.500000 0.500000 0.500000 
0.500000 0.295798 0.500000 0.500000 0.500000 
0.500000 0.293071 0.500000 0.500000 0.500000 
0.500000 0.290621 0.500000 0.500000 0.500000 
0.500000 0.288422 0.500000 0.500000 0.500000 
0.500000 0.286447 0.500000 0.500000 0.500000 
0.500000 0.284674 0.500000 0.500000 0.500000 
0.440679 0.283082 0.500000 0.500000 0.500000 
0.500000 0.305974 0.500000 0.500000 0.500000 
0.500000 0.302216 0.500000 0.500000 0.500000 
0.500000 0.298837 0.500000 0.500000 0.500000 
0.500000 0.295801 0.500000 0.500000 0.500000 
0.500000 0.293073 0.500000 0.500000 0.500000 
0.500000 0.290624 0.500000 0.500000 0.500000 
0.500000 0.288424 0.500000 0.500000 0.500000 
0.500000 0.286449 0.500000 0.500000 0.500000 
0.500000 0.284676 0.500000 0.500000 0.500000 
0.440679 0.283083 0.500000 0.500000 0.500000 
0.500000 0.305975 0.500000 0.500000 0.500000 
0.500000 0.302217 0.500000 0.500000 0.500000 
0.500000 0.298838 0.500000 0.500000 0.500000 
0.500000 0.295802 0.500000 0.500000 0.500000 
0.500000 0.293074 0.500000 0.500000 0.500000 
0.500000 0.290625 0.500000 0.500000 0.500000 
0.500000 0.288425 0.500000 0.500000 0.500000 
0.500000 0.286450 0.500000 0.500000 0.500000 
0.500000 0.284676 0.500000 0.500000 0.500000 
0.440679 0.283084 0.500000 0.500000 0.500000 
0.500000 0.305976 0.500000 0.500000 0.500000 
0.500000 0.302218 0.500000 0.500000 0.500000 
0.500000 0.298839 0.500000 0.500000 0.500000 
0.500000 0.295802 0.500000 0.500000 0.500000 
0.500000 0.293075 0.500000 0.500000 0.500000 
0.500000 0.290625 0.500000 0.500000 0.500000 
0.500000 0.288425 0.500000 0.500000 0.500000 
0.500000 0.286450 0.500000 0.500000 0.500000 
0.500000 0.284677 0.500000 0.500000 0.500000 
0.440679 0.283084 0.500000 0.500000 0.500000 
0.500000 0.305976 0.500000 0.500000 0.500000 
0.500000 0.302218 0.500000 0.500000 0.500000 
0.500000 0.298839 0.500000 0.500000 0.500000 
0.500000 0.295802 0.500000 0.500000 0.500000 
0.500000 0.293075 0.500000 0.500000 0.500000 
0.500000 0.290625 0.500000 0.500000 0.500000 
0.500000 0.288426 0.500000 0.500000 0.500000 
0.500000 0.286450 0.500000 0.500000 0.500000 
0.500000 0.284677 0.500000 0.500000 0.500000 
0.500000 0.268941 0.268941 0.500000 0.500000 
0.500000 0.309464 0.194364 0.368680 0.500000 
0.500000 0.314048 0.182233 0.404024 0.323582 
0.500000 0.335014 0.500000 0.409879 0.308307 
0.500000 0.294873 0.500000 0.500000 0.305815 
0.500000 0.292240 0.500000 0.500000 0.500000 
0.500000 0.289876 0.500000 0.500000 0.500000 
0.500000 0.287753 0.500000 0.500000 0.500000 
0.500000 0.285846 0.500000 0.500000 0.500000 
0.500000 0.284134 0.500000 0.500000 0.500000 
0.440679 0.282597 0.500000 0.500000 0.500000 
0.500000 0.305530 0.500000 0.500000 0.500000 
0.500000 0.301817 0.500000 0.500000 0.500000 
0.500000 0.298478 0.500000 0.500000 0.500000 
0.500000 0.295478 0.500000 0.500000 0.500000 
0.500000 0.292784 0.500000 0.500000 0.500000 
0.500000 0.290364 0.500000 0.500000 0.500000 
0.500000 0.288191 0.500000 0.500000 0.500000 
0.500000 0.286240 0.500000 0.500000 0.500000 
0.500000 0.284488 0.500000 0.500000 0.500000 
0.440679 0.282914 0.500000 0.500000 0.500000 
0.500000 0.305821 0.500000 0.500000 0.500000 
