0.675038 0.622459 0.622459 0.500000 0.500000 
0.500000 0.682468 0.599003 0.650778 0.500000 
0.500000 0.671648 0.637985 0.645428 0.657186 
0.500000 0.668206 0.607864 0.654298 0.655979 
0.500000 0.657348 0.634811 0.647453 0.657978 
0.500000 0.653158 0.613973 0.653579 0.656436 
0.500000 0.643364 0.632960 0.648847 0.657817 
0.500000 0.638863 0.618717 0.653160 0.656751 
0.500000 0.630373 0.632035 0.649927 0.657722 
0.500000 0.625901 0.622367 0.652951 0.656994 
0.675038 0.618728 0.631697 0.650757 0.657675 
0.500000 0.655837 0.625165 0.652874 0.657181 
0.500000 0.648535 0.623386 0.651392 0.657658 
0.500000 0.641263 0.625973 0.650988 0.657324 
0.500000 0.634808 0.625299 0.651576 0.657233 
0.500000 0.628270 0.627281 0.651423 0.657365 
0.500000 0.622463 0.626974 0.651873 0.657331 
0.500000 0.616739 0.628479 0.651803 0.657432 
0.500000 0.611653 0.628392 0.652145 0.657417 
0.500000 0.606737 0.629539 0.652125 0.657494 
0.675038 0.500000 0.629578 0.652385 0.657489 
0.500000 0.640735 0.649123 0.652394 0.657548 
0.500000 0.639114 0.606476 0.656813 0.657550 
0.500000 0.627070 0.642268 0.647137 0.658544 
0.500000 0.625722 0.613901 0.655266 0.656365 
0.500000 0.616111 0.638837 0.648830 0.658196 
0.500000 0.614116 0.619372 0.654490 0.656747 
0.500000 0.606490 0.636683 0.650076 0.658022 
0.500000 0.500000 0.623352 0.654003 0.657028 
0.500000 0.500000 0.653996 0.650980 0.657912 
0.675038 0.500000 0.629029 0.657910 0.657231 
0.500000 0.637247 0.650710 0.652269 0.658791 
0.500000 0.636168 0.605771 0.657170 0.657522 
0.500000 0.623947 0.643451 0.646976 0.658624 
0.500000 0.623059 0.613489 0.655533 0.656329 
0.500000 0.613412 0.639725 0.648736 0.658256 
0.500000 0.611779 0.619146 0.654691 0.656726 
0.500000 0.500000 0.637352 0.650024 0.658067 
0.500000 0.500000 0.642681 0.654155 0.657016 
0.500000 0.500000 0.639353 0.655359 0.657946 
0.675038 0.500000 0.642287 0.654607 0.658217 
0.500000 0.638992 0.639774 0.655270 0.658048 
0.500000 0.634699 0.615479 0.654702 0.658197 
0.500000 0.625247 0.635740 0.649190 0.658069 
0.500000 0.622016 0.620194 0.653790 0.656828 
0.500000 0.614331 0.634355 0.650263 0.657864 
0.500000 0.611066 0.623759 0.653476 0.657070 
0.500000 0.604830 0.633624 0.651073 0.657793 
0.500000 0.500000 0.626413 0.653311 0.657252 
0.500000 0.500000 0.651646 0.651676 0.657756 
0.675038 0.500000 0.631257 0.657381 0.657388 
0.500000 0.635859 0.648946 0.652774 0.658672 
0.500000 0.634330 0.607709 0.656773 0.657635 
0.500000 0.622678 0.642243 0.647418 0.658535 
0.500000 0.621472 0.614870 0.655260 0.656428 
0.500000 0.612273 0.638911 0.649051 0.658195 
0.500000 0.610438 0.620125 0.654507 0.656797 
0.500000 0.500000 0.636810 0.650247 0.658025 
0.500000 0.500000 0.643154 0.654032 0.657066 
0.500000 0.500000 0.638941 0.655466 0.657919 
0.675038 0.500000 0.642635 0.654514 0.658241 
0.500000 0.638164 0.639471 0.655349 0.658027 
0.500000 0.633815 0.615920 0.654634 0.658215 
0.500000 0.624505 0.635557 0.649290 0.658054 
0.500000 0.621243 0.620518 0.653748 0.656850 
0.500000 0.613677 0.634244 0.650336 0.657855 
0.500000 0.610403 0.623996 0.653451 0.657086 
0.500000 0.500000 0.633561 0.651127 0.657788 
0.500000 0.500000 0.645854 0.653296 0.657264 
0.500000 0.500000 0.636555 0.656076 0.657753 
0.675038 0.500000 0.644635 0.653974 0.658378 
0.500000 0.638860 0.637716 0.655800 0.657905 
0.500000 0.633990 0.617346 0.654237 0.658316 
0.500000 0.625084 0.634323 0.649615 0.657965 
0.500000 0.621438 0.621490 0.653469 0.656924 
0.500000 0.614148 0.633382 0.650557 0.657792 
0.500000 0.610601 0.624658 0.653256 0.657136 
0.500000 0.500000 0.632958 0.651277 0.657744 
0.500000 0.500000 0.646345 0.653160 0.657298 
0.500000 0.500000 0.636114 0.656186 0.657722 
0.675038 0.500000 0.645000 0.653875 0.658403 
0.500000 0.639132 0.637393 0.655883 0.657883 
0.500000 0.634161 0.617578 0.654164 0.658335 
0.500000 0.625319 0.634092 0.649668 0.657948 
0.500000 0.621597 0.621645 0.653417 0.656936 
0.500000 0.614346 0.633217 0.650593 0.657780 
0.500000 0.610744 0.624761 0.653219 0.657144 
0.500000 0.500000 0.632841 0.651301 0.657735 
0.500000 0.500000 0.646439 0.653133 0.657303 
0.500000 0.500000 0.636030 0.656208 0.657716 
0.675038 0.500000 0.645069 0.653855 0.658408 
0.500000 0.639258 0.637331 0.655899 0.657879 
0.500000 0.634265 0.617607 0.654150 0.658338 
0.500000 0.625430 0.634045 0.649674 0.657945 
0.500000 0.621691 0.621663 0.653406 0.656937 
0.500000 0.614442 0.633183 0.650597 0.657778 
0.500000 0.610826 0.624771 0.653211 0.657145 
0.500000 0.604893 0.632815 0.651303 0.657734 
0.500000 0.500000 0.627110 0.653128 0.657304 
0.500000 0.500000 0.651098 0.651834 0.657715 
