0.500000 0.268941 0.268941 0.500000 0.500000 
0.500000 0.349770 0.208107 0.368680 0.500000 
0.500000 0.349652 0.218466 0.397423 0.323582 
0.500000 0.354266 0.219362 0.392472 0.311129 
0.500000 0.353185 0.222555 0.392045 0.313255 
0.500000 0.351396 0.225002 0.390524 0.313439 
0.500000 0.349445 0.226954 0.389360 0.314094 
0.500000 0.347800 0.228357 0.388432 0.314596 
0.500000 0.346538 0.229323 0.387766 0.314996 
0.500000 0.345635 0.229960 0.387307 0.315284 
0.440679 0.345019 0.230365 0.387005 0.315482 
0.500000 0.367374 0.230614 0.386813 0.315612 
0.500000 0.349034 0.236768 0.386695 0.315695 
0.500000 0.342496 0.236904 0.383780 0.315746 
0.500000 0.340138 0.236102 0.383716 0.317007 
0.500000 0.339997 0.234843 0.384095 0.317035 
0.500000 0.340653 0.233693 0.384691 0.316871 
0.500000 0.341493 0.232780 0.385235 0.316613 
0.500000 0.342248 0.232119 0.385668 0.316377 
0.500000 0.342836 0.231668 0.385981 0.316190 
0.440679 0.343259 0.231374 0.386195 0.316055 
0.500000 0.366374 0.231189 0.386334 0.315962 
0.500000 0.348412 0.237120 0.386422 0.315902 
0.500000 0.342124 0.237098 0.383613 0.315864 
0.500000 0.339922 0.236205 0.383624 0.317079 
0.500000 0.339878 0.234893 0.384046 0.317075 
0.500000 0.340591 0.233714 0.384667 0.316892 
0.500000 0.341463 0.232787 0.385225 0.316623 
0.500000 0.342235 0.232120 0.385664 0.316382 
0.500000 0.342832 0.231666 0.385980 0.316192 
0.440679 0.343258 0.231372 0.386195 0.316055 
0.500000 0.366375 0.231187 0.386335 0.315962 
0.500000 0.348414 0.237118 0.386423 0.315902 
0.500000 0.342125 0.237096 0.383614 0.315864 
0.500000 0.339923 0.236204 0.383624 0.317079 
0.500000 0.339879 0.234892 0.384047 0.317075 
0.500000 0.340591 0.233714 0.384667 0.316892 
0.500000 0.341463 0.232787 0.385225 0.316623 
0.500000 0.342235 0.232120 0.385664 0.316382 
0.500000 0.342832 0.231666 0.385981 0.316192 
0.440679 0.343258 0.231372 0.386195 0.316055 
0.500000 0.366375 0.231187 0.386335 0.315962 
0.500000 0.348414 0.237118 0.386423 0.315902 
0.500000 0.342125 0.237096 0.383614 0.315864 
0.500000 0.339923 0.236204 0.383624 0.317079 
0.500000 0.339879 0.234892 0.384047 0.317075 
0.500000 0.340591 0.233714 0.384667 0.316892 
0.500000 0.341463 0.232787 0.385225 0.316623 
0.500000 0.342235 0.232120 0.385664 0.316382 
0.500000 0.342832 0.231666 0.385981 0.316192 
0.440679 0.343258 0.231372 0.386195 0.316055 
0.500000 0.366375 0.231187 0.386335 0.315962 
0.500000 0.348414 0.237118 0.386423 0.315902 
0.500000 0.342125 0.237096 0.383614 0.315864 
0.500000 0.339923 0.236204 0.383624 0.317079 
0.500000 0.339879 0.234892 0.384047 0.317075 
0.500000 0.340591 0.233714 0.384667 0.316892 
0.500000 0.341463 0.232787 0.385225 0.316623 
0.500000 0.342235 0.232120 0.385664 0.316382 
0.500000 0.342832 0.231666 0.385981 0.316192 
0.440679 0.343258 0.231372 0.386195 0.316055 
0.500000 0.366375 0.231187 0.386335 0.315962 
0.500000 0.348414 0.237118 0.386423 0.315902 
0.500000 0.342125 0.237096 0.383614 0.315864 
0.500000 0.339923 0.236204 0.383624 0.317079 
0.500000 0.339879 0.234892 0.384047 0.317075 
0.500000 0.340591 0.233714 0.384667 0.316892 
0.500000 0.341463 0.232787 0.385225 0.316623 
0.500000 0.342235 0.232120 0.385664 0.316382 
0.500000 0.342832 0.231666 0.385981 0.316192 
0.440679 0.343258 0.231372 0.386195 0.316055 
0.500000 0.366375 0.231187 0.386335 0.315962 
0.500000 0.348414 0.237118 0.386423 0.315902 
0.500000 0.342125 0.237096 0.383614 0.315864 
0.500000 0.339923 0.236204 0.383624 0.317079 
0.500000 0.339879 0.234892 0.384047 0.317075 
0.500000 0.340591 0.233714 0.384667 0.316892 
0.500000 0.341463 0.232787 0.385225 0.316623 
0.500000 0.342235 0.232120 0.385664 0.316382 
0.500000 0.342832 0.231666 0.385981 0.316192 
0.440679 0.343258 0.231372 0.386195 0.316055 
0.500000 0.366375 0.231187 0.386335 0.315962 
0.500000 0.348414 0.237118 0.386423 0.315902 
0.500000 0.342125 0.237096 0.383614 0.315864 
0.500000 0.339923 0.236204 0.383624 0.317079 
0.500000 0.339879 0.234892 0.384047 0.317075 
0.500000 0.340591 0.233714 0.384667 0.316892 
0.500000 0.341463 0.232787 0.385225 0.316623 
0.500000 0.342235 0.232120 0.385664 0.316382 
0.500000 0.342832 0.231666 0.385981 0.316192 
0.440679 0.343258 0.231372 0.386195 0.316055 
0.500000 0.366375 0.231187 0.386335 0.315962 
0.500000 0.348414 0.237118 0.386423 0.315902 
0.500000 0.342125 0.237096 0.383614 0.315864 
0.500000 0.339923 0.236204 0.383624 0.317079 
0.500000 0.339879 0.234892 0.384047 0.317075 
0.500000 0.340591 0.233714 0.384667 0.316892 
0.500000 0.341463 0.232787 0.385225 0.316623 
0.500000 0.342235 0.232120 0.385664 0.316382 
0.500000 0.342832 0.231666 0.385981 0.316192 
0.500000 0.268941 0.268941 0.500000 0.500000 
0.500000 0.349770 0.208107 0.368680 0.500000 
0.500000 0.333802 0.218466 0.397423 0.323582 
0.500000 0.338604 0.215496 0.392472 0.311129 
0.500000 0.338346 0.215591 0.393889 0.313255 
0.500000 0.338775 0.215238 0.393844 0.312646 
0.500000 0.338927 0.215070 0.394013 0.312665 
0.500000 0.339062 0.214930 0.394093 0.312593 
0.500000 0.339155 0.214829 0.394160 0.312558 
0.500000 0.339225 0.214754 0.394208 0.312530 
0.440679 0.339276 0.214698 0.394244 0.312509 
0.500000 0.362408 0.214657 0.394271 0.312493 
0.500000 0.339343 0.220188 0.394290 0.312482 
0.500000 0.336753 0.219035 0.391652 0.312474 
0.500000 0.336406 0.218177 0.392201 0.313608 
0.500000 0.336993 0.217265 0.392610 0.313372 
0.500000 0.337558 0.216576 0.393045 0.313196 
0.500000 0.338028 0.216052 0.393374 0.313009 
0.500000 0.338385 0.215662 0.393624 0.312867 
0.500000 0.338653 0.215372 0.393810 0.312760 
0.440679 0.338852 0.215157 0.393949 0.312680 
0.500000 0.362111 0.214998 0.394051 0.312620 
0.500000 0.339109 0.220458 0.394127 0.312576 
0.500000 0.336573 0.219234 0.391523 0.312543 
0.500000 0.336269 0.218326 0.392106 0.313664 
0.500000 0.336891 0.217375 0.392539 0.313413 
0.500000 0.337483 0.216657 0.392993 0.313226 
0.500000 0.337973 0.216111 0.393335 0.313031 
0.500000 0.338344 0.215706 0.393596 0.312884 
0.500000 0.338623 0.215405 0.393789 0.312772 
0.440679 0.338829 0.215181 0.393933 0.312689 
0.500000 0.362095 0.215016 0.394040 0.312627 
0.500000 0.339097 0.220472 0.394119 0.312581 
0.500000 0.336563 0.219245 0.391516 0.312547 
0.500000 0.336262 0.218333 0.392101 0.313667 
0.500000 0.336886 0.217380 0.392535 0.313415 
0.500000 0.337479 0.216661 0.392990 0.313228 
0.500000 0.337970 0.216114 0.393333 0.313032 
0.500000 0.338342 0.215708 0.393594 0.312885 
0.500000 0.338621 0.215406 0.393788 0.312773 
0.440679 0.338828 0.215183 0.393932 0.312689 
0.500000 0.362094 0.215017 0.394039 0.312627 
0.500000 0.339096 0.220473 0.394118 0.312581 
0.500000 0.336563 0.219245 0.391516 0.312547 
0.500000 0.336262 0.218334 0.392101 0.313667 
0.500000 0.336886 0.217381 0.392535 0.313415 
0.500000 0.337479 0.216661 0.392990 0.313228 
0.500000 0.337970 0.216115 0.393333 0.313033 
0.500000 0.338342 0.215708 0.393594 0.312885 
0.500000 0.338621 0.215407 0.393788 0.312773 
0.440679 0.338828 0.215183 0.393932 0.312689 
0.500000 0.362094 0.215017 0.394039 0.312627 
0.500000 0.339096 0.220473 0.394118 0.312581 
0.500000 0.336563 0.219245 0.391516 0.312547 
0.500000 0.336262 0.218334 0.392101 0.313667 
0.500000 0.336885 0.217381 0.392535 0.313415 
0.500000 0.337479 0.216661 0.392990 0.313228 
0.500000 0.337970 0.216115 0.393333 0.313033 
0.500000 0.338342 0.215708 0.393594 0.312885 
0.500000 0.338621 0.215407 0.393788 0.312773 
0.440679 0.338828 0.215183 0.393932 0.312689 
0.500000 0.362094 0.215017 0.394039 0.312627 
0.500000 0.339096 0.220473 0.394118 0.312581 
0.500000 0.336563 0.219245 0.391516 0.312547 
0.500000 0.336262 0.218334 0.392101 0.313667 
0.500000 0.336885 0.217381 0.392535 0.313415 
0.500000 0.337479 0.216661 0.392990 0.313228 
0.500000 0.337970 0.216115 0.393333 0.313033 
0.500000 0.338342 0.215708 0.393594 0.312885 
0.500000 0.338621 0.215407 0.393788 0.312773 
0.440679 0.338828 0.215183 0.393932 0.312689 
0.500000 0.362094 0.215017 0.394039 0.312627 
0.500000 0.339096 0.220473 0.394118 0.312581 
0.500000 0.336563 0.219245 0.391516 0.312547 
0.500000 0.336262 0.218334 0.392101 0.313667 
0.500000 0.336885 0.217381 0.392535 0.313415 
0.500000 0.337479 0.216661 0.392990 0.313228 
0.500000 0.337970 0.216115 0.393333 0.313033 
0.500000 0.338342 0.215708 0.393594 0.312885 
0.500000 0.338621 0.215407 0.393788 0.312773 
0.440679 0.338828 0.215183 0.393932 0.312689 
0.500000 0.362094 0.215017 0.394039 0.312627 
0.500000 0.339096 0.220473 0.394118 0.312581 
0.500000 0.336563 0.219245 0.391516 0.312547 
0.500000 0.336262 0.218334 0.392101 0.313667 
0.500000 0.336885 0.217381 0.392535 0.313415 
0.500000 0.337479 0.216661 0.392990 0.313228 
0.500000 0.337970 0.216115 0.393333 0.313033 
0.500000 0.338342 0.215708 0.393594 0.312885 
0.500000 0.338621 0.215407 0.393788 0.312773 
0.440679 0.338828 0.215183 0.393932 0.312689 
0.500000 0.362094 0.215017 0.394039 0.312627 
0.500000 0.339096 0.220473 0.394118 0.312581 
0.500000 0.336563 0.219245 0.391516 0.312547 
0.500000 0.336262 0.218334 0.392101 0.313667 
0.500000 0.336885 0.217381 0.392535 0.313415 
0.500000 0.337479 0.216661 0.392990 0.313228 
0.500000 0.337970 0.216115 0.393333 0.313033 
0.500000 0.338342 0.215708 0.393594 0.312885 
0.500000 0.338621 0.215407 0.393788 0.312773 
0.500000 0.268941 0.268941 0.500000 0.500000 
0.500000 0.349770 0.208107 0.368680 0.500000 
0.500000 0.402880 0.218466 0.397423 0.323582 
0.500000 0.442581 0.232504 0.392472 0.311129 
0.500000 0.464236 0.256686 0.385798 0.313255 
0.500000 0.474862 0.285970 0.374403 0.316134 
0.500000 0.479299 0.317313 0.360789 0.321081 
0.500000 0.479880 0.347895 0.346462 0.327045 
0.500000 0.477176 0.375535 0.332746 0.333383 
0.500000 0.470495 0.398764 0.320588 0.339507 
0.440679 0.457934 0.416852 0.310554 0.344981 
0.500000 0.448413 0.429587 0.302863 0.349529 
0.500000 0.418943 0.438714 0.297512 0.353035 
0.500000 0.375582 0.442134 0.293711 0.355483 
0.500000 0.321501 0.439047 0.292294 0.357227 
0.500000 0.267508 0.427106 0.293573 0.357877 
0.500000 0.225093 0.402750 0.298550 0.357290 
0.500000 0.500000 0.363325 0.308850 0.355007 
0.500000 0.500000 0.402214 0.325930 0.350305 
0.500000 0.500000 0.423361 0.309079 0.342570 
0.440679 0.500000 0.440853 0.300121 0.350200 
0.500000 0.500000 0.453739 0.292824 0.354288 
0.500000 0.500000 0.463156 0.287516 0.357634 
0.500000 0.500000 0.469979 0.283673 0.360076 
0.500000 0.500000 0.474931 0.280909 0.361849 
0.500000 0.500000 0.478552 0.278913 0.363127 
0.500000 0.500000 0.481228 0.277458 0.364051 
0.500000 0.500000 0.483229 0.276387 0.364724 
0.500000 0.500000 0.484744 0.275587 0.365221 
0.500000 0.500000 0.485904 0.274982 0.365592 
0.440679 0.500000 0.486801 0.274520 0.365873 
0.500000 0.500000 0.487501 0.274163 0.366087 
0.500000 0.500000 0.488051 0.273885 0.366253 
0.500000 0.500000 0.488487 0.273666 0.366382 
0.500000 0.500000 0.488835 0.273492 0.366484 
0.500000 0.500000 0.489112 0.273354 0.366564 
0.500000 0.500000 0.489336 0.273244 0.366628 
0.500000 0.500000 0.489515 0.273156 0.366680 
0.500000 0.500000 0.489661 0.273084 0.366721 
0.500000 0.500000 0.489779 0.273026 0.366754 
0.440679 0.500000 0.489874 0.272980 0.366781 
0.500000 0.500000 0.489952 0.272942 0.366802 
0.500000 0.500000 0.490015 0.272911 0.366820 
0.500000 0.500000 0.490067 0.272886 0.366834 
0.500000 0.500000 0.490109 0.272865 0.366846 
0.500000 0.500000 0.490143 0.272849 0.366855 
0.500000 0.500000 0.490171 0.272835 0.366863 
0.500000 0.500000 0.490194 0.272824 0.366870 
0.500000 0.500000 0.490212 0.272815 0.366875 
0.500000 0.500000 0.490228 0.272808 0.366879 
0.440679 0.500000 0.490240 0.272801 0.366882 
0.500000 0.500000 0.490250 0.272797 0.366885 
0.500000 0.500000 0.490259 0.272792 0.366887 
0.500000 0.500000 0.490265 0.272789 0.366889 
0.500000 0.500000 0.490271 0.272786 0.366891 
0.500000 0.500000 0.490276 0.272784 0.366892 
0.500000 0.500000 0.490279 0.272782 0.366893 
0.500000 0.500000 0.490282 0.272781 0.366894 
0.500000 0.500000 0.490285 0.272780 0.366895 
0.500000 0.500000 0.490287 0.272779 0.366895 
0.440679 0.500000 0.490289 0.272778 0.366896 
0.500000 0.500000 0.490290 0.272777 0.366896 
0.500000 0.500000 0.490291 0.272777 0.366896 
0.500000 0.500000 0.490292 0.272776 0.366897 
0.500000 0.500000 0.490293 0.272776 0.366897 
0.500000 0.500000 0.490293 0.272776 0.366897 
0.500000 0.500000 0.490294 0.272775 0.366897 
0.500000 0.500000 0.490294 0.272775 0.366897 
0.500000 0.500000 0.490295 0.272775 0.366897 
0.500000 0.500000 0.490295 0.272775 0.366897 
0.440679 0.500000 0.490295 0.272775 0.366898 
0.500000 0.500000 0.490295 0.272775 0.366898 
0.500000 0.500000 0.490296 0.272775 0.366898 
0.500000 0.500000 0.490296 0.272775 0.366898 
0.500000 0.500000 0.490296 0.272774 0.366898 
0.500000 0.500000 0.490296 0.272774 0.366898 
0.500000 0.500000 0.490296 0.272774 0.366898 
0.500000 0.500000 0.490296 0.272774 0.366898 
0.500000 0.500000 0.490296 0.272774 0.366898 
0.500000 0.500000 0.490296 0.272774 0.366898 
0.440679 0.500000 0.490296 0.272774 0.366898 
0.500000 0.500000 0.490296 0.272774 0.366898 
0.500000 0.500000 0.490296 0.272774 0.366898 
0.500000 0.500000 0.490296 0.272774 0.366898 
0.500000 0.500000 0.490296 0.272774 0.366898 
0.500000 0.500000 0.490296 0.272774 0.366898 
0.500000 0.500000 0.490296 0.272774 0.366898 
0.500000 0.500000 0.490296 0.272774 0.366898 
0.500000 0.500000 0.490296 0.272774 0.366898 
0.500000 0.500000 0.490296 0.272774 0.366898 
0.440679 0.500000 0.490296 0.272774 0.366898 
0.500000 0.500000 0.490296 0.272774 0.366898 
0.500000 0.500000 0.490296 0.272774 0.366898 
0.500000 0.500000 0.490296 0.272774 0.366898 
0.500000 0.500000 0.490296 0.272774 0.366898 
0.500000 0.500000 0.490296 0.272774 0.366898 
0.500000 0.500000 0.490296 0.272774 0.366898 
0.500000 0.500000 0.490296 0.272774 0.366898 
0.500000 0.500000 0.490296 0.272774 0.366898 
0.500000 0.500000 0.490296 0.272774 0.366898 
0.500000 0.268941 0.268941 0.500000 0.500000 
0.500000 0.349770 0.208107 0.368680 0.500000 
0.500000 0.399182 0.218466 0.397423 0.323582 
0.500000 0.435845 0.231581 0.392472 0.311129 
0.500000 0.455728 0.254059 0.386236 0.313255 
0.500000 0.465065 0.281155 0.375635 0.315945 
0.500000 0.467744 0.310148 0.363013 0.320545 
0.500000 0.465330 0.338404 0.349714 0.326067 
0.500000 0.457581 0.363764 0.336974 0.331939 
0.500000 0.442918 0.384576 0.325737 0.337613 
0.440679 0.419055 0.399693 0.316663 0.342657 
0.500000 0.403789 0.408257 0.310157 0.346757 
0.500000 0.362602 0.413332 0.306504 0.349710 
0.500000 0.316426 0.409659 0.304351 0.351373 
0.500000 0.274087 0.396185 0.305908 0.352355 
0.500000 0.243253 0.371436 0.311660 0.351645 
0.500000 0.227094 0.336299 0.322377 0.349027 
0.500000 0.226703 0.295909 0.337915 0.344173 
0.500000 0.244252 0.258608 0.356218 0.337192 
0.500000 0.282366 0.231735 0.373504 0.329061 
0.440679 0.336561 0.218673 0.386163 0.321474 
0.500000 0.408773 0.219302 0.392373 0.315976 
0.500000 0.440851 0.236185 0.392074 0.313298 
0.500000 0.458170 0.259588 0.384056 0.313427 
0.500000 0.465886 0.287301 0.373045 0.316888 
0.500000 0.467444 0.316281 0.360175 0.321674 
0.500000 0.463969 0.344042 0.346930 0.327316 
0.500000 0.454909 0.368518 0.334459 0.333175 
0.500000 0.438471 0.388170 0.323653 0.338739 
0.500000 0.412396 0.401936 0.315109 0.343597 
0.440679 0.375873 0.408973 0.309198 0.347461 
0.500000 0.355721 0.408271 0.306200 0.350146 
0.500000 0.311316 0.404022 0.306498 0.351512 
0.500000 0.272295 0.389211 0.308308 0.351376 
0.500000 0.244718 0.363718 0.314660 0.350552 
0.500000 0.231503 0.328966 0.325758 0.347665 
0.500000 0.233984 0.290485 0.341204 0.342648 
0.500000 0.254426 0.256182 0.358709 0.335724 
0.500000 0.294330 0.232505 0.374640 0.327962 
0.500000 0.347102 0.222202 0.385798 0.320978 
0.440679 0.396578 0.224906 0.390692 0.316134 
0.500000 0.444006 0.238439 0.389406 0.314022 
0.500000 0.459573 0.263291 0.382990 0.314576 
0.500000 0.466348 0.291197 0.371314 0.317349 
0.500000 0.467203 0.320155 0.358382 0.322430 
0.500000 0.463038 0.347564 0.345177 0.328106 
0.500000 0.453103 0.371454 0.332893 0.333954 
0.500000 0.435483 0.390355 0.322368 0.339441 
0.500000 0.407978 0.403252 0.314167 0.344177 
0.500000 0.370194 0.409301 0.308636 0.347888 
0.440679 0.326159 0.407446 0.306060 0.350402 
0.500000 0.308442 0.396225 0.306849 0.351576 
0.500000 0.272505 0.381479 0.311643 0.351216 
0.500000 0.248428 0.355713 0.318004 0.349034 
0.500000 0.238160 0.322239 0.329284 0.346149 
0.500000 0.243389 0.286439 0.344235 0.341061 
0.500000 0.266160 0.255578 0.360573 0.334374 
0.500000 0.306528 0.235194 0.374923 0.327141 
0.500000 0.356396 0.227509 0.384525 0.320855 
0.500000 0.401096 0.231997 0.388169 0.316685 
0.440679 0.431829 0.246474 0.386039 0.315110 
0.500000 0.459115 0.267983 0.379199 0.316030 
0.500000 0.464971 0.296312 0.369127 0.318994 
0.500000 0.465126 0.324610 0.356033 0.323386 
0.500000 0.460071 0.351195 0.343165 0.329142 
0.500000 0.448914 0.374029 0.331282 0.334850 
0.500000 0.429698 0.391738 0.321245 0.340164 
0.500000 0.400507 0.403335 0.313571 0.344684 
0.500000 0.361703 0.407945 0.308600 0.348159 
0.500000 0.318173 0.404444 0.306637 0.350418 
0.440679 0.278205 0.391373 0.308127 0.351313 
0.500000 0.271752 0.367642 0.313728 0.350634 
0.500000 0.252912 0.342617 0.324036 0.348087 
0.500000 0.248238 0.310668 0.335094 0.343424 
0.500000 0.258678 0.279071 0.349478 0.338455 
0.500000 0.285629 0.253691 0.363977 0.332044 
0.500000 0.326541 0.238746 0.375807 0.325644 
0.500000 0.371594 0.235545 0.382844 0.320470 
0.500000 0.408963 0.243170 0.384358 0.317412 
0.500000 0.433692 0.259344 0.380756 0.316757 
0.440679 0.447303 0.281211 0.373159 0.318318 
0.500000 0.461979 0.305915 0.362987 0.321624 
0.500000 0.460410 0.333483 0.351642 0.326079 
0.500000 0.453344 0.358125 0.339177 0.331085 
0.500000 0.439469 0.378722 0.328219 0.336629 
0.500000 0.416934 0.393907 0.319201 0.341540 
0.500000 0.384650 0.402747 0.312638 0.345608 
0.500000 0.344638 0.404287 0.308851 0.348582 
0.500000 0.303153 0.397301 0.308195 0.350304 
0.500000 0.268078 0.380470 0.311182 0.350603 
0.440679 0.244881 0.353476 0.318442 0.349244 
0.500000 0.257752 0.318805 0.330273 0.345951 
0.500000 0.262882 0.290821 0.345787 0.340617 
0.500000 0.283623 0.265301 0.358555 0.333683 
0.500000 0.317873 0.248596 0.370376 0.328030 
0.500000 0.358820 0.242447 0.378201 0.322840 
0.500000 0.396004 0.246764 0.381097 0.319428 
0.500000 0.422830 0.259814 0.379063 0.318170 
0.500000 0.438847 0.279063 0.372939 0.319053 
0.500000 0.446247 0.301773 0.363981 0.321720 
0.500000 0.268941 0.268941 0.500000 0.500000 
0.500000 0.349770 0.208107 0.368680 0.500000 
0.500000 0.399182 0.325453 0.397423 0.323582 
0.500000 0.407823 0.232092 0.342785 0.311129 
0.500000 0.427263 0.327686 0.385994 0.335019 
0.500000 0.428922 0.241017 0.341780 0.316049 
0.500000 0.440886 0.325936 0.381772 0.335467 
0.500000 0.440642 0.247081 0.342568 0.317877 
0.500000 0.448906 0.323603 0.378914 0.335116 
0.500000 0.447875 0.251784 0.343619 0.319118 
0.440679 0.453972 0.321171 0.376702 0.334648 
0.500000 0.461841 0.255634 0.344717 0.320080 
0.500000 0.464949 0.321457 0.374896 0.334159 
0.500000 0.462618 0.258952 0.344588 0.320866 
0.500000 0.465136 0.318878 0.373342 0.334216 
0.500000 0.462939 0.261452 0.345754 0.321544 
0.500000 0.465205 0.316416 0.372173 0.333698 
0.500000 0.463178 0.263719 0.346869 0.322054 
0.500000 0.465234 0.314160 0.371115 0.333202 
0.500000 0.463366 0.265792 0.347892 0.322517 
0.440679 0.465236 0.312094 0.370147 0.332748 
0.500000 0.470783 0.267693 0.348829 0.322940 
0.500000 0.471539 0.312301 0.369262 0.332332 
0.500000 0.469393 0.269574 0.348736 0.323327 
0.500000 0.470098 0.310361 0.368386 0.332373 
0.500000 0.468135 0.270962 0.349617 0.323710 
0.500000 0.468919 0.308523 0.367740 0.331982 
0.500000 0.467154 0.272270 0.350454 0.323993 
0.500000 0.467987 0.306850 0.367132 0.331611 
0.500000 0.466404 0.273510 0.351215 0.324260 
0.440679 0.467257 0.305332 0.366556 0.331273 
0.500000 0.472672 0.274679 0.351908 0.324512 
0.500000 0.472757 0.305925 0.366013 0.330967 
0.500000 0.470919 0.275945 0.351637 0.324750 
0.500000 0.471025 0.304473 0.365426 0.331087 
0.500000 0.469366 0.276791 0.352300 0.325008 
0.500000 0.469606 0.303091 0.365034 0.330793 
0.500000 0.468139 0.277605 0.352931 0.325180 
0.500000 0.468481 0.301842 0.364657 0.330514 
0.500000 0.467188 0.278394 0.353501 0.325345 
0.440679 0.467600 0.300716 0.364291 0.330261 
0.500000 0.473179 0.279152 0.354016 0.325506 
0.500000 0.472946 0.301637 0.363940 0.330034 
0.500000 0.471344 0.280061 0.353595 0.325660 
0.500000 0.471150 0.300517 0.363519 0.330220 
0.500000 0.469723 0.280578 0.354107 0.325845 
0.500000 0.469678 0.299445 0.363280 0.329994 
0.500000 0.468437 0.281087 0.354598 0.325950 
0.500000 0.468512 0.298483 0.363044 0.329777 
0.500000 0.467437 0.281595 0.355038 0.326054 
0.440679 0.467601 0.297624 0.362810 0.329582 
0.500000 0.473348 0.282095 0.355432 0.326157 
0.500000 0.472929 0.298779 0.362579 0.329408 
0.500000 0.471494 0.282776 0.354903 0.326258 
0.500000 0.471118 0.297881 0.362264 0.329642 
0.500000 0.469856 0.283081 0.355314 0.326397 
0.500000 0.469636 0.297015 0.362123 0.329460 
0.500000 0.468554 0.283392 0.355711 0.326459 
0.500000 0.468464 0.296246 0.361979 0.329285 
0.500000 0.467540 0.283717 0.356063 0.326522 
0.440679 0.467549 0.295565 0.361829 0.329129 
0.500000 0.473422 0.284047 0.356375 0.326588 
0.500000 0.472884 0.296878 0.361677 0.328991 
0.500000 0.471563 0.284579 0.355774 0.326655 
0.500000 0.471071 0.296127 0.361431 0.329257 
0.500000 0.469919 0.284743 0.356118 0.326763 
0.500000 0.469588 0.295399 0.361355 0.329105 
0.500000 0.468613 0.284924 0.356452 0.326796 
0.500000 0.468416 0.294758 0.361272 0.328958 
0.500000 0.467595 0.285128 0.356746 0.326833 
0.440679 0.467502 0.294197 0.361178 0.328828 
0.500000 0.473462 0.285346 0.357004 0.326874 
0.500000 0.472847 0.295614 0.361077 0.328714 
0.500000 0.471602 0.285779 0.356353 0.326919 
0.500000 0.471033 0.294962 0.360877 0.329001 
0.500000 0.469957 0.285850 0.356652 0.327007 
0.500000 0.469551 0.294326 0.360845 0.328869 
0.500000 0.468648 0.285944 0.356944 0.327021 
0.500000 0.468380 0.293770 0.360801 0.328740 
0.500000 0.467628 0.286067 0.357200 0.327040 
0.440679 0.467468 0.293287 0.360745 0.328627 
0.500000 0.473488 0.286211 0.357421 0.327065 
0.500000 0.472820 0.294775 0.360678 0.328530 
0.500000 0.471626 0.286578 0.356738 0.327094 
0.500000 0.471007 0.294187 0.360509 0.328831 
0.500000 0.469980 0.286587 0.357008 0.327169 
0.500000 0.469526 0.293612 0.360505 0.328712 
0.500000 0.468671 0.286623 0.357272 0.327171 
0.500000 0.468356 0.293112 0.360488 0.328595 
0.500000 0.467649 0.286692 0.357502 0.327178 
0.440679 0.467445 0.292682 0.360456 0.328494 
0.500000 0.473504 0.286786 0.357699 0.327192 
0.500000 0.472802 0.294216 0.360413 0.328407 
0.500000 0.471642 0.287109 0.356995 0.327211 
0.500000 0.470990 0.293672 0.360264 0.328718 
0.500000 0.469996 0.287077 0.357244 0.327277 
0.500000 0.469509 0.293137 0.360279 0.328608 
0.500000 0.468686 0.287075 0.357490 0.327270 
0.500000 0.468340 0.292675 0.360280 0.328499 
0.500000 0.467663 0.287109 0.357702 0.327270 
