0.500000 0.500000 0.268941 0.500000 0.500000 
0.500000 0.500000 0.268941 0.368680 0.500000 
0.500000 0.500000 0.285061 0.368680 0.323582 
0.500000 0.403918 0.270531 0.361209 0.323582 
0.500000 0.424540 0.296460 0.367941 0.326861 
0.500000 0.432559 0.269692 0.355965 0.323905 
0.500000 0.442277 0.294329 0.368331 0.329172 
0.500000 0.444447 0.269355 0.356943 0.323735 
0.500000 0.449700 0.293034 0.368488 0.328741 
0.500000 0.449690 0.269571 0.357537 0.323666 
0.500000 0.453041 0.292104 0.368387 0.328478 
0.500000 0.452155 0.269993 0.357965 0.323710 
0.500000 0.454600 0.291349 0.368191 0.328290 
0.500000 0.453360 0.270489 0.358312 0.323796 
0.500000 0.455333 0.290692 0.367960 0.328137 
0.500000 0.453970 0.271003 0.358614 0.323897 
0.500000 0.455671 0.290100 0.367721 0.328004 
0.500000 0.454289 0.271510 0.358887 0.324002 
0.500000 0.455817 0.289554 0.367485 0.327884 
0.500000 0.454466 0.272000 0.359138 0.324105 
0.500000 0.455870 0.289045 0.367257 0.327773 
0.500000 0.454571 0.272469 0.359372 0.324205 
0.500000 0.455878 0.288568 0.367040 0.327670 
0.500000 0.454640 0.272914 0.359592 0.324300 
0.500000 0.455865 0.288120 0.366833 0.327573 
0.500000 0.454690 0.273336 0.359798 0.324391 
0.500000 0.455842 0.287697 0.366637 0.327482 
0.500000 0.454729 0.273736 0.359993 0.324477 
0.500000 0.455816 0.287299 0.366451 0.327396 
0.500000 0.454763 0.274113 0.360176 0.324558 
0.500000 0.455788 0.286923 0.366276 0.327315 
0.500000 0.454793 0.274471 0.360350 0.324635 
0.500000 0.455761 0.286569 0.366110 0.327239 
0.500000 0.454821 0.274808 0.360513 0.324708 
0.500000 0.455734 0.286234 0.365953 0.327167 
0.500000 0.454847 0.275127 0.360667 0.324776 
0.500000 0.455709 0.285919 0.365805 0.327099 
0.500000 0.454871 0.275429 0.360813 0.324841 
0.500000 0.455685 0.285620 0.365666 0.327035 
0.500000 0.454893 0.275714 0.360951 0.324903 
0.500000 0.455662 0.285339 0.365533 0.326974 
0.500000 0.454915 0.275983 0.361080 0.324961 
0.500000 0.455641 0.285074 0.365409 0.326917 
0.500000 0.454935 0.276237 0.361203 0.325015 
0.500000 0.455621 0.284823 0.365291 0.326863 
0.500000 0.454954 0.276477 0.361319 0.325067 
0.500000 0.455602 0.284586 0.365179 0.326813 
0.500000 0.454972 0.276704 0.361428 0.325116 
0.500000 0.455584 0.284363 0.365074 0.326764 
0.500000 0.454989 0.276919 0.361531 0.325162 
0.500000 0.455567 0.284152 0.364974 0.326719 
0.500000 0.455005 0.277122 0.361628 0.325206 
0.500000 0.455551 0.283952 0.364881 0.326676 
0.500000 0.455020 0.277313 0.361720 0.325247 
0.500000 0.455535 0.283764 0.364792 0.326636 
0.500000 0.455034 0.277494 0.361807 0.325286 
0.500000 0.455521 0.283587 0.364708 0.326598 
0.500000 0.455048 0.277665 0.361889 0.325323 
0.500000 0.455508 0.283419 0.364629 0.326561 
0.500000 0.455061 0.277826 0.361967 0.325358 
0.500000 0.455495 0.283261 0.364554 0.326527 
0.500000 0.455073 0.277979 0.362040 0.325390 
0.500000 0.455483 0.283111 0.364483 0.326495 
0.500000 0.455084 0.278123 0.362109 0.325421 
0.500000 0.455472 0.282970 0.364417 0.326465 
0.500000 0.455095 0.278259 0.362174 0.325451 
0.500000 0.455461 0.282837 0.364354 0.326436 
0.500000 0.455105 0.278387 0.362236 0.325478 
0.500000 0.455451 0.282711 0.364294 0.326409 
0.500000 0.455115 0.278509 0.362294 0.325505 
0.500000 0.455441 0.282592 0.364238 0.326384 
0.500000 0.455124 0.278623 0.362349 0.325529 
0.500000 0.455432 0.282480 0.364185 0.326359 
0.500000 0.455133 0.278732 0.362401 0.325553 
0.500000 0.455424 0.282374 0.364135 0.326337 
0.500000 0.455141 0.278834 0.362449 0.325575 
0.500000 0.455416 0.282274 0.364087 0.326315 
0.500000 0.455148 0.278931 0.362496 0.325595 
0.500000 0.455408 0.282180 0.364042 0.326295 
0.500000 0.455156 0.279022 0.362539 0.325615 
0.500000 0.455401 0.282091 0.364000 0.326276 
0.500000 0.455163 0.279108 0.362581 0.325634 
0.500000 0.455394 0.282006 0.363960 0.326257 
0.500000 0.455169 0.279190 0.362620 0.325651 
0.500000 0.455388 0.281927 0.363923 0.326240 
0.500000 0.455175 0.279267 0.362656 0.325668 
0.500000 0.455382 0.281852 0.363887 0.326224 
0.500000 0.455181 0.279339 0.362691 0.325683 
0.500000 0.455376 0.281781 0.363853 0.326209 
0.500000 0.455186 0.279408 0.362724 0.325698 
0.500000 0.455371 0.281714 0.363821 0.326195 
0.500000 0.455192 0.279473 0.362755 0.325712 
0.500000 0.455366 0.281651 0.363791 0.326181 
0.500000 0.455196 0.279534 0.362784 0.325725 
0.500000 0.455361 0.281591 0.363763 0.326168 
0.500000 0.455201 0.279592 0.362812 0.325738 
0.500000 0.455356 0.281534 0.363736 0.326156 
0.500000 0.455205 0.279647 0.362838 0.325750 
0.500000 0.455352 0.281481 0.363711 0.326144 
0.500000 0.455210 0.279698 0.362862 0.325761 
