0.440679 0.268941 0.268941 0.500000 0.500000 
0.440679 0.362982 0.267960 0.368680 0.500000 
0.440679 0.418483 0.311485 0.369137 0.323582 
0.440679 0.445448 0.333449 0.349106 0.323381 
0.440679 0.459345 0.351113 0.339192 0.332209 
0.440679 0.467000 0.363019 0.331319 0.336622 
0.440679 0.471498 0.371398 0.326065 0.340147 
0.440679 0.474272 0.377189 0.322393 0.342510 
0.440679 0.476045 0.381202 0.319868 0.344166 
0.440679 0.477210 0.383978 0.318125 0.345306 
0.440679 0.477989 0.385899 0.316921 0.346095 
0.440679 0.478519 0.387227 0.316090 0.346640 
0.440679 0.478883 0.388147 0.315516 0.347016 
0.440679 0.479135 0.388783 0.315119 0.347276 
0.440679 0.479312 0.389223 0.314845 0.347456 
0.440679 0.479437 0.389528 0.314655 0.347581 
0.440679 0.479526 0.389738 0.314524 0.347667 
0.440679 0.479590 0.389884 0.314433 0.347727 
0.440679 0.479637 0.389985 0.314370 0.347768 
0.440679 0.479671 0.390055 0.314326 0.347796 
0.440679 0.479697 0.390104 0.314296 0.347816 
0.440679 0.479716 0.390137 0.314275 0.347830 
0.440679 0.479731 0.390160 0.314261 0.347839 
0.440679 0.479743 0.390176 0.314251 0.347846 
0.440679 0.479753 0.390187 0.314244 0.347850 
0.440679 0.479761 0.390195 0.314239 0.347854 
0.440679 0.479767 0.390201 0.314236 0.347856 
0.440679 0.479772 0.390204 0.314233 0.347857 
0.440679 0.479777 0.390207 0.314232 0.347858 
0.440679 0.479781 0.390209 0.314231 0.347859 
0.440679 0.479784 0.390210 0.314230 0.347859 
0.440679 0.479787 0.390211 0.314229 0.347860 
0.440679 0.479790 0.390211 0.314229 0.347860 
0.440679 0.479792 0.390212 0.314229 0.347860 
0.440679 0.479794 0.390212 0.314229 0.347860 
0.440679 0.479796 0.390212 0.314228 0.347860 
0.440679 0.479797 0.390213 0.314228 0.347861 
0.440679 0.479799 0.390213 0.314228 0.347861 
0.440679 0.479800 0.390213 0.314228 0.347861 
0.440679 0.479801 0.390213 0.314228 0.347861 
0.440679 0.479802 0.390213 0.314228 0.347861 
0.440679 0.479803 0.390213 0.314228 0.347861 
0.440679 0.479804 0.390213 0.314228 0.347861 
0.440679 0.479805 0.390213 0.314228 0.347861 
0.440679 0.479805 0.390213 0.314228 0.347861 
0.440679 0.479806 0.390213 0.314228 0.347861 
0.440679 0.479806 0.390213 0.314228 0.347861 
0.440679 0.479807 0.390213 0.314228 0.347861 
0.440679 0.479807 0.390213 0.314228 0.347861 
0.440679 0.479808 0.390213 0.314228 0.347861 
0.440679 0.479808 0.390213 0.314228 0.347861 
0.440679 0.479808 0.390213 0.314228 0.347861 
0.440679 0.479809 0.390213 0.314228 0.347861 
0.440679 0.479809 0.390213 0.314228 0.347861 
0.440679 0.479809 0.390213 0.314228 0.347861 
0.440679 0.479809 0.390213 0.314228 0.347861 
0.440679 0.479810 0.390213 0.314228 0.347861 
0.440679 0.479810 0.390213 0.314228 0.347861 
0.440679 0.479810 0.390213 0.314228 0.347861 
0.440679 0.479810 0.390213 0.314228 0.347861 
0.440679 0.479810 0.390213 0.314228 0.347861 
0.440679 0.479810 0.390213 0.314228 0.347861 
0.440679 0.479810 0.390213 0.314228 0.347861 
0.440679 0.479810 0.390213 0.314228 0.347861 
0.440679 0.479811 0.390213 0.314228 0.347861 
0.440679 0.479811 0.390213 0.314228 0.347861 
0.440679 0.479811 0.390213 0.314228 0.347861 
0.440679 0.479811 0.390213 0.314228 0.347861 
0.440679 0.479811 0.390213 0.314228 0.347861 
0.440679 0.479811 0.390213 0.314228 0.347861 
0.440679 0.479811 0.390213 0.314228 0.347861 
0.440679 0.479811 0.390213 0.314228 0.347861 
0.440679 0.479811 0.390213 0.314228 0.347861 
0.440679 0.479811 0.390213 0.314228 0.347861 
0.440679 0.479811 0.390213 0.314228 0.347861 
0.440679 0.479811 0.390213 0.314228 0.347861 
0.440679 0.479811 0.390213 0.314228 0.347861 
0.440679 0.479811 0.390213 0.314228 0.347861 
0.440679 0.479811 0.390213 0.314228 0.347861 
0.440679 0.479811 0.390213 0.314228 0.347861 
0.440679 0.479811 0.390213 0.314228 0.347861 
0.440679 0.479811 0.390213 0.314228 0.347861 
0.440679 0.479811 0.390213 0.314228 0.347861 
0.440679 0.479811 0.390213 0.314228 0.347861 
0.440679 0.479811 0.390213 0.314228 0.347861 
0.440679 0.479811 0.390213 0.314228 0.347861 
0.440679 0.479811 0.390213 0.314228 0.347861 
0.440679 0.479811 0.390213 0.314228 0.347861 
0.440679 0.479811 0.390213 0.314228 0.347861 
0.440679 0.479811 0.390213 0.314228 0.347861 
0.440679 0.479811 0.390213 0.314228 0.347861 
0.440679 0.479811 0.390213 0.314228 0.347861 
0.440679 0.479811 0.390213 0.314228 0.347861 
0.440679 0.479811 0.390213 0.314228 0.347861 
0.440679 0.479811 0.390213 0.314228 0.347861 
0.440679 0.479811 0.390213 0.314228 0.347861 
0.440679 0.479811 0.390213 0.314228 0.347861 
0.440679 0.479811 0.390213 0.314228 0.347861 
0.440679 0.479811 0.390213 0.314228 0.347861 
0.440679 0.479811 0.390213 0.314228 0.347861 
0.440679 0.268941 0.268941 0.500000 0.500000 
0.440679 0.362982 0.268941 0.368680 0.500000 
0.440679 0.418249 0.312575 0.368680 0.323582 
0.440679 0.445096 0.334472 0.348611 0.323582 
0.440679 0.458955 0.351987 0.338733 0.332428 
0.440679 0.466608 0.363745 0.330932 0.336827 
0.440679 0.471116 0.371996 0.325746 0.340321 
0.440679 0.473905 0.377683 0.322132 0.342654 
0.440679 0.475695 0.381616 0.319653 0.344283 
0.440679 0.476875 0.384331 0.317945 0.345403 
0.440679 0.477671 0.386207 0.316768 0.346176 
0.440679 0.478216 0.387502 0.315957 0.346709 
0.440679 0.478594 0.388396 0.315398 0.347077 
0.440679 0.478860 0.389014 0.315012 0.347330 
0.440679 0.479050 0.389441 0.314745 0.347505 
0.440679 0.479187 0.389735 0.314561 0.347626 
0.440679 0.479287 0.389939 0.314434 0.347710 
0.440679 0.479362 0.390080 0.314346 0.347767 
0.440679 0.479418 0.390177 0.314286 0.347807 
0.440679 0.479462 0.390244 0.314244 0.347835 
0.440679 0.479496 0.390290 0.314215 0.347854 
0.440679 0.479522 0.390322 0.314195 0.347867 
0.440679 0.479544 0.390345 0.314181 0.347876 
0.440679 0.479562 0.390360 0.314171 0.347882 
0.440679 0.479577 0.390370 0.314165 0.347886 
0.440679 0.479590 0.390378 0.314160 0.347889 
0.440679 0.479601 0.390383 0.314157 0.347891 
0.440679 0.479610 0.390386 0.314155 0.347893 
0.440679 0.479619 0.390389 0.314153 0.347894 
0.440679 0.479626 0.390390 0.314152 0.347895 
0.440679 0.479632 0.390391 0.314152 0.347895 
0.440679 0.479638 0.390392 0.314151 0.347895 
0.440679 0.479643 0.390393 0.314151 0.347896 
0.440679 0.479647 0.390393 0.314151 0.347896 
0.440679 0.479651 0.390393 0.314150 0.347896 
0.440679 0.479655 0.390394 0.314150 0.347896 
0.440679 0.479658 0.390394 0.314150 0.347896 
0.440679 0.479661 0.390394 0.314150 0.347896 
0.440679 0.479664 0.390394 0.314150 0.347896 
0.440679 0.479666 0.390394 0.314150 0.347896 
0.440679 0.479668 0.390394 0.314150 0.347896 
0.440679 0.479670 0.390394 0.314150 0.347896 
0.440679 0.479672 0.390394 0.314150 0.347896 
0.440679 0.479673 0.390394 0.314150 0.347896 
0.440679 0.479675 0.390394 0.314150 0.347896 
0.440679 0.479676 0.390394 0.314150 0.347896 
0.440679 0.479677 0.390394 0.314150 0.347896 
0.440679 0.479678 0.390394 0.314150 0.347896 
0.440679 0.479679 0.390394 0.314150 0.347896 
0.440679 0.479680 0.390394 0.314150 0.347896 
0.440679 0.479680 0.390394 0.314150 0.347896 
0.440679 0.479681 0.390394 0.314150 0.347896 
0.440679 0.479682 0.390394 0.314150 0.347896 
0.440679 0.479682 0.390394 0.314150 0.347896 
0.440679 0.479683 0.390394 0.314150 0.347896 
0.440679 0.479683 0.390394 0.314150 0.347896 
0.440679 0.479683 0.390394 0.314150 0.347896 
0.440679 0.479684 0.390394 0.314150 0.347896 
0.440679 0.479684 0.390394 0.314150 0.347896 
0.440679 0.479684 0.390394 0.314150 0.347896 
0.440679 0.479685 0.390394 0.314150 0.347896 
0.440679 0.479685 0.390394 0.314150 0.347896 
0.440679 0.479685 0.390394 0.314150 0.347896 
0.440679 0.479685 0.390394 0.314150 0.347896 
0.440679 0.479685 0.390394 0.314150 0.347896 
0.440679 0.479685 0.390394 0.314150 0.347896 
0.440679 0.479686 0.390394 0.314150 0.347896 
0.440679 0.479686 0.390394 0.314150 0.347896 
0.440679 0.479686 0.390394 0.314150 0.347896 
0.440679 0.479686 0.390394 0.314150 0.347896 
0.440679 0.479686 0.390394 0.314150 0.347896 
0.440679 0.479686 0.390394 0.314150 0.347896 
0.440679 0.479686 0.390394 0.314150 0.347896 
0.440679 0.479686 0.390394 0.314150 0.347896 
0.440679 0.479686 0.390394 0.314150 0.347896 
0.440679 0.479686 0.390394 0.314150 0.347896 
0.440679 0.479686 0.390394 0.314150 0.347896 
0.440679 0.479686 0.390394 0.314150 0.347896 
0.440679 0.479686 0.390394 0.314150 0.347896 
0.440679 0.479686 0.390394 0.314150 0.347896 
0.440679 0.479687 0.390394 0.314150 0.347896 
0.440679 0.479687 0.390394 0.314150 0.347896 
0.440679 0.479687 0.390394 0.314150 0.347896 
0.440679 0.479687 0.390394 0.314150 0.347896 
0.440679 0.479687 0.390394 0.314150 0.347896 
0.440679 0.479687 0.390394 0.314150 0.347896 
0.440679 0.479687 0.390394 0.314150 0.347896 
0.440679 0.479687 0.390394 0.314150 0.347896 
0.440679 0.479687 0.390394 0.314150 0.347896 
0.440679 0.479687 0.390394 0.314150 0.347896 
0.440679 0.479687 0.390394 0.314150 0.347896 
0.440679 0.479687 0.390394 0.314150 0.347896 
0.440679 0.479687 0.390394 0.314150 0.347896 
0.440679 0.479687 0.390394 0.314150 0.347896 
0.440679 0.479687 0.390394 0.314150 0.347896 
0.440679 0.479687 0.390394 0.314150 0.347896 
0.440679 0.479687 0.390394 0.314150 0.347896 
0.440679 0.479687 0.390394 0.314150 0.347896 
0.440679 0.479687 0.390394 0.314150 0.347896 
0.440679 0.479687 0.390394 0.314150 0.347896 
0.440679 0.268941 0.268941 0.500000 0.500000 
0.440679 0.362982 0.268941 0.368680 0.500000 
0.440679 0.418249 0.312575 0.368680 0.323582 
0.440679 0.445096 0.290525 0.348611 0.323582 
0.440679 0.464023 0.308699 0.358691 0.332428 
0.440679 0.474631 0.295979 0.350374 0.327970 
0.440679 0.482137 0.305319 0.356186 0.331647 
0.440679 0.486728 0.298558 0.351914 0.329075 
0.440679 0.490030 0.303471 0.355004 0.330964 
0.440679 0.492211 0.299904 0.352757 0.329597 
0.440679 0.493823 0.302493 0.354388 0.330591 
0.440679 0.494957 0.300613 0.353204 0.329870 
0.440679 0.495820 0.301978 0.354063 0.330393 
0.440679 0.496458 0.300987 0.353439 0.330013 
0.440679 0.496957 0.301707 0.353892 0.330289 
0.440679 0.497341 0.301184 0.353563 0.330089 
0.440679 0.497648 0.301564 0.353802 0.330234 
0.440679 0.497892 0.301288 0.353629 0.330128 
0.440679 0.498092 0.301488 0.353755 0.330205 
0.440679 0.498254 0.301343 0.353663 0.330149 
0.440679 0.498389 0.301448 0.353730 0.330190 
0.440679 0.498501 0.301372 0.353681 0.330161 
0.440679 0.498596 0.301427 0.353716 0.330182 
0.440679 0.498676 0.301387 0.353691 0.330166 
0.440679 0.498744 0.301416 0.353709 0.330178 
0.440679 0.498802 0.301395 0.353696 0.330169 
0.440679 0.498852 0.301410 0.353706 0.330175 
0.440679 0.498896 0.301399 0.353699 0.330171 
0.440679 0.498933 0.301407 0.353704 0.330174 
0.440679 0.498966 0.301401 0.353700 0.330172 
0.440679 0.498994 0.301406 0.353703 0.330174 
0.440679 0.499020 0.301403 0.353701 0.330172 
0.440679 0.499042 0.301405 0.353702 0.330173 
0.440679 0.499061 0.301403 0.353701 0.330173 
0.440679 0.499078 0.301404 0.353702 0.330173 
0.440679 0.499093 0.301403 0.353701 0.330173 
0.440679 0.499107 0.301404 0.353702 0.330173 
0.440679 0.499119 0.301404 0.353701 0.330173 
0.440679 0.499129 0.301404 0.353702 0.330173 
0.440679 0.499139 0.301404 0.353702 0.330173 
0.440679 0.499147 0.301404 0.353702 0.330173 
0.440679 0.499154 0.301404 0.353702 0.330173 
0.440679 0.499161 0.301404 0.353702 0.330173 
0.440679 0.499167 0.301404 0.353702 0.330173 
0.440679 0.499172 0.301404 0.353702 0.330173 
0.440679 0.499177 0.301404 0.353702 0.330173 
0.440679 0.499181 0.301404 0.353702 0.330173 
0.440679 0.499185 0.301404 0.353702 0.330173 
0.440679 0.499189 0.301404 0.353702 0.330173 
0.440679 0.499192 0.301404 0.353702 0.330173 
0.440679 0.499194 0.301404 0.353702 0.330173 
0.440679 0.499197 0.301404 0.353702 0.330173 
0.440679 0.499199 0.301404 0.353702 0.330173 
0.440679 0.499201 0.301404 0.353702 0.330173 
0.440679 0.499203 0.301404 0.353702 0.330173 
0.440679 0.499205 0.301404 0.353702 0.330173 
0.440679 0.499206 0.301404 0.353702 0.330173 
0.440679 0.499207 0.301404 0.353702 0.330173 
0.440679 0.499208 0.301404 0.353702 0.330173 
0.440679 0.499209 0.301404 0.353702 0.330173 
0.440679 0.499210 0.301404 0.353702 0.330173 
0.440679 0.499211 0.301404 0.353702 0.330173 
0.440679 0.499212 0.301404 0.353702 0.330173 
0.440679 0.499213 0.301404 0.353702 0.330173 
0.440679 0.499213 0.301404 0.353702 0.330173 
0.440679 0.499214 0.301404 0.353702 0.330173 
0.440679 0.499214 0.301404 0.353702 0.330173 
0.440679 0.499215 0.301404 0.353702 0.330173 
0.440679 0.499215 0.301404 0.353702 0.330173 
0.440679 0.499216 0.301404 0.353702 0.330173 
0.440679 0.499216 0.301404 0.353702 0.330173 
0.440679 0.499216 0.301404 0.353702 0.330173 
0.440679 0.499216 0.301404 0.353702 0.330173 
0.440679 0.499217 0.301404 0.353702 0.330173 
0.440679 0.499217 0.301404 0.353702 0.330173 
0.440679 0.499217 0.301404 0.353702 0.330173 
0.440679 0.499217 0.301404 0.353702 0.330173 
0.440679 0.499217 0.301404 0.353702 0.330173 
0.440679 0.499218 0.301404 0.353702 0.330173 
0.440679 0.499218 0.301404 0.353702 0.330173 
0.440679 0.499218 0.301404 0.353702 0.330173 
0.440679 0.499218 0.301404 0.353702 0.330173 
0.440679 0.499218 0.301404 0.353702 0.330173 
0.440679 0.499218 0.301404 0.353702 0.330173 
0.440679 0.499218 0.301404 0.353702 0.330173 
0.440679 0.499218 0.301404 0.353702 0.330173 
0.440679 0.499218 0.301404 0.353702 0.330173 
0.440679 0.499218 0.301404 0.353702 0.330173 
0.440679 0.499218 0.301404 0.353702 0.330173 
0.440679 0.499218 0.301404 0.353702 0.330173 
0.440679 0.499218 0.301404 0.353702 0.330173 
0.440679 0.499218 0.301404 0.353702 0.330173 
0.440679 0.499219 0.301404 0.353702 0.330173 
0.440679 0.499219 0.301404 0.353702 0.330173 
0.440679 0.499219 0.301404 0.353702 0.330173 
0.440679 0.499219 0.301404 0.353702 0.330173 
0.440679 0.499219 0.301404 0.353702 0.330173 
0.440679 0.499219 0.301404 0.353702 0.330173 
0.440679 0.499219 0.301404 0.353702 0.330173 
0.440679 0.499219 0.301404 0.353702 0.330173 
0.440679 0.268941 0.268941 0.500000 0.500000 
0.440679 0.362982 0.268941 0.368680 0.500000 
0.440679 0.418249 0.312575 0.368680 0.323582 
0.440679 0.445096 0.351477 0.348611 0.323582 
0.440679 0.456930 0.389293 0.331158 0.332428 
0.440679 0.460935 0.421750 0.314625 0.340220 
0.440679 0.460181 0.447096 0.300798 0.347681 
0.440679 0.455962 0.465225 0.290245 0.353979 
0.440679 0.448883 0.477365 0.282833 0.358820 
0.440679 0.439350 0.485171 0.277935 0.362237 
0.440679 0.427776 0.490107 0.274812 0.364504 
0.440679 0.414634 0.493232 0.272849 0.365951 
0.440679 0.400442 0.495236 0.271611 0.366863 
0.440679 0.385721 0.496548 0.270819 0.367438 
0.440679 0.370950 0.497427 0.270301 0.367807 
0.440679 0.356528 0.498029 0.269955 0.368048 
0.440679 0.342759 0.498453 0.269717 0.368209 
0.440679 0.329851 0.498757 0.269550 0.368319 
0.440679 0.317923 0.498980 0.269431 0.368397 
0.440679 0.307024 0.499146 0.269343 0.368453 
0.440679 0.297152 0.499273 0.269277 0.368493 
0.440679 0.288268 0.499372 0.269227 0.368524 
0.440679 0.280310 0.499449 0.269189 0.368547 
0.440679 0.273206 0.499510 0.269158 0.368565 
0.440679 0.266879 0.499559 0.269134 0.368579 
0.440679 0.261251 0.499600 0.269115 0.368591 
0.440679 0.256249 0.499633 0.269099 0.368600 
0.440679 0.251804 0.499660 0.269086 0.368607 
0.440679 0.247854 0.499683 0.269075 0.368613 
0.440679 0.244344 0.499703 0.269066 0.368618 
0.440679 0.241221 0.499719 0.269058 0.368622 
0.440679 0.238443 0.499733 0.269052 0.368626 
0.440679 0.235968 0.499745 0.269046 0.368629 
0.440679 0.233763 0.499755 0.269042 0.368631 
0.440679 0.231796 0.499764 0.269038 0.368634 
0.440679 0.230041 0.499772 0.269034 0.368635 
0.440679 0.228474 0.499779 0.269031 0.368637 
0.440679 0.227073 0.499785 0.269028 0.368639 
0.440679 0.225820 0.499790 0.269026 0.368640 
0.440679 0.224699 0.499795 0.269024 0.368641 
0.440679 0.223695 0.499799 0.269022 0.368642 
0.440679 0.222795 0.499802 0.269021 0.368643 
0.440679 0.221989 0.499805 0.269019 0.368643 
0.440679 0.221266 0.499808 0.269018 0.368644 
0.440679 0.220618 0.499811 0.269017 0.368645 
0.440679 0.220036 0.499813 0.269016 0.368645 
0.440679 0.219513 0.499815 0.269015 0.368646 
0.440679 0.219044 0.499817 0.269014 0.368646 
0.440679 0.218622 0.499818 0.269013 0.368646 
0.440679 0.218243 0.499820 0.269013 0.368647 
0.440679 0.217903 0.499821 0.269012 0.368647 
0.440679 0.217597 0.499822 0.269012 0.368647 
0.440679 0.217321 0.499823 0.269011 0.368647 
0.440679 0.217074 0.499824 0.269011 0.368648 
0.440679 0.216851 0.499825 0.269011 0.368648 
0.440679 0.216651 0.499825 0.269010 0.368648 
0.440679 0.216471 0.499826 0.269010 0.368648 
0.440679 0.216308 0.499827 0.269010 0.368648 
0.440679 0.216162 0.499827 0.269010 0.368648 
0.440679 0.216031 0.499828 0.269009 0.368649 
0.440679 0.215913 0.499828 0.269009 0.368649 
0.440679 0.215806 0.499829 0.269009 0.368649 
0.440679 0.215710 0.499829 0.269009 0.368649 
0.440679 0.215624 0.499829 0.269009 0.368649 
0.440679 0.215546 0.499829 0.269009 0.368649 
0.440679 0.215476 0.499830 0.269009 0.368649 
0.440679 0.215413 0.499830 0.269008 0.368649 
0.440679 0.215357 0.499830 0.269008 0.368649 
0.440679 0.215306 0.499830 0.269008 0.368649 
0.440679 0.215259 0.499830 0.269008 0.368649 
0.440679 0.215218 0.499831 0.269008 0.368649 
0.440679 0.215181 0.499831 0.269008 0.368649 
0.440679 0.215147 0.499831 0.269008 0.368649 
0.440679 0.215117 0.499831 0.269008 0.368649 
0.440679 0.215089 0.499831 0.269008 0.368649 
0.440679 0.215065 0.499831 0.269008 0.368649 
0.440679 0.215043 0.499831 0.269008 0.368649 
0.440679 0.215023 0.499831 0.269008 0.368649 
0.440679 0.215005 0.499831 0.269008 0.368649 
0.440679 0.214989 0.499831 0.269008 0.368649 
0.440679 0.214974 0.499831 0.269008 0.368649 
0.440679 0.214961 0.499831 0.269008 0.368649 
0.440679 0.214949 0.499832 0.269008 0.368649 
0.440679 0.214938 0.499832 0.269008 0.368649 
0.440679 0.214929 0.499832 0.269008 0.368649 
0.440679 0.214920 0.499832 0.269008 0.368649 
0.440679 0.214912 0.499832 0.269008 0.368649 
0.440679 0.214905 0.499832 0.269008 0.368649 
0.440679 0.214899 0.499832 0.269008 0.368649 
0.440679 0.214893 0.499832 0.269008 0.368649 
0.440679 0.214888 0.499832 0.269008 0.368649 
0.440679 0.214884 0.499832 0.269008 0.368649 
0.440679 0.214879 0.499832 0.269008 0.368649 
0.440679 0.214876 0.499832 0.269008 0.368649 
0.440679 0.214872 0.499832 0.269008 0.368649 
0.440679 0.214869 0.499832 0.269008 0.368649 
0.440679 0.214867 0.499832 0.269008 0.368649 
0.440679 0.214864 0.499832 0.269008 0.368649 
0.440679 0.214862 0.499832 0.269008 0.368649 
0.440679 0.214860 0.499832 0.269008 0.368649 
