0.440679 0.268941 0.268941 0.500000 0.500000 
0.440679 0.362982 0.500000 0.368680 0.500000 
0.440679 0.361407 0.500000 0.500000 0.323582 
0.440679 0.374813 0.500000 0.500000 0.500000 
0.440679 0.386242 0.500000 0.500000 0.500000 
0.440679 0.395960 0.500000 0.500000 0.500000 
0.440679 0.404223 0.500000 0.500000 0.500000 
0.440679 0.411256 0.500000 0.500000 0.500000 
0.440679 0.417255 0.500000 0.500000 0.500000 
0.440679 0.422387 0.500000 0.500000 0.500000 
0.440679 0.426791 0.500000 0.500000 0.500000 
0.440679 0.430583 0.500000 0.500000 0.500000 
0.440679 0.433858 0.500000 0.500000 0.500000 
0.440679 0.436696 0.500000 0.500000 0.500000 
0.440679 0.439163 0.500000 0.500000 0.500000 
0.440679 0.441314 0.500000 0.500000 0.500000 
0.440679 0.443195 0.232474 0.500000 0.500000 
0.440679 0.474412 0.233709 0.385812 0.500000 
0.440679 0.486141 0.265105 0.385228 0.316128 
0.440679 0.491126 0.285910 0.370468 0.316381 
0.440679 0.493516 0.301412 0.360817 0.322800 
0.440679 0.494794 0.312128 0.353698 0.327033 
0.440679 0.495536 0.319483 0.348814 0.330175 
0.440679 0.495995 0.324480 0.345480 0.332338 
0.440679 0.496294 0.327865 0.343224 0.333819 
0.440679 0.496496 0.330155 0.341699 0.334824 
0.440679 0.496638 0.331704 0.340670 0.335503 
0.440679 0.496740 0.332754 0.339974 0.335962 
0.440679 0.496816 0.333467 0.339504 0.336273 
0.440679 0.496874 0.333953 0.339184 0.336483 
0.440679 0.496920 0.334286 0.338966 0.336626 
0.440679 0.496956 0.334517 0.338816 0.336723 
0.440679 0.496985 0.334677 0.338713 0.336790 
0.440679 0.497010 0.334789 0.338642 0.336836 
0.440679 0.497030 0.334869 0.338591 0.336868 
0.440679 0.497047 0.334927 0.338555 0.336890 
0.440679 0.497062 0.334970 0.338529 0.336906 
0.440679 0.497075 0.335002 0.338510 0.336918 
0.440679 0.497086 0.335026 0.338496 0.336927 
0.440679 0.497096 0.335045 0.338485 0.336933 
0.440679 0.497104 0.335060 0.338477 0.336938 
0.440679 0.497112 0.335072 0.338470 0.336942 
0.440679 0.497118 0.335082 0.338464 0.336945 
0.440679 0.497124 0.335091 0.338460 0.336947 
0.440679 0.497129 0.335098 0.338456 0.336949 
0.440679 0.497134 0.335104 0.338453 0.336951 
0.440679 0.497138 0.335109 0.338450 0.336952 
0.440679 0.497141 0.335113 0.338448 0.336953 
0.440679 0.497144 0.335117 0.338446 0.336954 
0.440679 0.497147 0.335121 0.338444 0.336955 
0.440679 0.497150 0.335123 0.338443 0.336956 
0.440679 0.497152 0.335126 0.338442 0.336957 
0.440679 0.497154 0.335128 0.338440 0.336957 
0.440679 0.497155 0.335130 0.338439 0.336958 
0.440679 0.497157 0.335132 0.338438 0.336958 
0.440679 0.497158 0.335134 0.338438 0.336959 
0.440679 0.497159 0.335135 0.338437 0.336959 
0.440679 0.497160 0.335136 0.338436 0.336959 
0.440679 0.497161 0.335138 0.338436 0.336960 
0.440679 0.497162 0.335138 0.338435 0.336960 
0.440679 0.497163 0.335139 0.338435 0.336960 
0.440679 0.497164 0.335140 0.338434 0.336960 
0.440679 0.497164 0.335141 0.338434 0.336960 
0.440679 0.497165 0.335141 0.338434 0.336961 
0.440679 0.497165 0.335142 0.338434 0.336961 
0.440679 0.497166 0.335142 0.338433 0.336961 
0.440679 0.497166 0.335143 0.338433 0.336961 
0.440679 0.497166 0.335143 0.338433 0.336961 
0.440679 0.497166 0.335144 0.338433 0.336961 
0.440679 0.497167 0.335144 0.338433 0.336961 
0.440679 0.497167 0.335144 0.338432 0.336961 
0.440679 0.497167 0.335144 0.338432 0.336961 
0.440679 0.497167 0.335145 0.338432 0.336961 
0.440679 0.497167 0.335145 0.338432 0.336961 
0.440679 0.497168 0.335145 0.338432 0.336962 
0.440679 0.497168 0.335145 0.338432 0.336962 
0.440679 0.497168 0.335145 0.338432 0.336962 
0.440679 0.497168 0.335145 0.338432 0.336962 
0.440679 0.497168 0.335145 0.338432 0.336962 
0.440679 0.497168 0.335145 0.338432 0.336962 
0.440679 0.497168 0.335146 0.338432 0.336962 
0.440679 0.497168 0.335146 0.338432 0.336962 
0.440679 0.497168 0.335146 0.338432 0.336962 
0.440679 0.497168 0.335146 0.338432 0.336962 
0.440679 0.497168 0.335146 0.338432 0.336962 
0.440679 0.497168 0.335146 0.338432 0.336962 
0.440679 0.497168 0.335146 0.338432 0.336962 
0.440679 0.497168 0.335146 0.338432 0.336962 
0.440679 0.497169 0.335146 0.338432 0.336962 
0.440679 0.497169 0.335146 0.338432 0.336962 
0.440679 0.497169 0.335146 0.338431 0.336962 
0.440679 0.497169 0.335146 0.338431 0.336962 
0.440679 0.497169 0.335146 0.338431 0.336962 
0.440679 0.497169 0.335146 0.338431 0.336962 
0.440679 0.497169 0.335146 0.338431 0.336962 
0.440679 0.497169 0.335146 0.338431 0.336962 
0.440679 0.497169 0.335146 0.338431 0.336962 
0.440679 0.497169 0.335146 0.338431 0.336962 
0.440679 0.497169 0.335146 0.338431 0.336962 
0.440679 0.497169 0.335146 0.338431 0.336962 
