0.440679 0.268941 0.268941 0.500000 0.500000 
0.440679 0.226745 0.240693 0.368680 0.500000 
0.440679 0.202865 0.254109 0.381925 0.323582 
0.440679 0.205424 0.257719 0.375612 0.317811 
0.440679 0.206058 0.263795 0.373920 0.320555 
0.440679 0.207561 0.270105 0.371079 0.321292 
0.440679 0.209099 0.277230 0.368139 0.322532 
0.440679 0.210835 0.285155 0.364830 0.323819 
0.440679 0.212754 0.293989 0.361165 0.325269 
0.440679 0.214882 0.303811 0.357099 0.326880 
0.440679 0.217233 0.314689 0.352602 0.328672 
0.440679 0.219822 0.326658 0.347652 0.330660 
0.440679 0.222653 0.339701 0.342243 0.332854 
0.440679 0.225719 0.353725 0.336395 0.335261 
0.440679 0.228995 0.368538 0.330163 0.337872 
0.440679 0.232436 0.383833 0.323644 0.340667 
0.440679 0.235968 0.399197 0.316984 0.343601 
0.440679 0.239498 0.414144 0.310369 0.346611 
0.440679 0.242915 0.428181 0.304007 0.349614 
0.440679 0.246108 0.440885 0.298100 0.352512 
0.440679 0.248986 0.451974 0.292811 0.355214 
0.440679 0.251487 0.461334 0.288240 0.357640 
0.440679 0.253590 0.469012 0.284414 0.359743 
0.440679 0.255310 0.475167 0.281300 0.361507 
0.440679 0.256685 0.480022 0.278818 0.362946 
0.440679 0.257768 0.483812 0.276869 0.364095 
0.440679 0.258613 0.486758 0.275354 0.364997 
0.440679 0.259270 0.489046 0.274180 0.365700 
0.440679 0.259781 0.490830 0.273270 0.366245 
0.440679 0.260180 0.492227 0.272563 0.366667 
0.440679 0.260493 0.493329 0.272009 0.366996 
0.440679 0.260740 0.494205 0.271573 0.367253 
0.440679 0.260938 0.494908 0.271226 0.367456 
0.440679 0.261096 0.495477 0.270948 0.367617 
0.440679 0.261225 0.495941 0.270724 0.367746 
0.440679 0.261330 0.496322 0.270541 0.367851 
0.440679 0.261417 0.496638 0.270390 0.367936 
0.440679 0.261489 0.496902 0.270265 0.368006 
0.440679 0.261549 0.497124 0.270161 0.368064 
0.440679 0.261599 0.497311 0.270074 0.368112 
0.440679 0.261642 0.497471 0.270000 0.368153 
0.440679 0.261679 0.497607 0.269937 0.368188 
0.440679 0.261710 0.497725 0.269883 0.368217 
0.440679 0.261737 0.497826 0.269837 0.368242 
0.440679 0.261760 0.497914 0.269797 0.368263 
0.440679 0.261781 0.497990 0.269763 0.368282 
0.440679 0.261798 0.498057 0.269732 0.368298 
0.440679 0.261814 0.498116 0.269706 0.368312 
0.440679 0.261827 0.498167 0.269683 0.368324 
0.440679 0.261839 0.498213 0.269663 0.368335 
0.440679 0.261849 0.498253 0.269645 0.368345 
0.440679 0.261859 0.498288 0.269629 0.368353 
0.440679 0.261867 0.498320 0.269615 0.368360 
0.440679 0.261874 0.498348 0.269603 0.368367 
0.440679 0.261881 0.498372 0.269592 0.368372 
0.440679 0.261886 0.498394 0.269582 0.368378 
0.440679 0.261891 0.498414 0.269573 0.368382 
0.440679 0.261896 0.498432 0.269565 0.368386 
0.440679 0.261900 0.498448 0.269558 0.368390 
0.440679 0.261904 0.498462 0.269552 0.368393 
0.440679 0.261907 0.498474 0.269547 0.368396 
0.440679 0.261910 0.498486 0.269542 0.368399 
0.440679 0.261913 0.498496 0.269537 0.368401 
0.440679 0.261915 0.498505 0.269533 0.368403 
0.440679 0.261917 0.498513 0.269530 0.368405 
0.440679 0.261919 0.498521 0.269526 0.368406 
0.440679 0.261921 0.498527 0.269524 0.368408 
0.440679 0.261922 0.498533 0.269521 0.368409 
0.440679 0.261924 0.498539 0.269519 0.368411 
0.440679 0.261925 0.498544 0.269516 0.368412 
0.440679 0.261926 0.498548 0.269515 0.368413 
0.440679 0.261927 0.498552 0.269513 0.368413 
0.440679 0.261928 0.498555 0.269511 0.368414 
0.440679 0.261929 0.498559 0.269510 0.368415 
0.440679 0.261929 0.498561 0.269509 0.368416 
0.440679 0.261930 0.498564 0.269507 0.368416 
0.440679 0.261931 0.498566 0.269506 0.368417 
0.440679 0.261931 0.498568 0.269506 0.368417 
0.440679 0.261932 0.498570 0.269505 0.368418 
0.440679 0.261932 0.498572 0.269504 0.368418 
0.440679 0.261933 0.498574 0.269503 0.368418 
0.440679 0.261933 0.498575 0.269503 0.368419 
0.440679 0.261933 0.498576 0.269502 0.368419 
0.440679 0.261933 0.498577 0.269502 0.368419 
0.440679 0.261934 0.498578 0.269501 0.368419 
0.440679 0.261934 0.498579 0.269501 0.368420 
0.440679 0.261934 0.498580 0.269500 0.368420 
0.440679 0.261934 0.498581 0.269500 0.368420 
0.440679 0.261935 0.498582 0.269500 0.368420 
0.440679 0.261935 0.498582 0.269500 0.368420 
0.440679 0.261935 0.498583 0.269499 0.368420 
0.440679 0.261935 0.498583 0.269499 0.368421 
0.440679 0.261935 0.498584 0.269499 0.368421 
0.440679 0.261935 0.498584 0.269499 0.368421 
0.440679 0.261935 0.498585 0.269499 0.368421 
0.440679 0.261935 0.498585 0.269498 0.368421 
0.440679 0.261935 0.498585 0.269498 0.368421 
0.440679 0.261936 0.498585 0.269498 0.368421 
0.440679 0.261936 0.498586 0.269498 0.368421 
0.440679 0.261936 0.498586 0.269498 0.368421 
0.440679 0.268941 0.268941 0.500000 0.500000 
0.440679 0.226745 0.240693 0.368680 0.500000 
0.440679 0.177549 0.216855 0.381925 0.323582 
0.440679 0.500000 0.500000 0.393241 0.317811 
0.440679 0.500000 0.500000 0.500000 0.312925 
0.440679 0.500000 0.500000 0.500000 0.500000 
0.440679 0.166996 0.500000 0.500000 0.500000 
0.440679 0.178530 0.500000 0.500000 0.500000 
0.440679 0.192344 0.500000 0.500000 0.500000 
0.440679 0.208596 0.500000 0.500000 0.500000 
0.440679 0.227301 0.500000 0.500000 0.500000 
0.440679 0.248275 0.500000 0.500000 0.500000 
0.440679 0.271099 0.500000 0.500000 0.500000 
0.440679 0.295134 0.500000 0.500000 0.500000 
0.440679 0.319583 0.500000 0.500000 0.500000 
0.440679 0.343605 0.500000 0.500000 0.500000 
0.440679 0.366430 0.500000 0.500000 0.500000 
0.440679 0.387457 0.500000 0.500000 0.500000 
0.440679 0.406299 0.500000 0.500000 0.500000 
0.440679 0.422783 0.500000 0.500000 0.500000 
0.440679 0.436915 0.500000 0.500000 0.500000 
0.440679 0.448828 0.500000 0.500000 0.500000 
0.440679 0.458734 0.500000 0.500000 0.500000 
0.440679 0.466880 0.500000 0.500000 0.500000 
0.440679 0.473519 0.500000 0.500000 0.500000 
0.440679 0.478891 0.500000 0.500000 0.500000 
0.440679 0.483215 0.500000 0.500000 0.500000 
0.440679 0.486679 0.500000 0.500000 0.500000 
0.440679 0.489444 0.500000 0.500000 0.500000 
0.440679 0.491645 0.500000 0.500000 0.500000 
0.440679 0.493394 0.500000 0.500000 0.500000 
0.440679 0.494780 0.500000 0.500000 0.500000 
0.440679 0.495878 0.500000 0.500000 0.500000 
0.440679 0.496747 0.500000 0.500000 0.500000 
0.440679 0.497433 0.217022 0.500000 0.500000 
0.440679 0.495059 0.221395 0.393161 0.500000 
0.440679 0.489429 0.228818 0.391076 0.312959 
0.440679 0.478254 0.235264 0.387547 0.313856 
0.440679 0.457203 0.240181 0.384491 0.315378 
0.440679 0.420598 0.242524 0.382166 0.316699 
0.440679 0.364446 0.240721 0.381061 0.317706 
0.440679 0.293354 0.232968 0.381912 0.318186 
0.440679 0.223804 0.218378 0.385578 0.317817 
0.440679 0.172399 0.500000 0.392514 0.316229 
0.440679 0.177806 0.500000 0.500000 0.313237 
0.440679 0.191483 0.500000 0.500000 0.500000 
0.440679 0.207592 0.500000 0.500000 0.500000 
0.440679 0.226159 0.500000 0.500000 0.500000 
0.440679 0.247011 0.500000 0.500000 0.500000 
0.440679 0.269744 0.500000 0.500000 0.500000 
0.440679 0.293730 0.500000 0.500000 0.500000 
0.440679 0.318178 0.500000 0.500000 0.500000 
0.440679 0.342246 0.500000 0.500000 0.500000 
0.440679 0.365159 0.500000 0.500000 0.500000 
0.440679 0.386302 0.500000 0.500000 0.500000 
0.440679 0.405277 0.500000 0.500000 0.500000 
0.440679 0.421898 0.500000 0.500000 0.500000 
0.440679 0.436163 0.500000 0.500000 0.500000 
0.440679 0.448199 0.500000 0.500000 0.500000 
0.440679 0.458214 0.500000 0.500000 0.500000 
0.440679 0.466454 0.500000 0.500000 0.500000 
0.440679 0.473173 0.500000 0.500000 0.500000 
0.440679 0.478612 0.500000 0.500000 0.500000 
0.440679 0.482991 0.500000 0.500000 0.500000 
0.440679 0.486499 0.500000 0.500000 0.500000 
0.440679 0.489301 0.500000 0.500000 0.500000 
0.440679 0.491531 0.500000 0.500000 0.500000 
0.440679 0.493303 0.500000 0.500000 0.500000 
0.440679 0.494709 0.500000 0.500000 0.500000 
0.440679 0.495822 0.500000 0.500000 0.500000 
0.440679 0.496702 0.500000 0.500000 0.500000 
0.440679 0.497398 0.216151 0.500000 0.500000 
0.440679 0.494973 0.220584 0.393577 0.500000 
0.440679 0.489219 0.228032 0.391463 0.312780 
0.440679 0.477776 0.234495 0.387920 0.313690 
0.440679 0.456209 0.239408 0.384855 0.315217 
0.440679 0.418761 0.241699 0.382532 0.316542 
0.440679 0.361600 0.239769 0.381450 0.317548 
0.440679 0.289927 0.231813 0.382361 0.318017 
0.440679 0.220763 0.217020 0.386126 0.317622 
0.440679 0.170384 0.500000 0.393162 0.315992 
0.440679 0.175655 0.500000 0.500000 0.312959 
0.440679 0.188921 0.500000 0.500000 0.500000 
0.440679 0.204599 0.500000 0.500000 0.500000 
0.440679 0.222743 0.500000 0.500000 0.500000 
0.440679 0.243218 0.500000 0.500000 0.500000 
0.440679 0.265663 0.500000 0.500000 0.500000 
0.440679 0.289483 0.500000 0.500000 0.500000 
0.440679 0.313911 0.500000 0.500000 0.500000 
0.440679 0.338105 0.500000 0.500000 0.500000 
0.440679 0.361269 0.500000 0.500000 0.500000 
0.440679 0.382757 0.500000 0.500000 0.500000 
0.440679 0.402129 0.500000 0.500000 0.500000 
0.440679 0.419166 0.500000 0.500000 0.500000 
0.440679 0.433837 0.500000 0.500000 0.500000 
0.440679 0.446249 0.500000 0.500000 0.500000 
0.440679 0.456599 0.500000 0.500000 0.500000 
0.440679 0.465131 0.500000 0.500000 0.500000 
0.440679 0.472098 0.500000 0.500000 0.500000 
0.440679 0.477744 0.500000 0.500000 0.500000 
0.440679 0.268941 0.268941 0.500000 0.500000 
0.440679 0.226745 0.240693 0.368680 0.500000 
0.440679 0.177549 0.259218 0.381925 0.323582 
0.440679 0.500000 0.262248 0.373218 0.317811 
0.440679 0.500000 0.315276 0.371802 0.321598 
0.440679 0.500000 0.362707 0.347385 0.322217 
0.440679 0.500000 0.407784 0.326202 0.332973 
0.440679 0.500000 0.443252 0.306705 0.342448 
0.440679 0.500000 0.467394 0.291832 0.351282 
0.440679 0.500000 0.481903 0.281954 0.358090 
0.440679 0.500000 0.489966 0.276117 0.362643 
0.440679 0.500000 0.494303 0.272905 0.365346 
0.440679 0.500000 0.496643 0.271188 0.366837 
0.440679 0.500000 0.497936 0.270264 0.367635 
0.440679 0.500000 0.498675 0.269754 0.368065 
0.440679 0.500000 0.499113 0.269463 0.368302 
0.440679 0.500000 0.499384 0.269290 0.368438 
0.440679 0.500000 0.499556 0.269184 0.368518 
0.440679 0.500000 0.499670 0.269116 0.368567 
0.440679 0.500000 0.499747 0.269071 0.368599 
0.440679 0.500000 0.499801 0.269041 0.368620 
0.440679 0.500000 0.499840 0.269020 0.368634 
0.440679 0.500000 0.499868 0.269004 0.368644 
0.440679 0.500000 0.499889 0.268993 0.368651 
0.440679 0.500000 0.499906 0.268985 0.368656 
0.440679 0.500000 0.499918 0.268979 0.368660 
0.440679 0.500000 0.499928 0.268974 0.368663 
0.440679 0.500000 0.499936 0.268970 0.368665 
0.440679 0.500000 0.499942 0.268967 0.368667 
0.440679 0.500000 0.499947 0.268964 0.368668 
0.440679 0.500000 0.499952 0.268962 0.368670 
0.440679 0.500000 0.499955 0.268960 0.368671 
0.440679 0.500000 0.499958 0.268959 0.368671 
0.440679 0.500000 0.499961 0.268958 0.368672 
0.440679 0.500000 0.499963 0.268957 0.368673 
0.440679 0.500000 0.499964 0.268956 0.368673 
0.440679 0.500000 0.499966 0.268955 0.368673 
0.440679 0.500000 0.499967 0.268955 0.368674 
0.440679 0.500000 0.499969 0.268954 0.368674 
0.440679 0.500000 0.499970 0.268954 0.368674 
0.440679 0.500000 0.499970 0.268953 0.368674 
0.440679 0.500000 0.499971 0.268953 0.368675 
0.440679 0.500000 0.499972 0.268953 0.368675 
0.440679 0.500000 0.499972 0.268952 0.368675 
0.440679 0.500000 0.499973 0.268952 0.368675 
0.440679 0.500000 0.499973 0.268952 0.368675 
0.440679 0.500000 0.499974 0.268952 0.368675 
0.440679 0.500000 0.499974 0.268952 0.368675 
0.440679 0.500000 0.499975 0.268952 0.368675 
0.440679 0.500000 0.499975 0.268951 0.368676 
0.440679 0.500000 0.499975 0.268951 0.368676 
0.440679 0.500000 0.499975 0.268951 0.368676 
0.440679 0.500000 0.499976 0.268951 0.368676 
0.440679 0.500000 0.499976 0.268951 0.368676 
0.440679 0.500000 0.499976 0.268951 0.368676 
0.440679 0.500000 0.499976 0.268951 0.368676 
0.440679 0.500000 0.499976 0.268951 0.368676 
0.440679 0.500000 0.499976 0.268951 0.368676 
0.440679 0.500000 0.499976 0.268951 0.368676 
0.440679 0.500000 0.499976 0.268951 0.368676 
0.440679 0.500000 0.499977 0.268951 0.368676 
0.440679 0.500000 0.499977 0.268951 0.368676 
0.440679 0.500000 0.499977 0.268951 0.368676 
0.440679 0.500000 0.499977 0.268951 0.368676 
0.440679 0.500000 0.499977 0.268951 0.368676 
0.440679 0.500000 0.499977 0.268951 0.368676 
0.440679 0.500000 0.499977 0.268951 0.368676 
0.440679 0.500000 0.499977 0.268951 0.368676 
0.440679 0.500000 0.499977 0.268950 0.368676 
0.440679 0.500000 0.499977 0.268950 0.368676 
0.440679 0.500000 0.499977 0.268950 0.368676 
0.440679 0.500000 0.499977 0.268950 0.368676 
0.440679 0.500000 0.499977 0.268950 0.368676 
0.440679 0.500000 0.499977 0.268950 0.368676 
0.440679 0.500000 0.499977 0.268950 0.368676 
0.440679 0.500000 0.499977 0.268950 0.368676 
0.440679 0.500000 0.499977 0.268950 0.368676 
0.440679 0.500000 0.499977 0.268950 0.368676 
0.440679 0.500000 0.499977 0.268950 0.368676 
0.440679 0.500000 0.499977 0.268950 0.368676 
0.440679 0.500000 0.499977 0.268950 0.368676 
0.440679 0.500000 0.499977 0.268950 0.368676 
0.440679 0.500000 0.499977 0.268950 0.368676 
0.440679 0.500000 0.499977 0.268950 0.368676 
0.440679 0.500000 0.499977 0.268950 0.368676 
0.440679 0.500000 0.499977 0.268950 0.368676 
0.440679 0.500000 0.499977 0.268950 0.368676 
0.440679 0.500000 0.499977 0.268950 0.368676 
0.440679 0.500000 0.499977 0.268950 0.368676 
0.440679 0.500000 0.499977 0.268950 0.368676 
0.440679 0.500000 0.499977 0.268950 0.368676 
0.440679 0.500000 0.499977 0.268950 0.368676 
0.440679 0.500000 0.499977 0.268950 0.368676 
0.440679 0.500000 0.499977 0.268950 0.368676 
0.440679 0.500000 0.499977 0.268950 0.368676 
0.440679 0.500000 0.499977 0.268950 0.368676 
0.440679 0.500000 0.499977 0.268950 0.368676 
0.440679 0.500000 0.499977 0.268950 0.368676 
0.440679 0.500000 0.499977 0.268950 0.368676 
0.440679 0.500000 0.499977 0.268950 0.368676 
0.440679 0.268941 0.268941 0.500000 0.500000 
0.440679 0.226745 0.240693 0.368680 0.500000 
0.440679 0.177549 0.225496 0.381925 0.323582 
0.440679 0.500000 0.500000 0.389125 0.317811 
0.440679 0.500000 0.220770 0.500000 0.314697 
0.440679 0.500000 0.225116 0.391374 0.500000 
0.440679 0.500000 0.240631 0.389306 0.313728 
0.440679 0.500000 0.255846 0.381954 0.314619 
0.440679 0.500000 0.271148 0.374797 0.317798 
0.440679 0.500000 0.286306 0.367654 0.320910 
0.440679 0.500000 0.301145 0.360634 0.324031 
0.440679 0.500000 0.315504 0.353820 0.327114 
0.440679 0.500000 0.329248 0.347282 0.330121 
0.440679 0.500000 0.342268 0.341078 0.333019 
0.440679 0.500000 0.354487 0.335249 0.335780 
0.440679 0.500000 0.365852 0.329826 0.338385 
0.440679 0.500000 0.376341 0.324821 0.340818 
0.440679 0.500000 0.385952 0.320237 0.343070 
0.440679 0.500000 0.394705 0.316067 0.345139 
0.440679 0.500000 0.402636 0.312295 0.347027 
0.440679 0.500000 0.409790 0.308899 0.348738 
0.440679 0.500000 0.416220 0.305853 0.350282 
0.440679 0.500000 0.421985 0.303129 0.351670 
0.440679 0.500000 0.427142 0.300699 0.352913 
0.440679 0.500000 0.431750 0.298535 0.354024 
0.440679 0.500000 0.435862 0.296609 0.355014 
0.440679 0.500000 0.439532 0.294896 0.355897 
0.440679 0.500000 0.442806 0.293372 0.356683 
0.440679 0.500000 0.445728 0.292016 0.357382 
0.440679 0.500000 0.448337 0.290809 0.358005 
0.440679 0.500000 0.450670 0.289734 0.358560 
0.440679 0.500000 0.452756 0.288775 0.359055 
0.440679 0.500000 0.454624 0.287919 0.359496 
0.440679 0.500000 0.456298 0.287154 0.359891 
0.440679 0.500000 0.457801 0.286469 0.360243 
0.440679 0.500000 0.459151 0.285855 0.360559 
0.440679 0.500000 0.460366 0.285304 0.360842 
0.440679 0.500000 0.461460 0.284809 0.361097 
0.440679 0.500000 0.462446 0.284363 0.361325 
0.440679 0.500000 0.463336 0.283962 0.361531 
0.440679 0.500000 0.464140 0.283601 0.361716 
0.440679 0.500000 0.464867 0.283274 0.361883 
0.440679 0.500000 0.465525 0.282979 0.362034 
0.440679 0.500000 0.466122 0.282712 0.362170 
0.440679 0.500000 0.466663 0.282470 0.362294 
0.440679 0.500000 0.467154 0.282250 0.362405 
0.440679 0.500000 0.467600 0.282052 0.362507 
0.440679 0.500000 0.468005 0.281871 0.362599 
0.440679 0.500000 0.468374 0.281707 0.362682 
0.440679 0.500000 0.468710 0.281558 0.362758 
0.440679 0.500000 0.469015 0.281422 0.362827 
0.440679 0.500000 0.469294 0.281298 0.362890 
0.440679 0.500000 0.469548 0.281186 0.362947 
0.440679 0.500000 0.469779 0.281083 0.362999 
0.440679 0.500000 0.469991 0.280989 0.363046 
0.440679 0.500000 0.470184 0.280904 0.363090 
0.440679 0.500000 0.470360 0.280826 0.363129 
0.440679 0.500000 0.470521 0.280755 0.363165 
0.440679 0.500000 0.470668 0.280690 0.363198 
0.440679 0.500000 0.470802 0.280631 0.363228 
0.440679 0.500000 0.470925 0.280576 0.363256 
0.440679 0.500000 0.471037 0.280527 0.363281 
0.440679 0.500000 0.471140 0.280482 0.363304 
0.440679 0.500000 0.471234 0.280440 0.363325 
0.440679 0.500000 0.471320 0.280402 0.363344 
0.440679 0.500000 0.471399 0.280367 0.363361 
0.440679 0.500000 0.471471 0.280336 0.363377 
0.440679 0.500000 0.471537 0.280307 0.363392 
0.440679 0.500000 0.471597 0.280280 0.363406 
0.440679 0.500000 0.471653 0.280256 0.363418 
0.440679 0.500000 0.471703 0.280233 0.363429 
0.440679 0.500000 0.471750 0.280213 0.363440 
0.440679 0.500000 0.471792 0.280194 0.363449 
0.440679 0.500000 0.471831 0.280177 0.363458 
0.440679 0.500000 0.471867 0.280161 0.363466 
0.440679 0.500000 0.471900 0.280147 0.363473 
0.440679 0.500000 0.471930 0.280134 0.363480 
0.440679 0.500000 0.471957 0.280121 0.363486 
0.440679 0.500000 0.471982 0.280110 0.363491 
0.440679 0.500000 0.472005 0.280100 0.363496 
0.440679 0.500000 0.472027 0.280091 0.363501 
0.440679 0.500000 0.472046 0.280082 0.363505 
0.440679 0.500000 0.472064 0.280075 0.363509 
0.440679 0.500000 0.472080 0.280067 0.363513 
0.440679 0.500000 0.472095 0.280061 0.363516 
0.440679 0.500000 0.472109 0.280055 0.363519 
0.440679 0.500000 0.472121 0.280049 0.363522 
0.440679 0.500000 0.472133 0.280044 0.363525 
0.440679 0.500000 0.472143 0.280040 0.363527 
0.440679 0.500000 0.472153 0.280035 0.363529 
0.440679 0.500000 0.472162 0.280031 0.363531 
0.440679 0.500000 0.472170 0.280028 0.363533 
0.440679 0.500000 0.472177 0.280025 0.363535 
0.440679 0.500000 0.472184 0.280022 0.363536 
0.440679 0.500000 0.472190 0.280019 0.363537 
0.440679 0.500000 0.472196 0.280016 0.363539 
0.440679 0.500000 0.472202 0.280014 0.363540 
0.440679 0.500000 0.472206 0.280012 0.363541 
0.440679 0.500000 0.472211 0.280010 0.363542 
0.440679 0.500000 0.472215 0.280008 0.363543 
0.440679 0.268941 0.268941 0.500000 0.500000 
0.440679 0.362982 0.240693 0.368680 0.500000 
0.440679 0.430712 0.242724 0.381925 0.323582 
0.440679 0.468851 0.250834 0.380966 0.317811 
0.440679 0.486295 0.262911 0.377149 0.318227 
0.440679 0.493805 0.276717 0.371492 0.319886 
0.440679 0.497064 0.291110 0.365068 0.322352 
0.440679 0.498531 0.305491 0.358422 0.325165 
0.440679 0.499223 0.319519 0.351835 0.328088 
0.440679 0.499567 0.332981 0.345464 0.330999 
0.440679 0.499746 0.345738 0.339401 0.333827 
0.440679 0.499843 0.357697 0.333705 0.336529 
0.440679 0.499899 0.368808 0.328408 0.339077 
0.440679 0.499932 0.379046 0.323526 0.341455 
0.440679 0.499953 0.388414 0.319061 0.343654 
0.440679 0.499966 0.396936 0.315004 0.345671 
0.440679 0.499975 0.404648 0.311338 0.347509 
0.440679 0.499981 0.411598 0.308041 0.349173 
0.440679 0.499985 0.417841 0.305086 0.350673 
0.440679 0.499988 0.423435 0.302445 0.352020 
0.440679 0.499990 0.428437 0.300090 0.353226 
0.440679 0.499992 0.432905 0.297993 0.354303 
0.440679 0.499993 0.436893 0.296127 0.355263 
0.440679 0.499994 0.440451 0.294467 0.356118 
0.440679 0.499995 0.443626 0.292991 0.356879 
0.440679 0.499996 0.446460 0.291677 0.357557 
0.440679 0.499996 0.448991 0.290508 0.358161 
0.440679 0.499996 0.451254 0.289465 0.358699 
0.440679 0.499997 0.453279 0.288535 0.359179 
0.440679 0.499997 0.455092 0.287705 0.359607 
0.440679 0.499997 0.456718 0.286962 0.359990 
0.440679 0.499998 0.458178 0.286297 0.360332 
0.440679 0.499998 0.459490 0.285701 0.360638 
0.440679 0.499998 0.460671 0.285166 0.360913 
0.440679 0.499998 0.461734 0.284685 0.361160 
0.440679 0.499998 0.462693 0.284252 0.361382 
0.440679 0.499998 0.463559 0.283862 0.361582 
0.440679 0.499998 0.464342 0.283510 0.361762 
0.440679 0.499999 0.465050 0.283192 0.361925 
0.440679 0.499999 0.465691 0.282904 0.362072 
0.440679 0.499999 0.466272 0.282644 0.362204 
0.440679 0.499999 0.466799 0.282409 0.362325 
0.440679 0.499999 0.467278 0.282195 0.362433 
0.440679 0.499999 0.467712 0.282002 0.362532 
0.440679 0.499999 0.468107 0.281826 0.362622 
0.440679 0.499999 0.468467 0.281666 0.362703 
0.440679 0.499999 0.468794 0.281520 0.362777 
0.440679 0.499999 0.469092 0.281388 0.362844 
0.440679 0.499999 0.469364 0.281267 0.362906 
0.440679 0.499999 0.469612 0.281157 0.362961 
0.440679 0.499999 0.469838 0.281057 0.363012 
0.440679 0.499999 0.470044 0.280966 0.363058 
0.440679 0.499999 0.470232 0.280883 0.363101 
0.440679 0.499999 0.470404 0.280807 0.363139 
0.440679 0.499999 0.470561 0.280737 0.363174 
0.440679 0.499999 0.470704 0.280674 0.363206 
0.440679 0.499999 0.470836 0.280616 0.363236 
0.440679 0.499999 0.470956 0.280563 0.363263 
0.440679 0.499999 0.471065 0.280514 0.363287 
0.440679 0.499999 0.471166 0.280470 0.363309 
0.440679 0.499999 0.471257 0.280430 0.363330 
0.440679 0.499999 0.471342 0.280393 0.363349 
0.440679 0.499999 0.471418 0.280359 0.363366 
0.440679 0.500000 0.471489 0.280328 0.363381 
0.440679 0.500000 0.471553 0.280299 0.363396 
0.440679 0.500000 0.471612 0.280273 0.363409 
0.440679 0.500000 0.471666 0.280249 0.363421 
0.440679 0.500000 0.471716 0.280228 0.363432 
0.440679 0.500000 0.471761 0.280208 0.363442 
0.440679 0.500000 0.471803 0.280189 0.363451 
0.440679 0.500000 0.471841 0.280173 0.363460 
0.440679 0.500000 0.471876 0.280157 0.363468 
0.440679 0.500000 0.471908 0.280143 0.363475 
0.440679 0.500000 0.471937 0.280130 0.363481 
0.440679 0.500000 0.471964 0.280118 0.363487 
0.440679 0.500000 0.471988 0.280108 0.363493 
0.440679 0.500000 0.472011 0.280098 0.363498 
0.440679 0.500000 0.472032 0.280089 0.363502 
0.440679 0.500000 0.472051 0.280080 0.363506 
0.440679 0.500000 0.472068 0.280073 0.363510 
0.440679 0.500000 0.472084 0.280066 0.363514 
0.440679 0.500000 0.472099 0.280059 0.363517 
0.440679 0.500000 0.472112 0.280053 0.363520 
0.440679 0.500000 0.472124 0.280048 0.363523 
0.440679 0.500000 0.472135 0.280043 0.363525 
0.440679 0.500000 0.472146 0.280038 0.363528 
0.440679 0.500000 0.472155 0.280034 0.363530 
0.440679 0.500000 0.472164 0.280030 0.363532 
0.440679 0.500000 0.472172 0.280027 0.363533 
0.440679 0.500000 0.472179 0.280024 0.363535 
0.440679 0.500000 0.472186 0.280021 0.363536 
0.440679 0.500000 0.472192 0.280018 0.363538 
0.440679 0.500000 0.472198 0.280016 0.363539 
0.440679 0.500000 0.472203 0.280013 0.363540 
0.440679 0.500000 0.472207 0.280011 0.363541 
0.440679 0.500000 0.472212 0.280009 0.363542 
0.440679 0.500000 0.472216 0.280008 0.363543 
0.440679 0.500000 0.472219 0.280006 0.363544 
0.440679 0.500000 0.472223 0.280005 0.363545 
0.440679 0.500000 0.472226 0.280003 0.363545 
0.440679 0.268941 0.268941 0.500000 0.500000 
0.440679 0.303139 0.240693 0.368680 0.500000 
0.440679 0.322812 0.235541 0.381925 0.323582 
0.440679 0.344092 0.231911 0.384360 0.317811 
0.440679 0.364890 0.230872 0.386079 0.316756 
0.440679 0.384463 0.232080 0.386572 0.316012 
0.440679 0.402212 0.235290 0.386000 0.315799 
0.440679 0.417809 0.240270 0.384479 0.316047 
0.440679 0.431166 0.246793 0.382125 0.316705 
0.440679 0.442378 0.254638 0.379049 0.317724 
0.440679 0.451649 0.263583 0.375363 0.319059 
0.440679 0.459235 0.273407 0.371178 0.320663 
0.440679 0.465400 0.283892 0.366604 0.322489 
0.440679 0.470390 0.294825 0.361749 0.324491 
0.440679 0.474423 0.306005 0.356715 0.326623 
0.440679 0.477683 0.317245 0.351601 0.328841 
0.440679 0.480320 0.328378 0.346493 0.331103 
0.440679 0.482459 0.339258 0.341469 0.333369 
0.440679 0.484198 0.349763 0.336593 0.335606 
0.440679 0.485614 0.359797 0.331917 0.337784 
0.440679 0.486769 0.369289 0.327482 0.339879 
0.440679 0.487714 0.378190 0.323315 0.341872 
0.440679 0.488487 0.386473 0.319433 0.343749 
0.440679 0.489118 0.394130 0.315842 0.345503 
0.440679 0.489633 0.401167 0.312542 0.347129 
0.440679 0.490050 0.407603 0.309526 0.348626 
0.440679 0.490387 0.413464 0.306782 0.349997 
0.440679 0.490655 0.418784 0.304295 0.351246 
0.440679 0.490864 0.423599 0.302047 0.352381 
0.440679 0.491024 0.427949 0.300021 0.353407 
0.440679 0.491140 0.431871 0.298197 0.354334 
0.440679 0.491218 0.435404 0.296558 0.355169 
0.440679 0.491264 0.438584 0.295086 0.355920 
0.440679 0.491280 0.441444 0.293765 0.356595 
0.440679 0.491269 0.444016 0.292580 0.357202 
0.440679 0.491235 0.446328 0.291516 0.357746 
0.440679 0.491179 0.448407 0.290562 0.358235 
0.440679 0.491104 0.450277 0.289706 0.358674 
0.440679 0.491010 0.451959 0.288937 0.359068 
0.440679 0.490899 0.453472 0.288246 0.359422 
0.440679 0.490772 0.454833 0.287626 0.359740 
0.440679 0.490630 0.456058 0.287068 0.360026 
0.440679 0.490474 0.457160 0.286567 0.360283 
0.440679 0.490304 0.458152 0.286117 0.360514 
0.440679 0.490120 0.459044 0.285712 0.360722 
0.440679 0.489924 0.459845 0.285348 0.360908 
0.440679 0.489716 0.460566 0.285021 0.361076 
0.440679 0.489495 0.461212 0.284727 0.361227 
0.440679 0.489262 0.461792 0.284464 0.361363 
0.440679 0.489018 0.462310 0.284228 0.361484 
0.440679 0.488762 0.462773 0.284017 0.361593 
0.440679 0.488495 0.463186 0.283829 0.361690 
0.440679 0.488216 0.463552 0.283661 0.361777 
0.440679 0.487926 0.463876 0.283513 0.361855 
0.440679 0.487625 0.464161 0.283381 0.361923 
0.440679 0.487313 0.464410 0.283265 0.361984 
0.440679 0.486990 0.464626 0.283164 0.362038 
0.440679 0.486656 0.464812 0.283077 0.362084 
0.440679 0.486311 0.464969 0.283001 0.362125 
0.440679 0.485954 0.465101 0.282937 0.362160 
0.440679 0.485587 0.465208 0.282884 0.362189 
0.440679 0.485208 0.465293 0.282840 0.362214 
0.440679 0.484819 0.465356 0.282806 0.362234 
0.440679 0.484418 0.465400 0.282780 0.362250 
0.440679 0.484006 0.465425 0.282763 0.362262 
0.440679 0.483584 0.465432 0.282752 0.362270 
0.440679 0.483150 0.465423 0.282749 0.362275 
0.440679 0.482705 0.465398 0.282753 0.362276 
0.440679 0.482249 0.465358 0.282763 0.362274 
0.440679 0.481782 0.465305 0.282779 0.362270 
0.440679 0.481305 0.465237 0.282801 0.362262 
0.440679 0.480816 0.465157 0.282828 0.362252 
0.440679 0.480316 0.465064 0.282861 0.362240 
0.440679 0.479806 0.464959 0.282899 0.362225 
0.440679 0.479285 0.464843 0.282941 0.362207 
0.440679 0.478753 0.464716 0.282988 0.362187 
0.440679 0.478211 0.464577 0.283040 0.362166 
0.440679 0.477658 0.464428 0.283096 0.362142 
0.440679 0.477096 0.464269 0.283157 0.362116 
0.440679 0.476523 0.464100 0.283221 0.362088 
0.440679 0.475941 0.463921 0.283290 0.362058 
0.440679 0.475348 0.463732 0.283363 0.362026 
0.440679 0.474747 0.463534 0.283439 0.361993 
0.440679 0.474137 0.463326 0.283520 0.361957 
0.440679 0.473517 0.463109 0.283604 0.361920 
0.440679 0.472889 0.462883 0.283692 0.361881 
0.440679 0.472253 0.462649 0.283784 0.361840 
0.440679 0.471609 0.462405 0.283880 0.361798 
0.440679 0.470958 0.462152 0.283979 0.361754 
0.440679 0.470300 0.461891 0.284082 0.361708 
0.440679 0.469635 0.461621 0.284188 0.361661 
0.440679 0.468964 0.461343 0.284298 0.361612 
0.440679 0.468287 0.461057 0.284411 0.361561 
0.440679 0.467606 0.460762 0.284528 0.361509 
0.440679 0.466919 0.460458 0.284648 0.361455 
0.440679 0.466229 0.460147 0.284771 0.361399 
0.440679 0.465535 0.459828 0.284898 0.361342 
0.440679 0.464839 0.459500 0.285028 0.361284 
0.440679 0.464140 0.459165 0.285162 0.361224 
0.440679 0.463440 0.458822 0.285298 0.361162 
0.440679 0.268941 0.268941 0.500000 0.500000 
0.440679 0.381019 0.240693 0.368680 0.500000 
0.440679 0.452445 0.244822 0.381925 0.323582 
0.440679 0.483176 0.255273 0.379977 0.317811 
0.440679 0.494010 0.268868 0.375066 0.318656 
0.440679 0.497747 0.283437 0.368714 0.320793 
0.440679 0.499092 0.298112 0.361958 0.323567 
0.440679 0.499607 0.312485 0.355208 0.326531 
0.440679 0.499818 0.326328 0.348652 0.329507 
0.440679 0.499910 0.339494 0.342391 0.332410 
0.440679 0.499953 0.351884 0.336487 0.335195 
0.440679 0.499974 0.363434 0.330978 0.337831 
0.440679 0.499984 0.374113 0.325882 0.340301 
0.440679 0.499990 0.383914 0.321208 0.342592 
0.440679 0.499994 0.392853 0.316949 0.344701 
0.440679 0.499996 0.400960 0.313091 0.346627 
0.440679 0.499997 0.408280 0.309615 0.348377 
0.440679 0.499998 0.414865 0.306494 0.349957 
0.440679 0.499998 0.420771 0.303702 0.351378 
0.440679 0.499999 0.426056 0.301210 0.352651 
0.440679 0.499999 0.430780 0.298990 0.353790 
0.440679 0.499999 0.434997 0.297014 0.354806 
0.440679 0.499999 0.438759 0.295256 0.355711 
0.440679 0.500000 0.442117 0.293692 0.356518 
0.440679 0.500000 0.445113 0.292301 0.357235 
0.440679 0.500000 0.447788 0.291063 0.357874 
0.440679 0.500000 0.450178 0.289960 0.358443 
0.440679 0.500000 0.452316 0.288977 0.358951 
0.440679 0.500000 0.454230 0.288099 0.359403 
0.440679 0.500000 0.455945 0.287315 0.359808 
0.440679 0.500000 0.457484 0.286613 0.360169 
0.440679 0.500000 0.458866 0.285984 0.360493 
0.440679 0.500000 0.460109 0.285420 0.360783 
0.440679 0.500000 0.461228 0.284913 0.361043 
0.440679 0.500000 0.462237 0.284458 0.361277 
0.440679 0.500000 0.463147 0.284047 0.361487 
0.440679 0.500000 0.463970 0.283677 0.361677 
0.440679 0.500000 0.464713 0.283343 0.361848 
0.440679 0.500000 0.465386 0.283041 0.362002 
0.440679 0.500000 0.465995 0.282768 0.362141 
0.440679 0.500000 0.466548 0.282521 0.362267 
0.440679 0.500000 0.467050 0.282297 0.362382 
0.440679 0.500000 0.467505 0.282094 0.362485 
0.440679 0.500000 0.467919 0.281909 0.362579 
0.440679 0.500000 0.468296 0.281742 0.362664 
0.440679 0.500000 0.468638 0.281589 0.362742 
0.440679 0.500000 0.468950 0.281451 0.362812 
0.440679 0.500000 0.469235 0.281325 0.362876 
0.440679 0.500000 0.469494 0.281210 0.362935 
0.440679 0.500000 0.469730 0.281105 0.362988 
0.440679 0.500000 0.469946 0.281009 0.363036 
0.440679 0.500000 0.470143 0.280922 0.363080 
0.440679 0.500000 0.470322 0.280843 0.363121 
0.440679 0.500000 0.470486 0.280770 0.363158 
0.440679 0.500000 0.470636 0.280704 0.363191 
0.440679 0.500000 0.470773 0.280643 0.363222 
0.440679 0.500000 0.470899 0.280588 0.363250 
0.440679 0.500000 0.471013 0.280537 0.363275 
0.440679 0.500000 0.471118 0.280491 0.363299 
0.440679 0.500000 0.471214 0.280449 0.363320 
0.440679 0.500000 0.471302 0.280410 0.363340 
0.440679 0.500000 0.471382 0.280375 0.363358 
0.440679 0.500000 0.471455 0.280342 0.363374 
0.440679 0.500000 0.471523 0.280313 0.363389 
0.440679 0.500000 0.471584 0.280286 0.363403 
0.440679 0.500000 0.471641 0.280261 0.363415 
0.440679 0.500000 0.471692 0.280238 0.363427 
0.440679 0.500000 0.471740 0.280217 0.363437 
0.440679 0.500000 0.471783 0.280198 0.363447 
0.440679 0.500000 0.471823 0.280181 0.363456 
0.440679 0.500000 0.471859 0.280164 0.363464 
0.440679 0.500000 0.471893 0.280150 0.363471 
0.440679 0.500000 0.471923 0.280136 0.363478 
0.440679 0.500000 0.471951 0.280124 0.363484 
0.440679 0.500000 0.471977 0.280113 0.363490 
0.440679 0.500000 0.472000 0.280102 0.363495 
0.440679 0.500000 0.472022 0.280093 0.363500 
0.440679 0.500000 0.472042 0.280084 0.363504 
0.440679 0.500000 0.472060 0.280076 0.363508 
0.440679 0.500000 0.472076 0.280069 0.363512 
0.440679 0.500000 0.472092 0.280062 0.363516 
0.440679 0.500000 0.472106 0.280056 0.363519 
0.440679 0.500000 0.472118 0.280050 0.363522 
0.440679 0.500000 0.472130 0.280045 0.363524 
0.440679 0.500000 0.472141 0.280041 0.363527 
0.440679 0.500000 0.472151 0.280036 0.363529 
0.440679 0.500000 0.472160 0.280032 0.363531 
0.440679 0.500000 0.472168 0.280029 0.363533 
0.440679 0.500000 0.472176 0.280025 0.363534 
0.440679 0.500000 0.472183 0.280022 0.363536 
0.440679 0.500000 0.472189 0.280019 0.363537 
0.440679 0.500000 0.472195 0.280017 0.363538 
0.440679 0.500000 0.472200 0.280014 0.363540 
0.440679 0.500000 0.472205 0.280012 0.363541 
0.440679 0.500000 0.472210 0.280010 0.363542 
0.440679 0.500000 0.472214 0.280008 0.363543 
0.440679 0.500000 0.472218 0.280007 0.363544 
0.440679 0.500000 0.472221 0.280005 0.363544 
0.440679 0.500000 0.472224 0.280004 0.363545 
0.440679 0.500000 0.472227 0.280003 0.363546 
0.440679 0.268941 0.268941 0.500000 0.500000 
0.440679 0.210945 0.240693 0.368680 0.500000 
0.440679 0.500000 0.223222 0.381925 0.323582 
0.440679 0.500000 0.239841 0.390207 0.317811 
0.440679 0.500000 0.254984 0.382327 0.314231 
0.440679 0.500000 0.270291 0.375201 0.317637 
0.440679 0.500000 0.285463 0.368052 0.320734 
0.440679 0.500000 0.300324 0.361023 0.323857 
0.440679 0.500000 0.314714 0.354195 0.326942 
0.440679 0.500000 0.328495 0.347640 0.329954 
0.440679 0.500000 0.341558 0.341416 0.332859 
0.440679 0.500000 0.353824 0.335566 0.335629 
0.440679 0.500000 0.365238 0.330119 0.338243 
0.440679 0.500000 0.375776 0.325090 0.340686 
0.440679 0.500000 0.385436 0.320483 0.342949 
0.440679 0.500000 0.394237 0.316291 0.345028 
0.440679 0.500000 0.402212 0.312497 0.346925 
0.440679 0.500000 0.409408 0.309080 0.348647 
0.440679 0.500000 0.415878 0.306015 0.350200 
0.440679 0.500000 0.421678 0.303274 0.351596 
0.440679 0.500000 0.426868 0.300828 0.352847 
0.440679 0.500000 0.431505 0.298650 0.353965 
0.440679 0.500000 0.435644 0.296711 0.354962 
0.440679 0.500000 0.439337 0.294987 0.355850 
0.440679 0.500000 0.442632 0.293453 0.356641 
0.440679 0.500000 0.445573 0.292088 0.357345 
0.440679 0.500000 0.448199 0.290874 0.357972 
0.440679 0.500000 0.450546 0.289791 0.358531 
0.440679 0.500000 0.452645 0.288826 0.359029 
0.440679 0.500000 0.454524 0.287965 0.359473 
0.440679 0.500000 0.456209 0.287195 0.359870 
0.440679 0.500000 0.457721 0.286505 0.360225 
0.440679 0.500000 0.459079 0.285888 0.360542 
0.440679 0.500000 0.460301 0.285333 0.360827 
0.440679 0.500000 0.461401 0.284835 0.361083 
0.440679 0.500000 0.462393 0.284387 0.361313 
0.440679 0.500000 0.463288 0.283984 0.361520 
0.440679 0.500000 0.464097 0.283620 0.361706 
0.440679 0.500000 0.464828 0.283291 0.361874 
0.440679 0.500000 0.465490 0.282995 0.362026 
0.440679 0.500000 0.466090 0.282726 0.362163 
0.440679 0.500000 0.466634 0.282483 0.362287 
0.440679 0.500000 0.467128 0.282262 0.362399 
0.440679 0.500000 0.467576 0.282062 0.362501 
0.440679 0.500000 0.467984 0.281881 0.362594 
0.440679 0.500000 0.468354 0.281716 0.362678 
0.440679 0.500000 0.468692 0.281566 0.362754 
0.440679 0.500000 0.468999 0.281429 0.362823 
0.440679 0.500000 0.469279 0.281305 0.362886 
0.440679 0.500000 0.469534 0.281192 0.362944 
0.440679 0.500000 0.469767 0.281089 0.362996 
0.440679 0.500000 0.469979 0.280995 0.363044 
0.440679 0.500000 0.470173 0.280909 0.363087 
0.440679 0.500000 0.470350 0.280830 0.363127 
0.440679 0.500000 0.470512 0.280759 0.363163 
0.440679 0.500000 0.470660 0.280694 0.363196 
0.440679 0.500000 0.470795 0.280634 0.363227 
0.440679 0.500000 0.470918 0.280579 0.363254 
0.440679 0.500000 0.471031 0.280530 0.363279 
0.440679 0.500000 0.471134 0.280484 0.363302 
0.440679 0.500000 0.471229 0.280442 0.363324 
0.440679 0.500000 0.471315 0.280404 0.363343 
0.440679 0.500000 0.471394 0.280369 0.363360 
0.440679 0.500000 0.471467 0.280337 0.363377 
0.440679 0.500000 0.471533 0.280308 0.363391 
0.440679 0.500000 0.471594 0.280281 0.363405 
0.440679 0.500000 0.471650 0.280257 0.363417 
0.440679 0.500000 0.471701 0.280234 0.363429 
0.440679 0.500000 0.471747 0.280214 0.363439 
0.440679 0.500000 0.471790 0.280195 0.363449 
0.440679 0.500000 0.471829 0.280178 0.363457 
0.440679 0.500000 0.471865 0.280162 0.363465 
0.440679 0.500000 0.471898 0.280148 0.363472 
0.440679 0.500000 0.471928 0.280134 0.363479 
0.440679 0.500000 0.471956 0.280122 0.363485 
0.440679 0.500000 0.471981 0.280111 0.363491 
0.440679 0.500000 0.472004 0.280101 0.363496 
0.440679 0.500000 0.472025 0.280091 0.363501 
0.440679 0.500000 0.472045 0.280083 0.363505 
0.440679 0.500000 0.472063 0.280075 0.363509 
0.440679 0.500000 0.472079 0.280068 0.363513 
0.440679 0.500000 0.472094 0.280061 0.363516 
0.440679 0.500000 0.472108 0.280055 0.363519 
0.440679 0.500000 0.472120 0.280050 0.363522 
0.440679 0.500000 0.472132 0.280044 0.363525 
0.440679 0.500000 0.472143 0.280040 0.363527 
0.440679 0.500000 0.472152 0.280036 0.363529 
0.440679 0.500000 0.472161 0.280032 0.363531 
0.440679 0.500000 0.472169 0.280028 0.363533 
0.440679 0.500000 0.472177 0.280025 0.363534 
0.440679 0.500000 0.472184 0.280022 0.363536 
0.440679 0.500000 0.472190 0.280019 0.363537 
0.440679 0.500000 0.472196 0.280016 0.363539 
0.440679 0.500000 0.472201 0.280014 0.363540 
0.440679 0.500000 0.472206 0.280012 0.363541 
0.440679 0.500000 0.472211 0.280010 0.363542 
0.440679 0.500000 0.472215 0.280008 0.363543 
0.440679 0.500000 0.472218 0.280007 0.363544 
0.440679 0.500000 0.472222 0.280005 0.363544 
0.440679 0.500000 0.472225 0.280004 0.363545 
0.440679 0.268941 0.268941 0.500000 0.500000 
0.440679 0.210945 0.240693 0.368680 0.500000 
0.440679 0.500000 0.235885 0.381925 0.323582 
0.440679 0.500000 0.269202 0.384197 0.317811 
0.440679 0.500000 0.283163 0.368559 0.316827 
0.440679 0.500000 0.290872 0.362085 0.323635 
0.440679 0.500000 0.294829 0.358531 0.326475 
0.440679 0.500000 0.296889 0.356713 0.328040 
0.440679 0.500000 0.297957 0.355769 0.328842 
0.440679 0.500000 0.298511 0.355279 0.329259 
0.440679 0.500000 0.298798 0.355025 0.329475 
0.440679 0.500000 0.298947 0.354894 0.329588 
0.440679 0.500000 0.299024 0.354826 0.329646 
0.440679 0.500000 0.299064 0.354790 0.329676 
0.440679 0.500000 0.299085 0.354772 0.329692 
0.440679 0.500000 0.299096 0.354762 0.329700 
0.440679 0.500000 0.299102 0.354757 0.329704 
0.440679 0.500000 0.299104 0.354755 0.329706 
0.440679 0.500000 0.299106 0.354754 0.329707 
0.440679 0.500000 0.299107 0.354753 0.329708 
0.440679 0.500000 0.299107 0.354753 0.329708 
0.440679 0.500000 0.299107 0.354752 0.329708 
0.440679 0.500000 0.299107 0.354752 0.329708 
0.440679 0.500000 0.299107 0.354752 0.329708 
0.440679 0.500000 0.299107 0.354752 0.329708 
0.440679 0.500000 0.299108 0.354752 0.329708 
0.440679 0.500000 0.299108 0.354752 0.329708 
0.440679 0.500000 0.299108 0.354752 0.329708 
0.440679 0.500000 0.299108 0.354752 0.329708 
0.440679 0.500000 0.299108 0.354752 0.329708 
0.440679 0.500000 0.299108 0.354752 0.329708 
0.440679 0.500000 0.299108 0.354752 0.329708 
0.440679 0.500000 0.299108 0.354752 0.329708 
0.440679 0.500000 0.299108 0.354752 0.329708 
0.440679 0.500000 0.299108 0.354752 0.329708 
0.440679 0.500000 0.299108 0.354752 0.329708 
0.440679 0.500000 0.299108 0.354752 0.329708 
0.440679 0.500000 0.299108 0.354752 0.329708 
0.440679 0.500000 0.299108 0.354752 0.329708 
0.440679 0.500000 0.299108 0.354752 0.329708 
0.440679 0.500000 0.299108 0.354752 0.329708 
0.440679 0.500000 0.299108 0.354752 0.329708 
0.440679 0.500000 0.299108 0.354752 0.329708 
0.440679 0.500000 0.299108 0.354752 0.329708 
0.440679 0.500000 0.299108 0.354752 0.329708 
0.440679 0.500000 0.299108 0.354752 0.329708 
0.440679 0.500000 0.299108 0.354752 0.329708 
0.440679 0.500000 0.299108 0.354752 0.329708 
0.440679 0.500000 0.299108 0.354752 0.329708 
0.440679 0.500000 0.299108 0.354752 0.329708 
0.440679 0.500000 0.299108 0.354752 0.329708 
0.440679 0.500000 0.299108 0.354752 0.329708 
0.440679 0.500000 0.299108 0.354752 0.329708 
0.440679 0.500000 0.299108 0.354752 0.329708 
0.440679 0.500000 0.299108 0.354752 0.329708 
0.440679 0.500000 0.299108 0.354752 0.329708 
0.440679 0.500000 0.299108 0.354752 0.329708 
0.440679 0.500000 0.299108 0.354752 0.329708 
0.440679 0.500000 0.299108 0.354752 0.329708 
0.440679 0.500000 0.299108 0.354752 0.329708 
0.440679 0.500000 0.299108 0.354752 0.329708 
0.440679 0.500000 0.299108 0.354752 0.329708 
0.440679 0.500000 0.299108 0.354752 0.329708 
0.440679 0.500000 0.299108 0.354752 0.329708 
0.440679 0.500000 0.299108 0.354752 0.329708 
0.440679 0.500000 0.299108 0.354752 0.329708 
0.440679 0.500000 0.299108 0.354752 0.329708 
0.440679 0.500000 0.299108 0.354752 0.329708 
0.440679 0.500000 0.299108 0.354752 0.329708 
0.440679 0.500000 0.299108 0.354752 0.329708 
0.440679 0.500000 0.299108 0.354752 0.329708 
0.440679 0.500000 0.299108 0.354752 0.329708 
0.440679 0.500000 0.299108 0.354752 0.329708 
0.440679 0.500000 0.299108 0.354752 0.329708 
0.440679 0.500000 0.299108 0.354752 0.329708 
0.440679 0.500000 0.299108 0.354752 0.329708 
0.440679 0.500000 0.299108 0.354752 0.329708 
0.440679 0.500000 0.299108 0.354752 0.329708 
0.440679 0.500000 0.299108 0.354752 0.329708 
0.440679 0.500000 0.299108 0.354752 0.329708 
0.440679 0.500000 0.299108 0.354752 0.329708 
0.440679 0.500000 0.299108 0.354752 0.329708 
0.440679 0.500000 0.299108 0.354752 0.329708 
0.440679 0.500000 0.299108 0.354752 0.329708 
0.440679 0.500000 0.299108 0.354752 0.329708 
0.440679 0.500000 0.299108 0.354752 0.329708 
0.440679 0.500000 0.299108 0.354752 0.329708 
0.440679 0.500000 0.299108 0.354752 0.329708 
0.440679 0.500000 0.299108 0.354752 0.329708 
0.440679 0.500000 0.299108 0.354752 0.329708 
0.440679 0.500000 0.299108 0.354752 0.329708 
0.440679 0.500000 0.299108 0.354752 0.329708 
0.440679 0.500000 0.299108 0.354752 0.329708 
0.440679 0.500000 0.299108 0.354752 0.329708 
0.440679 0.500000 0.299108 0.354752 0.329708 
0.440679 0.500000 0.299108 0.354752 0.329708 
0.440679 0.500000 0.299108 0.354752 0.329708 
0.440679 0.500000 0.299108 0.354752 0.329708 
0.440679 0.500000 0.299108 0.354752 0.329708 
0.440679 0.500000 0.299108 0.354752 0.329708 
0.440679 0.268941 0.268941 0.500000 0.500000 
0.440679 0.381019 0.240693 0.368680 0.500000 
0.440679 0.452445 0.264619 0.381925 0.323582 
0.440679 0.481583 0.276708 0.370695 0.317811 
0.440679 0.492670 0.284147 0.365072 0.322700 
0.440679 0.497005 0.287731 0.361631 0.325163 
0.440679 0.498758 0.289433 0.359977 0.326675 
0.440679 0.499481 0.290207 0.359193 0.327403 
0.440679 0.499782 0.290554 0.358837 0.327748 
0.440679 0.499909 0.290708 0.358677 0.327905 
0.440679 0.499962 0.290775 0.358607 0.327976 
0.440679 0.499984 0.290805 0.358576 0.328007 
0.440679 0.499993 0.290818 0.358562 0.328021 
0.440679 0.499997 0.290823 0.358556 0.328026 
0.440679 0.499999 0.290825 0.358554 0.328029 
0.440679 0.499999 0.290826 0.358553 0.328030 
0.440679 0.500000 0.290827 0.358552 0.328031 
0.440679 0.500000 0.290827 0.358552 0.328031 
0.440679 0.500000 0.290827 0.358552 0.328031 
0.440679 0.500000 0.290827 0.358552 0.328031 
0.440679 0.500000 0.290827 0.358552 0.328031 
0.440679 0.500000 0.290827 0.358552 0.328031 
0.440679 0.500000 0.290827 0.358552 0.328031 
0.440679 0.500000 0.290827 0.358552 0.328031 
0.440679 0.500000 0.290827 0.358552 0.328031 
0.440679 0.500000 0.290827 0.358552 0.328031 
0.440679 0.500000 0.290827 0.358552 0.328031 
0.440679 0.500000 0.290827 0.358552 0.328031 
0.440679 0.500000 0.290827 0.358552 0.328031 
0.440679 0.500000 0.290827 0.358552 0.328031 
0.440679 0.500000 0.290827 0.358552 0.328031 
0.440679 0.500000 0.290827 0.358552 0.328031 
0.440679 0.500000 0.290827 0.358552 0.328031 
0.440679 0.500000 0.290827 0.358552 0.328031 
0.440679 0.500000 0.290827 0.358552 0.328031 
0.440679 0.500000 0.290827 0.358552 0.328031 
0.440679 0.500000 0.290827 0.358552 0.328031 
0.440679 0.500000 0.290827 0.358552 0.328031 
0.440679 0.500000 0.290827 0.358552 0.328031 
0.440679 0.500000 0.290827 0.358552 0.328031 
0.440679 0.500000 0.290827 0.358552 0.328031 
0.440679 0.500000 0.290827 0.358552 0.328031 
0.440679 0.500000 0.290827 0.358552 0.328031 
0.440679 0.500000 0.290827 0.358552 0.328031 
0.440679 0.500000 0.290827 0.358552 0.328031 
0.440679 0.500000 0.290827 0.358552 0.328031 
0.440679 0.500000 0.290827 0.358552 0.328031 
0.440679 0.500000 0.290827 0.358552 0.328031 
0.440679 0.500000 0.290827 0.358552 0.328031 
0.440679 0.500000 0.290827 0.358552 0.328031 
0.440679 0.500000 0.290827 0.358552 0.328031 
0.440679 0.500000 0.290827 0.358552 0.328031 
0.440679 0.500000 0.290827 0.358552 0.328031 
0.440679 0.500000 0.290827 0.358552 0.328031 
0.440679 0.500000 0.290827 0.358552 0.328031 
0.440679 0.500000 0.290827 0.358552 0.328031 
0.440679 0.500000 0.290827 0.358552 0.328031 
0.440679 0.500000 0.290827 0.358552 0.328031 
0.440679 0.500000 0.290827 0.358552 0.328031 
0.440679 0.500000 0.290827 0.358552 0.328031 
0.440679 0.500000 0.290827 0.358552 0.328031 
0.440679 0.500000 0.290827 0.358552 0.328031 
0.440679 0.500000 0.290827 0.358552 0.328031 
0.440679 0.500000 0.290827 0.358552 0.328031 
0.440679 0.500000 0.290827 0.358552 0.328031 
0.440679 0.500000 0.290827 0.358552 0.328031 
0.440679 0.500000 0.290827 0.358552 0.328031 
0.440679 0.500000 0.290827 0.358552 0.328031 
0.440679 0.500000 0.290827 0.358552 0.328031 
0.440679 0.500000 0.290827 0.358552 0.328031 
0.440679 0.500000 0.290827 0.358552 0.328031 
0.440679 0.500000 0.290827 0.358552 0.328031 
0.440679 0.500000 0.290827 0.358552 0.328031 
0.440679 0.500000 0.290827 0.358552 0.328031 
0.440679 0.500000 0.290827 0.358552 0.328031 
0.440679 0.500000 0.290827 0.358552 0.328031 
0.440679 0.500000 0.290827 0.358552 0.328031 
0.440679 0.500000 0.290827 0.358552 0.328031 
0.440679 0.500000 0.290827 0.358552 0.328031 
0.440679 0.500000 0.290827 0.358552 0.328031 
0.440679 0.500000 0.290827 0.358552 0.328031 
0.440679 0.500000 0.290827 0.358552 0.328031 
0.440679 0.500000 0.290827 0.358552 0.328031 
0.440679 0.500000 0.290827 0.358552 0.328031 
0.440679 0.500000 0.290827 0.358552 0.328031 
0.440679 0.500000 0.290827 0.358552 0.328031 
0.440679 0.500000 0.290827 0.358552 0.328031 
0.440679 0.500000 0.290827 0.358552 0.328031 
0.440679 0.500000 0.290827 0.358552 0.328031 
0.440679 0.500000 0.290827 0.358552 0.328031 
0.440679 0.500000 0.290827 0.358552 0.328031 
0.440679 0.500000 0.290827 0.358552 0.328031 
0.440679 0.500000 0.290827 0.358552 0.328031 
0.440679 0.500000 0.290827 0.358552 0.328031 
0.440679 0.500000 0.290827 0.358552 0.328031 
0.440679 0.500000 0.290827 0.358552 0.328031 
0.440679 0.500000 0.290827 0.358552 0.328031 
0.440679 0.500000 0.290827 0.358552 0.328031 
0.440679 0.500000 0.290827 0.358552 0.328031 
0.440679 0.500000 0.290827 0.358552 0.328031 
0.440679 0.268941 0.268941 0.500000 0.500000 
0.440679 0.226745 0.240693 0.368680 0.500000 
0.440679 0.177549 0.223038 0.381925 0.323582 
0.440679 0.500000 0.500000 0.390294 0.317811 
0.440679 0.500000 0.500000 0.500000 0.314193 
0.440679 0.500000 0.500000 0.500000 0.500000 
0.440679 0.167949 0.500000 0.500000 0.500000 
0.440679 0.179680 0.500000 0.500000 0.500000 
0.440679 0.193709 0.500000 0.500000 0.500000 
0.440679 0.210184 0.500000 0.500000 0.500000 
0.440679 0.229105 0.500000 0.500000 0.500000 
0.440679 0.250267 0.500000 0.500000 0.500000 
0.440679 0.273230 0.500000 0.500000 0.500000 
0.440679 0.297336 0.500000 0.500000 0.500000 
0.440679 0.321781 0.500000 0.500000 0.500000 
0.440679 0.345724 0.500000 0.500000 0.500000 
0.440679 0.368409 0.500000 0.500000 0.500000 
0.440679 0.389251 0.500000 0.500000 0.500000 
0.440679 0.407885 0.500000 0.500000 0.500000 
0.440679 0.424154 0.500000 0.500000 0.500000 
0.440679 0.438079 0.500000 0.500000 0.500000 
0.440679 0.449801 0.500000 0.500000 0.500000 
0.440679 0.459538 0.500000 0.500000 0.500000 
0.440679 0.467537 0.500000 0.500000 0.500000 
0.440679 0.474052 0.500000 0.500000 0.500000 
0.440679 0.479322 0.500000 0.500000 0.500000 
0.440679 0.483560 0.500000 0.500000 0.500000 
0.440679 0.486955 0.500000 0.500000 0.500000 
0.440679 0.489664 0.500000 0.500000 0.500000 
0.440679 0.491820 0.500000 0.500000 0.500000 
0.440679 0.493532 0.500000 0.500000 0.500000 
0.440679 0.494890 0.500000 0.500000 0.500000 
0.440679 0.495965 0.500000 0.500000 0.500000 
0.440679 0.496816 0.500000 0.500000 0.500000 
0.440679 0.497488 0.500000 0.500000 0.500000 
0.440679 0.498018 0.500000 0.500000 0.500000 
0.440679 0.498437 0.500000 0.500000 0.500000 
0.440679 0.498768 0.500000 0.500000 0.500000 
0.440679 0.499029 0.500000 0.500000 0.500000 
0.440679 0.499235 0.500000 0.500000 0.500000 
0.440679 0.499397 0.500000 0.500000 0.500000 
0.440679 0.499525 0.500000 0.500000 0.500000 
0.440679 0.499625 0.500000 0.500000 0.500000 
0.440679 0.499705 0.500000 0.500000 0.500000 
0.440679 0.499767 0.500000 0.500000 0.500000 
0.440679 0.499817 0.500000 0.500000 0.500000 
0.440679 0.499856 0.500000 0.500000 0.500000 
0.440679 0.499886 0.500000 0.500000 0.500000 
0.440679 0.499910 0.500000 0.500000 0.500000 
0.440679 0.499929 0.500000 0.500000 0.500000 
0.440679 0.499944 0.500000 0.500000 0.500000 
0.440679 0.499956 0.500000 0.500000 0.500000 
0.440679 0.499965 0.500000 0.500000 0.500000 
0.440679 0.499973 0.500000 0.500000 0.500000 
0.440679 0.499979 0.500000 0.500000 0.500000 
0.440679 0.499983 0.500000 0.500000 0.500000 
0.440679 0.499987 0.500000 0.500000 0.500000 
0.440679 0.499990 0.500000 0.500000 0.500000 
0.440679 0.499992 0.500000 0.500000 0.500000 
0.440679 0.499993 0.500000 0.500000 0.500000 
0.440679 0.499995 0.500000 0.500000 0.500000 
0.440679 0.499996 0.500000 0.500000 0.500000 
0.440679 0.499997 0.500000 0.500000 0.500000 
0.440679 0.499997 0.500000 0.500000 0.500000 
0.440679 0.499998 0.500000 0.500000 0.500000 
0.440679 0.499998 0.500000 0.500000 0.500000 
0.440679 0.499999 0.500000 0.500000 0.500000 
0.440679 0.499999 0.500000 0.500000 0.500000 
0.440679 0.499999 0.500000 0.500000 0.500000 
0.440679 0.499999 0.500000 0.500000 0.500000 
0.440679 0.500000 0.500000 0.500000 0.500000 
0.440679 0.500000 0.500000 0.500000 0.500000 
0.440679 0.500000 0.500000 0.500000 0.500000 
0.440679 0.500000 0.500000 0.500000 0.500000 
0.440679 0.500000 0.500000 0.500000 0.500000 
0.440679 0.500000 0.500000 0.500000 0.500000 
0.440679 0.500000 0.500000 0.500000 0.500000 
0.440679 0.500000 0.500000 0.500000 0.500000 
0.440679 0.500000 0.500000 0.500000 0.500000 
0.440679 0.500000 0.500000 0.500000 0.500000 
0.440679 0.500000 0.500000 0.500000 0.500000 
0.440679 0.500000 0.500000 0.500000 0.500000 
0.440679 0.500000 0.500000 0.500000 0.500000 
0.440679 0.500000 0.500000 0.500000 0.500000 
0.440679 0.500000 0.500000 0.500000 0.500000 
0.440679 0.500000 0.500000 0.500000 0.500000 
0.440679 0.500000 0.500000 0.500000 0.500000 
0.440679 0.500000 0.500000 0.500000 0.500000 
0.440679 0.500000 0.500000 0.500000 0.500000 
0.440679 0.500000 0.500000 0.500000 0.500000 
0.440679 0.500000 0.500000 0.500000 0.500000 
0.440679 0.500000 0.500000 0.500000 0.500000 
0.440679 0.500000 0.500000 0.500000 0.500000 
0.440679 0.500000 0.500000 0.500000 0.500000 
0.440679 0.500000 0.500000 0.500000 0.500000 
0.440679 0.500000 0.500000 0.500000 0.500000 
0.440679 0.500000 0.500000 0.500000 0.500000 
0.440679 0.500000 0.500000 0.500000 0.500000 
0.440679 0.500000 0.500000 0.500000 0.500000 
0.440679 0.500000 0.500000 0.500000 0.500000 
0.440679 0.268941 0.268941 0.500000 0.500000 
0.440679 0.226745 0.240693 0.368680 0.500000 
0.440679 0.177549 0.240990 0.381925 0.323582 
0.440679 0.500000 0.231558 0.381784 0.317811 
0.440679 0.500000 0.271233 0.386247 0.317872 
0.440679 0.500000 0.283498 0.367614 0.315940 
0.440679 0.500000 0.289645 0.361930 0.324048 
0.440679 0.500000 0.292248 0.359096 0.326543 
0.440679 0.500000 0.293407 0.357899 0.327791 
0.440679 0.500000 0.293914 0.357366 0.328319 
0.440679 0.500000 0.294137 0.357133 0.328554 
0.440679 0.500000 0.294235 0.357031 0.328657 
0.440679 0.500000 0.294279 0.356986 0.328702 
0.440679 0.500000 0.294298 0.356966 0.328722 
0.440679 0.500000 0.294306 0.356957 0.328731 
0.440679 0.500000 0.294310 0.356953 0.328734 
0.440679 0.500000 0.294311 0.356952 0.328736 
0.440679 0.500000 0.294312 0.356951 0.328737 
0.440679 0.500000 0.294312 0.356951 0.328737 
0.440679 0.500000 0.294312 0.356951 0.328737 
0.440679 0.500000 0.294312 0.356950 0.328737 
0.440679 0.500000 0.294312 0.356950 0.328737 
0.440679 0.500000 0.294312 0.356950 0.328737 
0.440679 0.500000 0.294312 0.356950 0.328737 
0.440679 0.500000 0.294312 0.356950 0.328737 
0.440679 0.500000 0.294312 0.356950 0.328737 
0.440679 0.500000 0.294312 0.356950 0.328737 
0.440679 0.500000 0.294312 0.356950 0.328737 
0.440679 0.500000 0.294312 0.356950 0.328737 
0.440679 0.500000 0.294312 0.356950 0.328737 
0.440679 0.500000 0.294312 0.356950 0.328737 
0.440679 0.500000 0.294312 0.356950 0.328737 
0.440679 0.500000 0.294312 0.356950 0.328737 
0.440679 0.500000 0.294312 0.356950 0.328737 
0.440679 0.500000 0.294312 0.356950 0.328737 
0.440679 0.500000 0.294312 0.356950 0.328737 
0.440679 0.500000 0.294312 0.356950 0.328737 
0.440679 0.500000 0.294312 0.356950 0.328737 
0.440679 0.500000 0.294312 0.356950 0.328737 
0.440679 0.500000 0.294312 0.356950 0.328737 
0.440679 0.500000 0.294312 0.356950 0.328737 
0.440679 0.500000 0.294312 0.356950 0.328737 
0.440679 0.500000 0.294312 0.356950 0.328737 
0.440679 0.500000 0.294312 0.356950 0.328737 
0.440679 0.500000 0.294312 0.356950 0.328737 
0.440679 0.500000 0.294312 0.356950 0.328737 
0.440679 0.500000 0.294312 0.356950 0.328737 
0.440679 0.500000 0.294312 0.356950 0.328737 
0.440679 0.500000 0.294312 0.356950 0.328737 
0.440679 0.500000 0.294312 0.356950 0.328737 
0.440679 0.500000 0.294312 0.356950 0.328737 
0.440679 0.500000 0.294312 0.356950 0.328737 
0.440679 0.500000 0.294312 0.356950 0.328737 
0.440679 0.500000 0.294312 0.356950 0.328737 
0.440679 0.500000 0.294312 0.356950 0.328737 
0.440679 0.500000 0.294312 0.356950 0.328737 
0.440679 0.500000 0.294312 0.356950 0.328737 
0.440679 0.500000 0.294312 0.356950 0.328737 
0.440679 0.500000 0.294312 0.356950 0.328737 
0.440679 0.500000 0.294312 0.356950 0.328737 
0.440679 0.500000 0.294312 0.356950 0.328737 
0.440679 0.500000 0.294312 0.356950 0.328737 
0.440679 0.500000 0.294312 0.356950 0.328737 
0.440679 0.500000 0.294312 0.356950 0.328737 
0.440679 0.500000 0.294312 0.356950 0.328737 
0.440679 0.500000 0.294312 0.356950 0.328737 
0.440679 0.500000 0.294312 0.356950 0.328737 
0.440679 0.500000 0.294312 0.356950 0.328737 
0.440679 0.500000 0.294312 0.356950 0.328737 
0.440679 0.500000 0.294312 0.356950 0.328737 
0.440679 0.500000 0.294312 0.356950 0.328737 
0.440679 0.500000 0.294312 0.356950 0.328737 
0.440679 0.500000 0.294312 0.356950 0.328737 
0.440679 0.500000 0.294312 0.356950 0.328737 
0.440679 0.500000 0.294312 0.356950 0.328737 
0.440679 0.500000 0.294312 0.356950 0.328737 
0.440679 0.500000 0.294312 0.356950 0.328737 
0.440679 0.500000 0.294312 0.356950 0.328737 
0.440679 0.500000 0.294312 0.356950 0.328737 
0.440679 0.500000 0.294312 0.356950 0.328737 
0.440679 0.500000 0.294312 0.356950 0.328737 
0.440679 0.500000 0.294312 0.356950 0.328737 
0.440679 0.500000 0.294312 0.356950 0.328737 
0.440679 0.500000 0.294312 0.356950 0.328737 
0.440679 0.500000 0.294312 0.356950 0.328737 
0.440679 0.500000 0.294312 0.356950 0.328737 
0.440679 0.500000 0.294312 0.356950 0.328737 
0.440679 0.500000 0.294312 0.356950 0.328737 
0.440679 0.500000 0.294312 0.356950 0.328737 
0.440679 0.500000 0.294312 0.356950 0.328737 
0.440679 0.500000 0.294312 0.356950 0.328737 
0.440679 0.500000 0.294312 0.356950 0.328737 
0.440679 0.500000 0.294312 0.356950 0.328737 
0.440679 0.500000 0.294312 0.356950 0.328737 
0.440679 0.500000 0.294312 0.356950 0.328737 
0.440679 0.500000 0.294312 0.356950 0.328737 
0.440679 0.500000 0.294312 0.356950 0.328737 
0.440679 0.500000 0.294312 0.356950 0.328737 
0.440679 0.500000 0.294312 0.356950 0.328737 
0.440679 0.500000 0.294312 0.356950 0.328737 
0.440679 0.268941 0.268941 0.500000 0.500000 
0.440679 0.226745 0.240693 0.368680 0.500000 
0.440679 0.177549 0.249184 0.381925 0.323582 
0.440679 0.500000 0.239312 0.377924 0.317811 
0.440679 0.500000 0.283862 0.382577 0.319548 
0.440679 0.500000 0.283264 0.361762 0.317528 
0.440679 0.500000 0.285968 0.362038 0.326617 
0.440679 0.500000 0.285932 0.360790 0.326496 
0.440679 0.500000 0.286096 0.360807 0.327045 
0.440679 0.500000 0.286094 0.360731 0.327038 
0.440679 0.500000 0.286104 0.360732 0.327071 
0.440679 0.500000 0.286104 0.360727 0.327071 
0.440679 0.500000 0.286105 0.360727 0.327073 
0.440679 0.500000 0.286105 0.360727 0.327073 
0.440679 0.500000 0.286105 0.360727 0.327073 
0.440679 0.500000 0.286105 0.360727 0.327073 
0.440679 0.500000 0.286105 0.360727 0.327073 
0.440679 0.500000 0.286105 0.360727 0.327073 
0.440679 0.500000 0.286105 0.360727 0.327073 
0.440679 0.500000 0.286105 0.360727 0.327073 
0.440679 0.500000 0.286105 0.360727 0.327073 
0.440679 0.500000 0.286105 0.360727 0.327073 
0.440679 0.500000 0.286105 0.360727 0.327073 
0.440679 0.500000 0.286105 0.360727 0.327073 
0.440679 0.500000 0.286105 0.360727 0.327073 
0.440679 0.500000 0.286105 0.360727 0.327073 
0.440679 0.500000 0.286105 0.360727 0.327073 
0.440679 0.500000 0.286105 0.360727 0.327073 
0.440679 0.500000 0.286105 0.360727 0.327073 
0.440679 0.500000 0.286105 0.360727 0.327073 
0.440679 0.500000 0.286105 0.360727 0.327073 
0.440679 0.500000 0.286105 0.360727 0.327073 
0.440679 0.500000 0.286105 0.360727 0.327073 
0.440679 0.500000 0.286105 0.360727 0.327073 
0.440679 0.500000 0.286105 0.360727 0.327073 
0.440679 0.500000 0.286105 0.360727 0.327073 
0.440679 0.500000 0.286105 0.360727 0.327073 
0.440679 0.500000 0.286105 0.360727 0.327073 
0.440679 0.500000 0.286105 0.360727 0.327073 
0.440679 0.500000 0.286105 0.360727 0.327073 
0.440679 0.500000 0.286105 0.360727 0.327073 
0.440679 0.500000 0.286105 0.360727 0.327073 
0.440679 0.500000 0.286105 0.360727 0.327073 
0.440679 0.500000 0.286105 0.360727 0.327073 
0.440679 0.500000 0.286105 0.360727 0.327073 
0.440679 0.500000 0.286105 0.360727 0.327073 
0.440679 0.500000 0.286105 0.360727 0.327073 
0.440679 0.500000 0.286105 0.360727 0.327073 
0.440679 0.500000 0.286105 0.360727 0.327073 
0.440679 0.500000 0.286105 0.360727 0.327073 
0.440679 0.500000 0.286105 0.360727 0.327073 
0.440679 0.500000 0.286105 0.360727 0.327073 
0.440679 0.500000 0.286105 0.360727 0.327073 
0.440679 0.500000 0.286105 0.360727 0.327073 
0.440679 0.500000 0.286105 0.360727 0.327073 
0.440679 0.500000 0.286105 0.360727 0.327073 
0.440679 0.500000 0.286105 0.360727 0.327073 
0.440679 0.500000 0.286105 0.360727 0.327073 
0.440679 0.500000 0.286105 0.360727 0.327073 
0.440679 0.500000 0.286105 0.360727 0.327073 
0.440679 0.500000 0.286105 0.360727 0.327073 
0.440679 0.500000 0.286105 0.360727 0.327073 
0.440679 0.500000 0.286105 0.360727 0.327073 
0.440679 0.500000 0.286105 0.360727 0.327073 
0.440679 0.500000 0.286105 0.360727 0.327073 
0.440679 0.500000 0.286105 0.360727 0.327073 
0.440679 0.500000 0.286105 0.360727 0.327073 
0.440679 0.500000 0.286105 0.360727 0.327073 
0.440679 0.500000 0.286105 0.360727 0.327073 
0.440679 0.500000 0.286105 0.360727 0.327073 
0.440679 0.500000 0.286105 0.360727 0.327073 
0.440679 0.500000 0.286105 0.360727 0.327073 
0.440679 0.500000 0.286105 0.360727 0.327073 
0.440679 0.500000 0.286105 0.360727 0.327073 
0.440679 0.500000 0.286105 0.360727 0.327073 
0.440679 0.500000 0.286105 0.360727 0.327073 
0.440679 0.500000 0.286105 0.360727 0.327073 
0.440679 0.500000 0.286105 0.360727 0.327073 
0.440679 0.500000 0.286105 0.360727 0.327073 
0.440679 0.500000 0.286105 0.360727 0.327073 
0.440679 0.500000 0.286105 0.360727 0.327073 
0.440679 0.500000 0.286105 0.360727 0.327073 
0.440679 0.500000 0.286105 0.360727 0.327073 
0.440679 0.500000 0.286105 0.360727 0.327073 
0.440679 0.500000 0.286105 0.360727 0.327073 
0.440679 0.500000 0.286105 0.360727 0.327073 
0.440679 0.500000 0.286105 0.360727 0.327073 
0.440679 0.500000 0.286105 0.360727 0.327073 
0.440679 0.500000 0.286105 0.360727 0.327073 
0.440679 0.500000 0.286105 0.360727 0.327073 
0.440679 0.500000 0.286105 0.360727 0.327073 
0.440679 0.500000 0.286105 0.360727 0.327073 
0.440679 0.500000 0.286105 0.360727 0.327073 
0.440679 0.500000 0.286105 0.360727 0.327073 
0.440679 0.500000 0.286105 0.360727 0.327073 
0.440679 0.500000 0.286105 0.360727 0.327073 
0.440679 0.500000 0.286105 0.360727 0.327073 
0.440679 0.500000 0.286105 0.360727 0.327073 
0.440679 0.500000 0.286105 0.360727 0.327073 
0.440679 0.500000 0.286105 0.360727 0.327073 
0.440679 0.268941 0.268941 0.500000 0.500000 
0.440679 0.226745 0.240693 0.368680 0.500000 
0.440679 0.182546 0.238323 0.381925 0.323582 
0.440679 0.159352 0.228885 0.383045 0.317811 
0.440679 0.500000 0.221126 0.387515 0.317326 
0.440679 0.500000 0.261655 0.391205 0.315392 
0.440679 0.500000 0.279153 0.372078 0.313801 
0.440679 0.500000 0.288789 0.363940 0.322096 
0.440679 0.500000 0.293746 0.359490 0.325660 
0.440679 0.500000 0.296327 0.357210 0.327618 
0.440679 0.500000 0.297665 0.356026 0.328623 
0.440679 0.500000 0.298360 0.355413 0.329146 
0.440679 0.500000 0.298720 0.355095 0.329416 
0.440679 0.500000 0.298906 0.354930 0.329557 
0.440679 0.500000 0.299003 0.354844 0.329630 
0.440679 0.500000 0.299053 0.354800 0.329668 
0.440679 0.500000 0.299079 0.354777 0.329687 
0.440679 0.500000 0.299093 0.354765 0.329697 
0.440679 0.500000 0.299100 0.354759 0.329703 
0.440679 0.500000 0.299104 0.354756 0.329705 
0.440679 0.500000 0.299106 0.354754 0.329707 
0.440679 0.500000 0.299106 0.354753 0.329708 
0.440679 0.500000 0.299107 0.354753 0.329708 
0.440679 0.500000 0.299107 0.354752 0.329708 
0.440679 0.500000 0.299107 0.354752 0.329708 
0.440679 0.500000 0.299107 0.354752 0.329708 
0.440679 0.500000 0.299107 0.354752 0.329708 
0.440679 0.500000 0.299108 0.354752 0.329708 
0.440679 0.500000 0.299108 0.354752 0.329708 
0.440679 0.500000 0.299108 0.354752 0.329708 
0.440679 0.500000 0.299108 0.354752 0.329708 
0.440679 0.500000 0.299108 0.354752 0.329708 
0.440679 0.500000 0.299108 0.354752 0.329708 
0.440679 0.500000 0.299108 0.354752 0.329708 
0.440679 0.500000 0.299108 0.354752 0.329708 
0.440679 0.500000 0.299108 0.354752 0.329708 
0.440679 0.500000 0.299108 0.354752 0.329708 
0.440679 0.500000 0.299108 0.354752 0.329708 
0.440679 0.500000 0.299108 0.354752 0.329708 
0.440679 0.500000 0.299108 0.354752 0.329708 
0.440679 0.500000 0.299108 0.354752 0.329708 
0.440679 0.500000 0.299108 0.354752 0.329708 
0.440679 0.500000 0.299108 0.354752 0.329708 
0.440679 0.500000 0.299108 0.354752 0.329708 
0.440679 0.500000 0.299108 0.354752 0.329708 
0.440679 0.500000 0.299108 0.354752 0.329708 
0.440679 0.500000 0.299108 0.354752 0.329708 
0.440679 0.500000 0.299108 0.354752 0.329708 
0.440679 0.500000 0.299108 0.354752 0.329708 
0.440679 0.500000 0.299108 0.354752 0.329708 
0.440679 0.500000 0.299108 0.354752 0.329708 
0.440679 0.500000 0.299108 0.354752 0.329708 
0.440679 0.500000 0.299108 0.354752 0.329708 
0.440679 0.500000 0.299108 0.354752 0.329708 
0.440679 0.500000 0.299108 0.354752 0.329708 
0.440679 0.500000 0.299108 0.354752 0.329708 
0.440679 0.500000 0.299108 0.354752 0.329708 
0.440679 0.500000 0.299108 0.354752 0.329708 
0.440679 0.500000 0.299108 0.354752 0.329708 
0.440679 0.500000 0.299108 0.354752 0.329708 
0.440679 0.500000 0.299108 0.354752 0.329708 
0.440679 0.500000 0.299108 0.354752 0.329708 
0.440679 0.500000 0.299108 0.354752 0.329708 
0.440679 0.500000 0.299108 0.354752 0.329708 
0.440679 0.500000 0.299108 0.354752 0.329708 
0.440679 0.500000 0.299108 0.354752 0.329708 
0.440679 0.500000 0.299108 0.354752 0.329708 
0.440679 0.500000 0.299108 0.354752 0.329708 
0.440679 0.500000 0.299108 0.354752 0.329708 
0.440679 0.500000 0.299108 0.354752 0.329708 
0.440679 0.500000 0.299108 0.354752 0.329708 
0.440679 0.500000 0.299108 0.354752 0.329708 
0.440679 0.500000 0.299108 0.354752 0.329708 
0.440679 0.500000 0.299108 0.354752 0.329708 
0.440679 0.500000 0.299108 0.354752 0.329708 
0.440679 0.500000 0.299108 0.354752 0.329708 
0.440679 0.500000 0.299108 0.354752 0.329708 
0.440679 0.500000 0.299108 0.354752 0.329708 
0.440679 0.500000 0.299108 0.354752 0.329708 
0.440679 0.500000 0.299108 0.354752 0.329708 
0.440679 0.500000 0.299108 0.354752 0.329708 
0.440679 0.500000 0.299108 0.354752 0.329708 
0.440679 0.500000 0.299108 0.354752 0.329708 
0.440679 0.500000 0.299108 0.354752 0.329708 
0.440679 0.500000 0.299108 0.354752 0.329708 
0.440679 0.500000 0.299108 0.354752 0.329708 
0.440679 0.500000 0.299108 0.354752 0.329708 
0.440679 0.500000 0.299108 0.354752 0.329708 
0.440679 0.500000 0.299108 0.354752 0.329708 
0.440679 0.500000 0.299108 0.354752 0.329708 
0.440679 0.500000 0.299108 0.354752 0.329708 
0.440679 0.500000 0.299108 0.354752 0.329708 
0.440679 0.500000 0.299108 0.354752 0.329708 
0.440679 0.500000 0.299108 0.354752 0.329708 
0.440679 0.500000 0.299108 0.354752 0.329708 
0.440679 0.500000 0.299108 0.354752 0.329708 
0.440679 0.500000 0.299108 0.354752 0.329708 
0.440679 0.500000 0.299108 0.354752 0.329708 
0.440679 0.500000 0.299108 0.354752 0.329708 
0.440679 0.500000 0.299108 0.354752 0.329708 
