0.500000 0.440679 0.500000 0.268941 0.268941 0.500000 0.500000 0.500000 0.500000 
0.500000 0.440679 0.500000 0.257399 0.325523 0.500000 0.500000 0.368680 0.500000 
0.500000 0.440679 0.500000 0.247356 0.377653 0.500000 0.500000 0.342754 0.500000 
0.500000 0.440679 0.500000 0.238644 0.418529 0.500000 0.500000 0.319666 0.500000 
0.500000 0.440679 0.500000 0.231094 0.447197 0.500000 0.500000 0.302155 0.500000 
0.500000 0.440679 0.500000 0.224551 0.466042 0.500000 0.500000 0.290204 0.500000 
0.500000 0.440679 0.500000 0.218876 0.478049 0.500000 0.500000 0.282502 0.500000 
0.500000 0.440679 0.500000 0.213947 0.485626 0.500000 0.500000 0.277660 0.500000 
0.500000 0.440679 0.500000 0.209658 0.490421 0.500000 0.500000 0.274631 0.500000 
0.500000 0.440679 0.500000 0.205919 0.493489 0.500000 0.500000 0.272725 0.500000 
0.500000 0.440679 0.500000 0.202651 0.495479 0.500000 0.500000 0.271510 0.500000 
0.500000 0.440679 0.500000 0.199790 0.496794 0.500000 0.500000 0.270723 0.500000 
0.500000 0.440679 0.500000 0.197280 0.497677 0.500000 0.500000 0.270204 0.500000 
0.500000 0.440679 0.500000 0.195073 0.498281 0.500000 0.500000 0.269856 0.500000 
0.500000 0.440679 0.500000 0.193128 0.498703 0.500000 0.500000 0.269618 0.500000 
0.500000 0.440679 0.500000 0.191412 0.499002 0.500000 0.500000 0.269452 0.500000 
0.500000 0.440679 0.500000 0.189895 0.499218 0.500000 0.500000 0.269334 0.500000 
0.500000 0.440679 0.500000 0.188551 0.499376 0.500000 0.500000 0.269249 0.500000 
0.500000 0.440679 0.430798 0.187360 0.499494 0.500000 0.500000 0.269187 0.500000 
0.500000 0.440679 0.434010 0.200460 0.499534 0.500000 0.297006 0.269140 0.500000 
0.500000 0.440679 0.436798 0.213016 0.499544 0.500000 0.295666 0.269125 0.500000 
0.500000 0.440679 0.439223 0.224681 0.499530 0.500000 0.294507 0.269121 0.500000 
0.500000 0.440679 0.441337 0.235253 0.499496 0.500000 0.293500 0.269126 0.500000 
0.500000 0.440679 0.443185 0.244649 0.499442 0.500000 0.292624 0.269140 0.500000 
0.500000 0.440679 0.444802 0.252871 0.499368 0.500000 0.291860 0.269161 0.500000 
0.500000 0.440679 0.446219 0.259977 0.499273 0.500000 0.291192 0.269190 0.500000 
0.500000 0.440679 0.447462 0.266056 0.499155 0.500000 0.290607 0.269228 0.500000 
0.500000 0.440679 0.448553 0.271212 0.499013 0.500000 0.290095 0.269274 0.500000 
0.500000 0.440679 0.449510 0.275551 0.498847 0.500000 0.289646 0.269330 0.500000 
0.500000 0.440679 0.450350 0.279176 0.498655 0.500000 0.289252 0.269395 0.500000 
0.500000 0.440679 0.451085 0.282184 0.498437 0.500000 0.288907 0.269471 0.500000 
0.500000 0.440679 0.451726 0.284663 0.498195 0.500000 0.288605 0.269556 0.500000 
0.500000 0.440679 0.452285 0.286691 0.497930 0.500000 0.288341 0.269652 0.500000 
0.500000 0.440679 0.452770 0.288337 0.497644 0.500000 0.288112 0.269756 0.500000 
0.500000 0.440679 0.453188 0.289661 0.497341 0.500000 0.287913 0.269869 0.500000 
0.500000 0.440679 0.453546 0.290717 0.497024 0.500000 0.287742 0.269988 0.500000 
0.500000 0.440679 0.453850 0.291550 0.496696 0.500000 0.287595 0.270113 0.500000 
0.500000 0.440679 0.454107 0.292201 0.496363 0.500000 0.287471 0.270243 0.500000 
0.500000 0.440679 0.454320 0.292702 0.496027 0.500000 0.287366 0.270374 0.500000 
0.500000 0.440679 0.454494 0.293083 0.495693 0.500000 0.287278 0.270507 0.500000 
0.500000 0.440679 0.454634 0.293369 0.495364 0.500000 0.287207 0.270639 0.500000 
0.500000 0.440679 0.454743 0.293580 0.495043 0.500000 0.287150 0.270768 0.500000 
0.500000 0.440679 0.454826 0.293734 0.494732 0.500000 0.287105 0.270895 0.500000 
0.500000 0.440679 0.454885 0.293845 0.494434 0.500000 0.287071 0.271018 0.500000 
0.500000 0.440679 0.454923 0.293925 0.494150 0.500000 0.287047 0.271136 0.500000 
0.500000 0.440679 0.454944 0.293985 0.493881 0.500000 0.287031 0.271248 0.500000 
0.500000 0.440679 0.454950 0.294033 0.493627 0.500000 0.287023 0.271354 0.500000 
0.500000 0.440679 0.454942 0.294073 0.493389 0.500000 0.287020 0.271455 0.500000 
0.500000 0.440679 0.454924 0.294112 0.493166 0.500000 0.287024 0.271549 0.500000 
0.500000 0.440679 0.454896 0.294153 0.492958 0.500000 0.287031 0.271637 0.500000 
0.500000 0.440679 0.454861 0.294200 0.492764 0.500000 0.287042 0.271719 0.500000 
0.500000 0.440679 0.454820 0.294253 0.492584 0.500000 0.287057 0.271796 0.500000 
0.500000 0.440679 0.454775 0.294314 0.492416 0.500000 0.287073 0.271868 0.500000 
0.500000 0.440679 0.454725 0.294384 0.492259 0.500000 0.287092 0.271934 0.500000 
0.500000 0.440679 0.454673 0.294464 0.492113 0.500000 0.287112 0.271996 0.500000 
0.500000 0.440679 0.454619 0.294552 0.491977 0.500000 0.287134 0.272054 0.500000 
0.500000 0.440679 0.454563 0.294650 0.491849 0.500000 0.287156 0.272108 0.500000 
0.500000 0.440679 0.454506 0.294757 0.491728 0.500000 0.287179 0.272159 0.500000 
0.500000 0.440679 0.454450 0.294871 0.491615 0.500000 0.287202 0.272206 0.500000 
0.500000 0.440679 0.454393 0.294993 0.491508 0.500000 0.287225 0.272251 0.500000 
0.500000 0.440679 0.454336 0.295121 0.491405 0.500000 0.287248 0.272294 0.500000 
0.500000 0.440679 0.454281 0.295255 0.491308 0.500000 0.287271 0.272334 0.500000 
0.500000 0.440679 0.454225 0.295394 0.491215 0.500000 0.287294 0.272373 0.500000 
0.500000 0.440679 0.454171 0.295538 0.491125 0.500000 0.287317 0.272410 0.500000 
0.500000 0.440679 0.454117 0.295685 0.491039 0.500000 0.287339 0.272445 0.500000 
0.500000 0.440679 0.454065 0.295835 0.490955 0.500000 0.287361 0.272480 0.500000 
0.500000 0.440679 0.454014 0.295987 0.490874 0.500000 0.287383 0.272513 0.500000 
0.500000 0.440679 0.453963 0.296141 0.490795 0.500000 0.287404 0.272545 0.500000 
0.500000 0.440679 0.453914 0.296297 0.490718 0.500000 0.287424 0.272576 0.500000 
0.500000 0.440679 0.453866 0.296453 0.490642 0.500000 0.287445 0.272607 0.500000 
0.500000 0.440679 0.453818 0.296609 0.490568 0.500000 0.287464 0.272637 0.500000 
0.500000 0.440679 0.453772 0.296766 0.490495 0.500000 0.287484 0.272666 0.500000 
0.500000 0.440679 0.453727 0.296922 0.490424 0.500000 0.287503 0.272695 0.500000 
0.500000 0.440679 0.453682 0.297078 0.490353 0.500000 0.287521 0.272724 0.500000 
0.500000 0.440679 0.453639 0.297232 0.490284 0.500000 0.287539 0.272752 0.500000 
0.500000 0.440679 0.453596 0.297386 0.490215 0.500000 0.287557 0.272779 0.500000 
0.500000 0.440679 0.453554 0.297538 0.490147 0.500000 0.287575 0.272806 0.500000 
0.500000 0.440679 0.453513 0.297689 0.490080 0.500000 0.287592 0.272833 0.500000 
0.500000 0.440679 0.453472 0.297839 0.490014 0.500000 0.287609 0.272860 0.500000 
0.500000 0.440679 0.453433 0.297987 0.489948 0.500000 0.287625 0.272886 0.500000 
0.500000 0.440679 0.453393 0.298133 0.489883 0.500000 0.287642 0.272912 0.500000 
0.500000 0.440679 0.453355 0.298278 0.489819 0.500000 0.287658 0.272938 0.500000 
0.500000 0.440679 0.453317 0.298421 0.489755 0.500000 0.287674 0.272964 0.500000 
0.500000 0.440679 0.453280 0.298562 0.489692 0.500000 0.287689 0.272989 0.500000 
0.500000 0.440679 0.453243 0.298702 0.489630 0.500000 0.287704 0.273014 0.500000 
0.500000 0.440679 0.453206 0.298839 0.489568 0.500000 0.287720 0.273039 0.500000 
0.500000 0.440679 0.453170 0.298976 0.489506 0.500000 0.287734 0.273063 0.500000 
0.500000 0.440679 0.453135 0.299110 0.489445 0.500000 0.287749 0.273088 0.500000 
0.500000 0.440679 0.453100 0.299242 0.489385 0.500000 0.287764 0.273112 0.500000 
0.500000 0.440679 0.453065 0.299373 0.489325 0.500000 0.287778 0.273136 0.500000 
0.500000 0.440679 0.453031 0.299503 0.489266 0.500000 0.287792 0.273160 0.500000 
0.500000 0.440679 0.452997 0.299630 0.489207 0.500000 0.287806 0.273183 0.500000 
0.500000 0.440679 0.452964 0.299757 0.489149 0.500000 0.287820 0.273207 0.500000 
0.500000 0.440679 0.452931 0.299881 0.489091 0.500000 0.287834 0.273230 0.500000 
0.500000 0.440679 0.452898 0.300004 0.489034 0.500000 0.287847 0.273253 0.500000 
0.500000 0.440679 0.452866 0.300126 0.488977 0.500000 0.287861 0.273275 0.500000 
0.500000 0.440679 0.452834 0.300246 0.488921 0.500000 0.287874 0.273298 0.500000 
0.500000 0.440679 0.452802 0.300365 0.488865 0.500000 0.287887 0.273320 0.500000 
0.500000 0.440679 0.452771 0.300482 0.488810 0.500000 0.287900 0.273342 0.500000 
0.500000 0.440679 0.452739 0.300598 0.488755 0.500000 0.287913 0.273364 0.500000 
