numberOfInputs 2
numberOfOutputs 1
numberOfInterNeurons 2
networkDimension 5
networkActivations
0.000000 0.000000 0.000000 0.000000 0.000000 
networkOutputs
0.000000 0.000000 0.000000 0.000000 0.000000 
neuronThreshold
0.000000 0.000000 0.000000 0.000000 0.000000 
neuronLearningRate
0.000000 0.000000 0.000000 0.000000 0.000000 
neuronRefactoryState
13741666551077331000000000000000000000000000000000000000000000000000000000000000000000000000000000000000000000000000000000000000000000000000000000000000000000000000000000000000000000000000000000000000000000000000000000000000000000000000000000000000000000000000000000.000000 13741666551077331000000000000000000000000000000000000000000000000000000000000000000000000000000000000000000000000000000000000000000000000000000000000000000000000000000000000000000000000000000000000000000000000000000000000000000000000000000000000000000000000000000000.000000 13741666551077331000000000000000000000000000000000000000000000000000000000000000000000000000000000000000000000000000000000000000000000000000000000000000000000000000000000000000000000000000000000000000000000000000000000000000000000000000000000000000000000000000000000.000000 13741666551077331000000000000000000000000000000000000000000000000000000000000000000000000000000000000000000000000000000000000000000000000000000000000000000000000000000000000000000000000000000000000000000000000000000000000000000000000000000000000000000000000000000000.000000 13741666551077331000000000000000000000000000000000000000000000000000000000000000000000000000000000000000000000000000000000000000000000000000000000000000000000000000000000000000000000000000000000000000000000000000000000000000000000000000000000000000000000000000000000.000000 
neuronWeightTotal
1.000000 1.000000 1.000000 1.000000 1.000000 
networkweights
0.200000 0.200000 0.200000 0.200000 0.200000 
0.200000 0.200000 0.200000 0.200000 0.200000 
0.200000 0.200000 0.200000 0.200000 0.200000 
0.200000 0.200000 0.200000 0.200000 0.200000 
0.200000 0.200000 0.200000 0.200000 0.200000 

networkinputs
0.000000 0.000000 
networkoutputs
0.000000 
networkplasticweightsmask
0 0 0 0 0 
0 0 0 0 0 
0 0 0 0 0 
0 0 0 0 0 
0 0 0 0 0 

